30 60 90
0,620797870757857 0,619692363406216 0,618749459724111 
0,616339216925812 0,623115489770704 0,617249678263072 0,622749038048383 0,620083150149213 0,61870207609855 0,620553251798047 0,61699663273701 0,620291624018382 
0,614885056259972 0,616957222665327 0,625678244521865 0,619618015225008 0,616129774122783 0,623960670732174 0,626096373064698 0,620749347199599 0,616556899240578 0,620239561751752 0,623461372183492 0,616356050439826 0,614932250406476 0,619286984914737 0,618975669823499 
0,613733436265292 0,612468953954831 0,62023514804541 0,628379963098595 0,62363019710341 0,614698371752418 0,616027645917249 0,625123756289454 0,629694996540735 0,627974895353503 0,621651616062934 0,616265587930904 0,615733838642925 0,621724627897869 0,625580048361805 0,619386796699274 0,613696622896427 0,612648164371727 0,616112705186211 0,619541344107262 0,61695341285845 
0,612373919744506 0,609434709466512 0,613700056476787 0,624088966872222 0,631120981372334 0,626979560060271 0,616618330800826 0,611531170957392 0,616414097195047 0,626557673510078 0,632692739939884 0,632979018837254 0,629459946795166 0,622734949920556 0,616996845159278 0,614648325972148 0,615664767294334 0,622736078345561 0,62690387453339 0,623244361010883 0,616688877060426 0,611734964368686 0,61024034041241 0,612932080232156 0,617092283219698 0,618508671031236 0,614736144810433 
0,61051718887488 0,606938785272696 0,609272142299758 0,618241170363181 0,629754547765273 0,6343110154626 0,628716945638015 0,617751116552082 0,610216154773379 0,611286294292917 0,620126239560854 0,631586954524497 0,637289275436057 0,637372015894897 0,634225949593858 0,627296703855169 0,621550806944885 0,615383331541452 0,613556302960003 0,614107854757346 0,620449038778762 0,627022649847238 0,627275523866324 0,621518504145271 0,615554184647586 0,610310202071258 0,607328382768159 0,60869344946887 0,612581084580938 0,616650825837251 0,616530257725984 0,612348771305328 
0,608560113841406 0,596239061075906 0,601953159807763 0,612235740317171 0,624048024153748 0,63499056743156 0,636995163647798 0,630281676043424 0,619211967004183 0,609597655827685 0,607439493402342 0,614239163913933 0,626167802506021 0,636895570128868 0,641886820418065 0,641699393082973 0,638891500849986 0,63287298036262 0,625473044148368 0,619351077711517 0,614474524901148 0,612555401834026 0,612600963688127 0,617876464265443 0,625472385055282 0,629415843790873 0,626732372005343 0,620373150504211 0,614633558021634 0,60914163748328 0,599552153687171 0,597327325609179 0,60755803097058 0,612541073967472 0,615559997114017 0,614284843356868 0,609987806181408 
0,606673216992005 0,581811188622744 0,571803665330101 0,607489653051688 0,617704223470869 0,62998321724851 0,639007552216546 0,639021387876655 0,631629947172209 0,620670907534857 0,60942670820727 0,597051105782043 0,608635359991094 0,61887762887503 0,632416203033092 0,642040078000495 0,646237497219362 0,64572345273824 0,643265501367351 0,637987034985091 0,630171982956446 0,624165515687421 0,617293532080927 0,613784288106414 0,611695130267575 0,61121993692284 0,61533440561351 0,623495637127501 0,629076112747018 0,629583176685642 0,62570388309433 0,619861251622932 0,61384858291575 0,608240048843623 0,584424165987713 0,569559995682663 0,579876281823122 0,60746107644028 0,612154879515673 0,614150954329856 0,611969711249366 0,607764917309704 
0,592784809478058 0,565382872892211 0,546076159477209 0,583965357897018 0,612618914112905 0,625458848538586 0,637280090305907 0,642655285444917 0,639945675870761 0,631053054488358 0,619171828842029 0,607651185937279 0,576973905019557 0,605018079887273 0,615734263507725 0,629336341300522 0,641665520659761 0,648811553250245 0,650921478452554 0,649017586593454 0,64574566103122 0,639979940335816 0,631751903051731 0,625505790535565 0,618455873972145 0,614064399472577 0,611667032068949 0,609984675429546 0,611108569009525 0,618081991400998 0,625451327232725 0,630550753791603 0,630330987308414 0,62628518718464 0,620716485092298 0,614754708764702 0,608450586922583 0,578294770191963 0,540759306821091 0,534897644278839 0,560088924463395 0,606851082481291 0,611004294534361 0,612024765725683 0,609646909114779 0,601076454406712 
0,575473512917828 0,552139836751422 0,527916288337144 0,553117189553738 0,608118916271121 0,620236138756538 0,633047123470445 0,643216134751187 0,644880636437351 0,639937309550468 0,630005859798477 0,617444797112209 0,606111122361814 0,560234131667066 0,58124529040791 0,612601113128477 0,625240292032685 0,640130105121094 0,649996977242974 0,65424065870746 0,653933886128563 0,651435680444838 0,647551749075197 0,641350859468375 0,633081259604824 0,626756047633345 0,619702158782972 0,614650455497411 0,61210550072778 0,609618016872773 0,608836463911966 0,612487408924777 0,620976055236646 0,627496873565339 0,63170875986647 0,630877387342612 0,626623644863026 0,621575688750876 0,615792788199438 0,609172616259815 0,580020115582174 0,522122422471142 0,507851259708573 0,517042628812918 0,555249473570973 0,606248531024645 0,609847784286524 0,609987055004726 0,607358241405607 0,581243816164343 
0,558516646437112 0,538081856370171 0,509577063562192 0,527256464378283 0,594733415779711 0,61604763119266 0,629720791048118 0,641546300044197 0,647220507730231 0,645378922824189 0,637093959993742 0,626101729168558 0,612558607289595 0,576051399905408 0,539300747993568 0,575701747671131 0,613153169569195 0,626467981602105 0,642139588359283 0,652573608817084 0,657523900296859 0,658035171977982 0,655523719665744 0,652179420617252 0,646483243908641 0,638465958633077 0,63090709926432 0,624666832517848 0,617308652014539 0,613676650500468 0,610919214841951 0,608323279783892 0,607885478388128 0,612061985652947 0,620775267188096 0,627392963375568 0,632248898140067 0,631956030578865 0,628652838151319 0,623481859354053 0,618390327671002 0,611270959244101 0,595695408046709 0,532839228032509 0,491107503892893 0,476550024602921 0,49638113687024 0,547907550221927 0,600580793912114 0,608584270476917 0,608103664672156 0,598794773231852 0,562315543982932 
0,546055199757618 0,52904233389039 0,499385022447973 0,508456760797433 0,566162707194205 0,612200413923067 0,625964375041411 0,638448537849316 0,647729645976864 0,648671176575243 0,643718899359982 0,633785302829294 0,621676303635388 0,608236671071763 0,551609884318698 0,526084100289153 0,576168851609555 0,613893837404098 0,627486544701274 0,643509444990287 0,654188516864491 0,659744127716252 0,661081195502392 0,658835911069337 0,655612118651274 0,650665194632167 0,643732675588809 0,635378088152109 0,62887847611357 0,621806218445482 0,615653919098469 0,612904712308861 0,609804804620292 0,607452104012302 0,60727262589618 0,611939379569678 0,62045386320786 0,627166591511776 0,632291302779517 0,632681818862487 0,630087497725105 0,625127904035076 0,620779070583778 0,613780645438434 0,607095265648038 0,552800444527852 0,485783741809293 0,463933937834542 0,459856007693563 0,488261384428916 0,54657399952545 0,595947084889739 0,607552017328249 0,606588513745246 0,582051127768151 0,54806898709853 
0,535275870613854 0,520460206354924 0,489971928225836 0,493930070613579 0,547125465893985 0,609548970260792 0,623196886462091 0,636394053648528 0,646972202391525 0,650407565185557 0,64733665205546 0,6384477964468 0,627356065623218 0,613822191732023 0,571695860191567 0,521491443036122 0,529977063830064 0,606217796047571 0,619001032818161 0,634304627666418 0,648543427965559 0,65855367915095 0,662835984093084 0,663009320406296 0,660416336545856 0,657091352499538 0,651778476810601 0,644627797131232 0,636227303964551 0,629657970147444 0,62257484489742 0,616123347597215 0,613190179486285 0,610052220668081 0,607180395025966 0,606104674348773 0,609294020907249 0,617415219521033 0,624599980320222 0,630983753925932 0,633132136368546 0,632150991875791 0,62796995796373 0,623702437847826 0,618180941624015 0,610954489775294 0,588134942577494 0,518717207033331 0,463866526357672 0,43870015577736 0,446968251029393 0,482420762536553 0,541155310230596 0,588689441980065 0,606581842250598 0,599375357340193 0,568597260974866 0,536015503428426 
0,526610711171875 0,512882672347438 0,481775984269588 0,483363558779671 0,53536249454654 0,608180865993178 0,621883646636707 0,635592017869551 0,646834235869715 0,651515530176394 0,649361928075379 0,641179271666979 0,630290619620822 0,616945592259826 0,585730210920116 0,52205400797817 0,510354293516269 0,573105896820895 0,614602139508109 0,628943217865367 0,64582554584657 0,657050191402366 0,663377705556211 0,665449400662818 0,663285347943924 0,660036068686834 0,655727755769753 0,649557331033663 0,640925777128214 0,633340898327367 0,626974825254528 0,619316199944832 0,614727899396218 0,611811549625386 0,608491354484054 0,606044415173008 0,606001576123285 0,611391536740842 0,619917985533927 0,626943508262989 0,632529986051584 0,633608263709873 0,631778492234188 0,626997025999703 0,623097504381906 0,616799845122457 0,609495509824686 0,571135754555344 0,497352760322344 0,447169157791423 0,422518522876755 0,434673193907956 0,474938733631221 0,534631417703378 0,581368803134006 0,60409817459772 0,589974275032257 0,558666081377481 0,526546036164054 
0,523985604106853 0,511367864419924 0,480179698843897 0,479487946393847 0,528513933094607 0,607180918759873 0,620388332027143 0,634192460036915 0,645792991328833 0,651700778008924 0,650609033476697 0,643385871020439 0,632725004114167 0,619983885614154 0,606328668608291 0,531411884113082 0,503337650996839 0,547172505156205 0,610437415046901 0,624295793686392 0,641061621810687 0,653763651768972 0,662436589510441 0,665806638645143 0,66492947236191 0,661941356529325 0,658565531892248 0,65293474351675 0,645574601881199 0,637121463546454 0,630476055729158 0,623374516436258 0,616624028491481 0,613479323342885 0,610366298065899 0,607162351376939 0,598768524440839 0,607025339077419 0,614251050374541 0,622007540828131 0,629251020660717 0,633324984053626 0,63351396106634 0,630900452907768 0,626242710278012 0,622063877958622 0,615125198104711 0,608011542087349 0,556417737308421 0,480491621844615 0,440216012444556 0,416997265138175 0,431852251532427 0,476918966130123 0,535411347695309 0,579780587697147 0,600705854333487 0,586001430027028 0,554660223994804 0,523446189022197 
0,523985604108274 0,511367864420153 0,480179698842924 0,479487946393756 0,528513933096169 0,607180918760237 0,620388332027029 0,634192460036509 0,645792991328919 0,651700778009056 0,650609033476921 0,643385871020436 0,632725004114201 0,619983885613965 0,606328668608188 0,531411884114005 0,503337650991036 0,547172505154749 0,610437415046514 0,624295793686136 0,641061621810517 0,65376365176954 0,662436589510245 0,6658066386453 0,664929472362326 0,661941356529423 0,65856553189205 0,652934743516886 0,645574601881259 0,637121463546266 0,630476055728842 0,623374516436327 0,616624028491615 0,613479323343159 0,610366298066136 0,607162351377279 0,598768524441198 0,607025339077341 0,614251050374555 0,622007540828455 0,629251020660658 0,633324984053599 0,633513961066269 0,630900452907937 0,626242710278035 0,622063877958701 0,615125198104582 0,608011542087544 0,556417737311551 0,480491621841605 0,440216012446385 0,416997265136258 0,431852251534304 0,476918966133313 0,535411347698331 0,579780587697873 0,600705854329323 0,586001430025972 0,554660223996053 0,523446189022992 
0,526610711173409 0,51288267234661 0,481775984272985 0,483363558780056 0,535362494547954 0,608180865993114 0,621883646636548 0,635592017869512 0,646834235869691 0,651515530176622 0,649361928075371 0,641179271667026 0,630290619620786 0,616945592260177 0,585730210920092 0,522054007977993 0,510354293514082 0,573105896818893 0,614602139508053 0,628943217865098 0,645825545846638 0,657050191402013 0,663377705556199 0,665449400662531 0,663285347943785 0,660036068686806 0,655727755770074 0,649557331033504 0,640925777127862 0,63334089832718 0,6269748252548 0,6193161999445 0,614727899395731 0,611811549625608 0,608491354484127 0,606044415172992 0,60600157612329 0,611391536740662 0,619917985533507 0,626943508262924 0,632529986051675 0,633608263709972 0,631778492234146 0,626997026000036 0,623097504381993 0,616799845122503 0,609495509824821 0,571135754556673 0,497352760325051 0,447169157791364 0,422518522875451 0,434673193906957 0,474938733631565 0,534631417701776 0,581368803135996 0,604098174597578 0,589974275033822 0,558666081380289 0,526546036165304 
0,535275870613611 0,52046020635436 0,489971928222229 0,493930070613222 0,54712546589627 0,609548970260893 0,623196886462152 0,636394053648352 0,646972202391682 0,65040756518574 0,647336652055809 0,638447796446724 0,627356065623037 0,613822191732226 0,571695860190833 0,521491443037168 0,529977063833328 0,606217796047825 0,619001032818512 0,634304627666661 0,648543427965252 0,658553679150802 0,662835984093212 0,66300932040616 0,660416336545999 0,657091352499545 0,651778476810563 0,644627797131094 0,636227303964108 0,629657970147676 0,62257484489732 0,616123347597192 0,613190179486293 0,610052220668284 0,607180395025867 0,606104674349036 0,609294020907356 0,617415219521005 0,624599980320321 0,630983753925869 0,63313213636889 0,632150991876033 0,62796995796385 0,623702437848004 0,618180941623784 0,610954489775376 0,588134942576648 0,518717207033774 0,463866526355308 0,438700155779345 0,446968251026196 0,482420762537819 0,541155310231283 0,588689441978075 0,606581842250317 0,599375357341883 0,568597260975483 0,53601550343123 
0,546055199758876 0,529042333888756 0,499385022447125 0,508456760799842 0,566162707194278 0,612200413922972 0,625964375041257 0,638448537849141 0,647729645976857 0,64867117657526 0,643718899360155 0,633785302829296 0,621676303635445 0,60823667107161 0,55160988431954 0,526084100287283 0,576168851609435 0,613893837404189 0,627486544700821 0,643509444990207 0,654188516864417 0,659744127716277 0,661081195502579 0,658835911069425 0,655612118651162 0,650665194632421 0,643732675588666 0,635378088152051 0,628878476113582 0,621806218445299 0,615653919098463 0,612904712309083 0,609804804620456 0,607452104012299 0,607272625895939 0,611939379569531 0,620453863207598 0,627166591511719 0,632291302779516 0,632681818862562 0,630087497724882 0,625127904035074 0,620779070583746 0,613780645438602 0,607095265647923 0,552800444521571 0,485783741810184 0,463933937833952 0,459856007692338 0,488261384430487 0,546573999524254 0,595947084893039 0,607552017328069 0,60658851374518 0,582051127767628 0,548068987099732 
0,558516646436633 0,538081856371664 0,509577063562064 0,527256464378954 0,594733415780036 0,616047631192642 0,629720791048101 0,641546300044258 0,647220507730279 0,645378922824149 0,637093959993667 0,626101729168353 0,612558607289497 0,5760513999049 0,539300747993616 0,575701747669732 0,613153169569182 0,626467981602036 0,64213958835941 0,652573608817029 0,657523900296698 0,658035171978057 0,655523719665867 0,65217942061732 0,646483243908956 0,638465958632977 0,630907099264557 0,624666832517572 0,617308652014516 0,613676650500472 0,610919214842199 0,608323279783963 0,607885478388199 0,612061985652956 0,620775267188305 0,627392963375713 0,632248898139908 0,631956030578796 0,628652838151417 0,623481859354074 0,618390327671006 0,611270959244136 0,595695408047671 0,532839228032161 0,491107503893689 0,476550024602699 0,496381136870003 0,547907550223377 0,600580793911598 0,608584270476927 0,608103664672124 0,59879477323225 0,562315543982627 
0,575473512916602 0,552139836751958 0,527916288337901 0,553117189552444 0,608118916271179 0,62023613875645 0,633047123470306 0,643216134751441 0,644880636437378 0,639937309550516 0,630005859798666 0,61744479711214 0,60611112236168 0,560234131667692 0,581245290407919 0,612601113128321 0,625240292032696 0,640130105121036 0,649996977243034 0,654240658707548 0,65393388612847 0,651435680444701 0,647551749074931 0,641350859468346 0,633081259604937 0,626756047633455 0,619702158782911 0,61465045549741 0,612105500727901 0,609618016872619 0,608836463911878 0,612487408924682 0,620976055236755 0,62749687356532 0,631708759866459 0,630877387342879 0,626623644863028 0,621575688750708 0,615792788199206 0,609172616260048 0,580020115581309 0,522122422470381 0,507851259709095 0,517042628812409 0,555249473573018 0,606248531024831 0,60984778428629 0,609987055004685 0,607358241405562 0,581243816163662 
0,592784809478057 0,565382872891993 0,546076159475779 0,583965357897857 0,612618914113078 0,625458848538677 0,637280090305792 0,642655285445167 0,639945675870773 0,631053054488535 0,619171828842095 0,607651185937129 0,576973905018221 0,605018079886499 0,615734263507827 0,629336341300358 0,641665520659759 0,648811553250175 0,650921478452636 0,649017586593529 0,645745661031386 0,639979940335615 0,631751903052029 0,625505790535607 0,618455873972166 0,614064399472693 0,611667032068908 0,609984675429867 0,61110856900951 0,618081991401197 0,625451327232681 0,630550753791696 0,630330987308621 0,626285187184862 0,620716485092366 0,614754708764721 0,608450586922706 0,578294770191833 0,54075930682245 0,534897644277746 0,560088924463505 0,606851082481224 0,611004294534338 0,612024765725719 0,609646909114668 0,601076454406419 
0,606673216992173 0,5818111886215 0,571803665328325 0,607489653051724 0,617704223470988 0,629983217248446 0,639007552216627 0,639021387876725 0,631629947172037 0,620670907534736 0,609426708207204 0,597051105781502 0,608635359991278 0,618877628875023 0,632416203033424 0,642040078000699 0,646237497219108 0,645723452738312 0,64326550136741 0,637987034984927 0,630171982956523 0,624165515687308 0,61729353208082 0,613784288106402 0,61169513026748 0,611219936922808 0,615334405613644 0,623495637127583 0,629076112746951 0,629583176685723 0,625703883094294 0,619861251622915 0,61384858291557 0,608240048843585 0,584424165987556 0,569559995682675 0,579876281822088 0,607461076440328 0,612154879515754 0,614150954329869 0,611969711249373 0,607764917309873 
0,608560113841378 0,596239061076174 0,601953159807458 0,612235740317225 0,62404802415367 0,634990567431629 0,63699516364785 0,630281676043432 0,619211967004187 0,609597655827694 0,60743949340248 0,614239163913931 0,626167802505988 0,636895570128927 0,641886820418048 0,641699393082896 0,63889150084998 0,632872980362517 0,625473044148219 0,619351077711527 0,614474524901113 0,612555401834047 0,612600963688183 0,617876464265565 0,6254723850552 0,629415843790697 0,626732372005334 0,620373150504302 0,614633558021581 0,609141637483236 0,599552153686918 0,597327325609435 0,60755803097067 0,612541073967634 0,615559997114011 0,614284843356886 0,609987806181493 
0,610517188874991 0,606938785272707 0,609272142299707 0,618241170363125 0,629754547765252 0,634311015462674 0,628716945637959 0,617751116551996 0,610216154773448 0,611286294292923 0,620126239560881 0,631586954524491 0,637289275436041 0,637372015894893 0,634225949593884 0,627296703855076 0,621550806944833 0,61538333154137 0,61355630295999 0,614107854757358 0,620449038778855 0,627022649847218 0,627275523866336 0,62151850414521 0,615554184647578 0,610310202071292 0,607328382768076 0,608693449468861 0,612581084580975 0,616650825837272 0,61653025772601 0,61234877130536 
0,612373919744537 0,609434709466467 0,61370005647675 0,624088966872165 0,631120981372338 0,626979560060185 0,616618330800833 0,611531170957324 0,616414097195005 0,626557673510116 0,632692739939959 0,632979018837203 0,629459946795204 0,622734949920494 0,616996845159232 0,614648325972082 0,615664767294285 0,622736078345572 0,626903874533313 0,623244361010908 0,616688877060411 0,611734964368747 0,610240340412415 0,612932080232173 0,617092283219703 0,618508671031312 0,614736144810328 
0,613733436265298 0,612468953954913 0,620235148045389 0,628379963098581 0,623630197103463 0,614698371752385 0,616027645917264 0,625123756289493 0,629694996540755 0,62797489535348 0,621651616062923 0,616265587930925 0,615733838642922 0,621724627897821 0,625580048361711 0,619386796699373 0,613696622896284 0,612648164371639 0,616112705186294 0,619541344107287 0,616953412858447 
0,614885056259985 0,616957222665256 0,625678244521792 0,619618015224946 0,616129774122869 0,623960670732224 0,626096373064719 0,620749347199524 0,616556899240532 0,620239561751812 0,623461372183522 0,616356050439797 0,614932250406502 0,619286984914757 0,618975669823422 
0,61633921692574 0,623115489770707 0,617249678263059 0,622749038048433 0,620083150149296 0,618702076098568 0,620553251798043 0,616996632737081 0,62029162401837 
0,62079787075786 0,619692363406221 0,618749459724105 
