40 80
2,99463E-001	2,99880E-001	2,99683E-001	
2,99433E-001	2,99079E-001	2,99553E-001	2,99724E-001	3,00265E-001	3,00170E-001	3,00353E-001	2,99591E-001	2,99213E-001	
2,98515E-001	2,99352E-001	2,99806E-001	2,98504E-001	2,98465E-001	3,00111E-001	2,99867E-001	2,99852E-001	3,00962E-001	3,00732E-001	3,00218E-001	3,00861E-001	2,99333E-001	2,99134E-001	2,99327E-001	
2,98380E-001	2,98029E-001	2,99808E-001	3,00253E-001	2,98677E-001	2,96914E-001	2,97961E-001	3,00262E-001	3,00111E-001	2,99487E-001	2,99527E-001	3,00845E-001	3,01677E-001	3,01377E-001	3,01160E-001	3,00800E-001	3,00155E-001	2,99235E-001	2,99430E-001	2,99562E-001	2,99079E-001	
2,98173E-001	2,97574E-001	2,98107E-001	3,00261E-001	3,00537E-001	2,99043E-001	2,96956E-001	2,91857E-001	2,97994E-001	3,00211E-001	3,00241E-001	2,99663E-001	2,99208E-001	2,99319E-001	3,00642E-001	3,01890E-001	3,02173E-001	3,02389E-001	3,02271E-001	3,01125E-001	3,00157E-001	2,99747E-001	2,99303E-001	2,99835E-001	3,00291E-001	2,99277E-001	2,98883E-001	
2,97914E-001	2,97527E-001	2,97265E-001	2,98267E-001	3,00478E-001	3,00742E-001	2,99390E-001	2,97207E-001	2,90172E-001	2,85785E-001	2,97881E-001	2,99868E-001	3,00190E-001	2,99595E-001	2,99200E-001	2,98939E-001	2,99219E-001	3,00478E-001	3,01633E-001	3,02826E-001	3,02897E-001	3,03425E-001	3,03579E-001	3,02174E-001	2,99814E-001	2,99585E-001	2,99498E-001	2,99537E-001	3,00290E-001	3,00868E-001	3,00139E-001	2,99091E-001	2,98714E-001	
2,97784E-001	2,97544E-001	2,96953E-001	2,97342E-001	2,98501E-001	3,00499E-001	3,00818E-001	2,99617E-001	2,97633E-001	2,90330E-001	2,79193E-001	2,84306E-001	2,97611E-001	2,99335E-001	3,00025E-001	2,99384E-001	2,99064E-001	2,98905E-001	2,98715E-001	2,99188E-001	3,00297E-001	3,01475E-001	3,02896E-001	3,03558E-001	3,03909E-001	3,04573E-001	3,04971E-001	3,03323E-001	3,00430E-001	2,99012E-001	2,99231E-001	2,99326E-001	2,99822E-001	3,00664E-001	3,01422E-001	3,01054E-001	2,99901E-001	2,98957E-001	2,98585E-001	
2,97642E-001	2,97406E-001	2,96920E-001	2,96773E-001	2,97472E-001	2,98797E-001	3,00458E-001	3,00749E-001	2,99489E-001	2,97459E-001	2,87150E-001	2,75154E-001	2,71365E-001	2,91279E-001	2,97822E-001	2,99145E-001	2,99639E-001	2,98989E-001	2,98709E-001	2,98603E-001	2,98555E-001	2,98517E-001	2,99791E-001	3,00811E-001	3,02000E-001	3,03464E-001	3,04294E-001	3,04852E-001	3,05553E-001	3,06339E-001	3,05283E-001	3,02441E-001	2,99608E-001	2,98449E-001	2,98911E-001	2,99233E-001	2,99839E-001	3,01037E-001	3,01969E-001	3,01999E-001	3,00951E-001	2,99738E-001	2,98858E-001	2,98460E-001	
2,97535E-001	2,97210E-001	2,96942E-001	2,96548E-001	2,96703E-001	2,97603E-001	2,98978E-001	3,00374E-001	3,00585E-001	2,99282E-001	2,97288E-001	2,85377E-001	2,72011E-001	2,66004E-001	2,74579E-001	2,95254E-001	2,97666E-001	2,98981E-001	2,99056E-001	2,98588E-001	2,98310E-001	2,98249E-001	2,98304E-001	2,98253E-001	2,99183E-001	3,00330E-001	3,01350E-001	3,02660E-001	3,04035E-001	3,04989E-001	3,05760E-001	3,06552E-001	3,07533E-001	3,07324E-001	3,04703E-001	3,01369E-001	2,98743E-001	2,97931E-001	2,98598E-001	2,99147E-001	2,99800E-001	3,01454E-001	3,02321E-001	3,02871E-001	3,02045E-001	3,00884E-001	2,99601E-001	2,98788E-001	2,98350E-001	
2,97497E-001	2,97113E-001	2,96983E-001	2,96504E-001	2,96291E-001	2,96831E-001	2,97683E-001	2,98963E-001	3,00225E-001	3,00390E-001	2,99049E-001	2,97128E-001	2,84238E-001	2,69736E-001	2,62119E-001	2,64297E-001	2,78976E-001	2,96255E-001	2,97323E-001	2,98705E-001	2,98464E-001	2,98152E-001	2,97886E-001	2,97862E-001	2,97994E-001	2,98064E-001	2,98457E-001	2,99782E-001	3,00764E-001	3,01887E-001	3,03355E-001	3,04587E-001	3,05652E-001	3,06626E-001	3,07415E-001	3,08408E-001	3,08904E-001	3,06940E-001	3,03535E-001	3,00365E-001	2,97935E-001	2,97483E-001	2,98290E-001	2,99011E-001	2,99695E-001	3,01746E-001	3,02724E-001	3,03570E-001	3,03121E-001	3,02016E-001	3,00799E-001	2,99490E-001	2,98742E-001	2,98267E-001	
2,97442E-001	2,97058E-001	2,96964E-001	2,96446E-001	2,94946E-001	2,96096E-001	2,96940E-001	2,97767E-001	2,99097E-001	3,00185E-001	3,00029E-001	2,98494E-001	2,96404E-001	2,78862E-001	2,64388E-001	2,57316E-001	2,58935E-001	2,70190E-001	2,86425E-001	2,96316E-001	2,97595E-001	2,98254E-001	2,97716E-001	2,97598E-001	2,97371E-001	2,97530E-001	2,97728E-001	2,97855E-001	2,98440E-001	2,99813E-001	3,00821E-001	3,01855E-001	3,03359E-001	3,04647E-001	3,05939E-001	3,07161E-001	3,08147E-001	3,09039E-001	3,10172E-001	3,09790E-001	3,07116E-001	3,03397E-001	3,00119E-001	2,97605E-001	2,96906E-001	2,97811E-001	2,98697E-001	2,99394E-001	3,01491E-001	3,02988E-001	3,03858E-001	3,04261E-001	3,03210E-001	3,02062E-001	3,00809E-001	2,99442E-001	2,98707E-001	2,98205E-001	
2,97423E-001	2,97056E-001	2,96836E-001	2,96450E-001	2,95003E-001	2,92246E-001	2,96357E-001	2,96879E-001	2,97724E-001	2,99219E-001	3,00051E-001	2,99606E-001	2,97892E-001	2,91874E-001	2,74332E-001	2,60003E-001	2,53698E-001	2,54871E-001	2,63924E-001	2,76988E-001	2,88221E-001	2,96374E-001	2,97660E-001	2,97463E-001	2,97196E-001	2,96978E-001	2,96962E-001	2,97216E-001	2,97520E-001	2,97700E-001	2,98468E-001	2,99840E-001	3,00836E-001	3,01793E-001	3,03305E-001	3,04655E-001	3,05992E-001	3,07365E-001	3,08637E-001	3,09497E-001	3,10589E-001	3,11566E-001	3,10308E-001	3,06937E-001	3,03228E-001	2,99864E-001	2,97296E-001	2,96359E-001	2,97280E-001	2,98294E-001	2,99222E-001	3,00988E-001	3,03160E-001	3,04159E-001	3,04955E-001	3,04466E-001	3,03229E-001	3,02046E-001	3,00798E-001	2,99395E-001	2,98688E-001	2,98156E-001	
2,97451E-001	2,97107E-001	2,96761E-001	2,96502E-001	2,95914E-001	2,90569E-001	2,92265E-001	2,96364E-001	2,96815E-001	2,97822E-001	2,99261E-001	2,99844E-001	2,99025E-001	2,97366E-001	2,86528E-001	2,70836E-001	2,56874E-001	2,51273E-001	2,52043E-001	2,59941E-001	2,68592E-001	2,80397E-001	2,87223E-001	2,96660E-001	2,97097E-001	2,96740E-001	2,96693E-001	2,96499E-001	2,96679E-001	2,96945E-001	2,97333E-001	2,97584E-001	2,98515E-001	2,99841E-001	3,00857E-001	3,01721E-001	3,03204E-001	3,04624E-001	3,05896E-001	3,07346E-001	3,08915E-001	3,09963E-001	3,10904E-001	3,12089E-001	3,12345E-001	3,10466E-001	3,06606E-001	3,03014E-001	2,99611E-001	2,97017E-001	2,92930E-001	2,96785E-001	2,97834E-001	2,98979E-001	3,00429E-001	3,02903E-001	3,04341E-001	3,05160E-001	3,05509E-001	3,04420E-001	3,03251E-001	3,02010E-001	3,00748E-001	2,99348E-001	2,98680E-001	2,98124E-001	
2,97475E-001	2,97113E-001	2,96684E-001	2,96565E-001	2,96247E-001	2,90493E-001	2,88922E-001	2,93467E-001	2,95842E-001	2,96740E-001	2,98231E-001	2,99371E-001	2,99627E-001	2,98143E-001	2,96340E-001	2,78777E-001	2,64468E-001	2,51727E-001	2,48011E-001	2,51766E-001	2,58020E-001	2,65146E-001	2,75140E-001	2,81177E-001	2,94037E-001	2,96544E-001	2,96299E-001	2,96238E-001	2,94632E-001	2,95944E-001	2,96528E-001	2,96945E-001	2,97265E-001	2,97952E-001	2,99125E-001	3,00424E-001	3,01360E-001	3,02356E-001	3,04072E-001	3,05273E-001	3,06645E-001	3,08257E-001	3,09923E-001	3,10936E-001	3,11981E-001	3,13172E-001	3,13365E-001	3,11406E-001	3,07541E-001	3,03737E-001	3,00248E-001	2,97304E-001	2,89272E-001	2,94437E-001	2,97131E-001	2,98356E-001	2,99736E-001	3,02015E-001	3,04251E-001	3,05287E-001	3,06042E-001	3,05752E-001	3,04502E-001	3,03348E-001	3,02066E-001	3,00759E-001	2,99340E-001	2,98656E-001	2,98089E-001	
2,97491E-001	2,97147E-001	2,96714E-001	2,96642E-001	2,96336E-001	2,91412E-001	2,87457E-001	2,89675E-001	2,91942E-001	2,94086E-001	2,97054E-001	2,98613E-001	2,99386E-001	2,98908E-001	2,97301E-001	2,88237E-001	2,72226E-001	2,57996E-001	2,48470E-001	2,45803E-001	2,52535E-001	2,57045E-001	2,62354E-001	2,70592E-001	2,75982E-001	2,88244E-001	2,93972E-001	2,93101E-001	2,92345E-001	2,90832E-001	2,91788E-001	2,95509E-001	2,96544E-001	2,96969E-001	2,97487E-001	2,98593E-001	2,99848E-001	3,00918E-001	3,01853E-001	3,03078E-001	3,04733E-001	3,05891E-001	3,07360E-001	3,09081E-001	3,10790E-001	3,11762E-001	3,12877E-001	3,14065E-001	3,14187E-001	3,12170E-001	3,08341E-001	3,04441E-001	3,00948E-001	2,97712E-001	2,90255E-001	2,87358E-001	2,96390E-001	2,97629E-001	2,99080E-001	3,00959E-001	3,03490E-001	3,05326E-001	3,06169E-001	3,06609E-001	3,05762E-001	3,04520E-001	3,03365E-001	3,02072E-001	3,00739E-001	2,99324E-001	2,98633E-001	2,98067E-001	
2,97523E-001	2,97215E-001	2,96782E-001	2,96626E-001	2,96453E-001	2,93014E-001	2,87155E-001	2,87425E-001	2,89729E-001	2,90207E-001	2,94467E-001	2,97538E-001	2,98826E-001	2,99291E-001	2,98148E-001	2,96452E-001	2,80966E-001	2,67487E-001	2,53913E-001	2,47298E-001	2,46201E-001	2,53964E-001	2,56666E-001	2,60387E-001	2,66819E-001	2,71858E-001	2,83394E-001	2,89376E-001	2,89471E-001	2,89176E-001	2,87731E-001	2,88491E-001	2,92099E-001	2,95926E-001	2,96683E-001	2,97121E-001	2,98082E-001	2,99200E-001	3,00476E-001	3,01376E-001	3,02250E-001	3,03877E-001	3,05200E-001	3,06430E-001	3,07961E-001	3,09789E-001	3,11482E-001	3,12446E-001	3,13569E-001	3,14740E-001	3,14771E-001	3,12766E-001	3,09081E-001	3,05063E-001	3,01606E-001	2,98271E-001	2,92394E-001	2,82326E-001	2,90937E-001	2,96931E-001	2,98335E-001	3,00107E-001	3,02435E-001	3,04806E-001	3,06059E-001	3,06794E-001	3,06743E-001	3,05672E-001	3,04451E-001	3,03306E-001	3,02024E-001	3,00688E-001	2,99297E-001	2,98608E-001	2,98053E-001	
2,97536E-001	2,97276E-001	2,96824E-001	2,96601E-001	2,96542E-001	2,94056E-001	2,87662E-001	2,85772E-001	2,87646E-001	2,87235E-001	2,88753E-001	2,96647E-001	2,98208E-001	2,99093E-001	2,98599E-001	2,97055E-001	2,87074E-001	2,72796E-001	2,59447E-001	2,48506E-001	2,46245E-001	2,50359E-001	2,55791E-001	2,55800E-001	2,60832E-001	2,64088E-001	2,72115E-001	2,81859E-001	2,85157E-001	2,86052E-001	2,86122E-001	2,84747E-001	2,86208E-001	2,90412E-001	2,94680E-001	2,96570E-001	2,97069E-001	2,98157E-001	2,99246E-001	3,00495E-001	3,01396E-001	3,02290E-001	3,03809E-001	3,05189E-001	3,06376E-001	3,07872E-001	3,09751E-001	3,11631E-001	3,12694E-001	3,13817E-001	3,15080E-001	3,15511E-001	3,14144E-001	3,11062E-001	3,06773E-001	3,03163E-001	2,99681E-001	2,96710E-001	2,82859E-001	2,82159E-001	2,93187E-001	2,97264E-001	2,98943E-001	3,01011E-001	3,03470E-001	3,05649E-001	3,06639E-001	3,07158E-001	3,06905E-001	3,05677E-001	3,04451E-001	3,03315E-001	3,02028E-001	3,00686E-001	2,99295E-001	2,98574E-001	2,98027E-001	
2,97531E-001	2,97299E-001	2,96840E-001	2,96564E-001	2,96606E-001	2,94640E-001	2,87949E-001	2,85047E-001	2,85856E-001	2,85237E-001	2,84762E-001	2,94702E-001	2,97768E-001	2,98788E-001	2,98731E-001	2,97287E-001	2,89674E-001	2,75430E-001	2,62280E-001	2,50560E-001	2,46649E-001	2,48820E-001	2,55296E-001	2,55561E-001	2,56661E-001	2,60229E-001	2,65059E-001	2,75395E-001	2,80830E-001	2,82875E-001	2,83619E-001	2,82229E-001	2,82965E-001	2,86764E-001	2,90749E-001	2,96242E-001	2,96752E-001	2,97613E-001	2,98739E-001	2,99869E-001	3,00944E-001	3,01901E-001	3,02874E-001	3,04690E-001	3,05790E-001	3,07121E-001	3,08850E-001	3,10870E-001	3,12565E-001	3,13607E-001	3,14814E-001	3,15957E-001	3,15776E-001	3,13716E-001	3,10022E-001	3,05776E-001	3,02190E-001	2,98746E-001	2,93844E-001	2,78122E-001	2,81210E-001	2,93141E-001	2,97376E-001	2,99310E-001	3,01561E-001	3,04056E-001	3,06166E-001	3,07084E-001	3,07475E-001	3,07025E-001	3,05770E-001	3,04529E-001	3,03382E-001	3,02080E-001	3,00727E-001	2,99315E-001	2,98530E-001	2,97989E-001	
2,97537E-001	2,97327E-001	2,96891E-001	2,96560E-001	2,96703E-001	2,95677E-001	2,88872E-001	2,85059E-001	2,84998E-001	2,84227E-001	2,82201E-001	2,89847E-001	2,97351E-001	2,98478E-001	2,98750E-001	2,97572E-001	2,92309E-001	2,78866E-001	2,66649E-001	2,54010E-001	2,48056E-001	2,48834E-001	2,56237E-001	2,57218E-001	2,55408E-001	2,58121E-001	2,60400E-001	2,69599E-001	2,76783E-001	2,80338E-001	2,82300E-001	2,81306E-001	2,80715E-001	2,83609E-001	2,87885E-001	2,93012E-001	2,96413E-001	2,97085E-001	2,98311E-001	2,99342E-001	3,00516E-001	3,01429E-001	3,02361E-001	3,03769E-001	3,05177E-001	3,06327E-001	3,07807E-001	3,09787E-001	3,11810E-001	3,13170E-001	3,14340E-001	3,15661E-001	3,16306E-001	3,15486E-001	3,12850E-001	3,08756E-001	3,04769E-001	3,01199E-001	2,97831E-001	2,87528E-001	2,74758E-001	2,81045E-001	2,93997E-001	2,97574E-001	2,99740E-001	3,02071E-001	3,04550E-001	3,06563E-001	3,07413E-001	3,07612E-001	3,07015E-001	3,05749E-001	3,04511E-001	3,03369E-001	3,02070E-001	3,00726E-001	2,99315E-001	2,98485E-001	2,97953E-001	
2,97558E-001	2,97367E-001	2,96974E-001	2,96584E-001	2,96828E-001	2,96317E-001	2,90506E-001	2,85784E-001	2,85094E-001	2,84090E-001	2,80997E-001	2,86235E-001	2,96849E-001	2,98203E-001	2,98730E-001	2,97879E-001	2,95793E-001	2,83010E-001	2,70981E-001	2,58445E-001	2,50865E-001	2,49835E-001	2,57726E-001	2,60110E-001	2,57167E-001	2,56950E-001	2,58470E-001	2,65991E-001	2,73584E-001	2,77408E-001	2,80146E-001	2,81519E-001	2,80133E-001	2,81706E-001	2,86035E-001	2,90501E-001	2,95962E-001	2,96773E-001	2,97789E-001	2,98891E-001	2,99897E-001	3,00957E-001	3,01872E-001	3,02791E-001	3,04493E-001	3,05585E-001	3,06821E-001	3,08478E-001	3,10595E-001	3,12496E-001	3,13640E-001	3,14834E-001	3,16119E-001	3,16194E-001	3,14740E-001	3,11583E-001	3,07410E-001	3,03687E-001	3,00230E-001	2,97064E-001	2,82116E-001	2,73255E-001	2,81835E-001	2,95709E-001	2,97866E-001	3,00189E-001	3,02498E-001	3,04939E-001	3,06822E-001	3,07595E-001	3,07539E-001	3,06876E-001	3,05615E-001	3,04397E-001	3,03276E-001	3,02000E-001	3,00683E-001	2,99293E-001	2,98438E-001	2,97919E-001	
2,97562E-001	2,97382E-001	2,97018E-001	2,96592E-001	2,96923E-001	2,96414E-001	2,91654E-001	2,86662E-001	2,85268E-001	2,84066E-001	2,80269E-001	2,84982E-001	2,96701E-001	2,98135E-001	2,98692E-001	2,97927E-001	2,96197E-001	2,84308E-001	2,72746E-001	2,60589E-001	2,53147E-001	2,52991E-001	2,60927E-001	2,62876E-001	2,59103E-001	2,57419E-001	2,58483E-001	2,65808E-001	2,72726E-001	2,76592E-001	2,80106E-001	2,81611E-001	2,80128E-001	2,81768E-001	2,86200E-001	2,90698E-001	2,96092E-001	2,96803E-001	2,97879E-001	2,98968E-001	2,99916E-001	3,00960E-001	3,01844E-001	3,02798E-001	3,04394E-001	3,05482E-001	3,06699E-001	3,08372E-001	3,10534E-001	3,12432E-001	3,13635E-001	3,14858E-001	3,16124E-001	3,16099E-001	3,14624E-001	3,11432E-001	3,07342E-001	3,03590E-001	3,00142E-001	2,96991E-001	2,81565E-001	2,71858E-001	2,80066E-001	2,94074E-001	2,97761E-001	3,00196E-001	3,02516E-001	3,04932E-001	3,06848E-001	3,07600E-001	3,07463E-001	3,06793E-001	3,05562E-001	3,04352E-001	3,03233E-001	3,01970E-001	3,00676E-001	2,99286E-001	2,98375E-001	2,97868E-001	
2,97546E-001	2,97373E-001	2,97026E-001	2,96598E-001	2,96995E-001	2,96463E-001	2,92335E-001	2,87547E-001	2,85433E-001	2,83775E-001	2,79931E-001	2,85714E-001	2,96835E-001	2,98320E-001	2,98656E-001	2,97745E-001	2,94402E-001	2,83369E-001	2,71170E-001	2,60355E-001	2,55370E-001	2,58517E-001	2,65070E-001	2,64568E-001	2,59607E-001	2,57776E-001	2,60646E-001	2,69104E-001	2,72992E-001	2,78003E-001	2,81980E-001	2,80760E-001	2,80967E-001	2,84393E-001	2,88161E-001	2,93808E-001	2,96485E-001	2,97335E-001	2,98572E-001	2,99489E-001	3,00476E-001	3,01374E-001	3,02304E-001	3,03619E-001	3,04883E-001	3,06002E-001	3,07448E-001	3,09520E-001	3,11658E-001	3,13117E-001	3,14367E-001	3,15663E-001	3,16145E-001	3,15204E-001	3,12410E-001	3,08483E-001	3,04464E-001	3,00897E-001	2,97656E-001	2,84996E-001	2,72554E-001	2,75620E-001	2,89206E-001	2,97239E-001	2,99723E-001	3,02165E-001	3,04506E-001	3,06630E-001	3,07529E-001	3,07424E-001	3,06765E-001	3,05586E-001	3,04369E-001	3,03239E-001	3,01968E-001	3,00701E-001	2,99292E-001	2,98302E-001	2,97800E-001	
2,97549E-001	2,97376E-001	2,97054E-001	2,96684E-001	2,97078E-001	2,96550E-001	2,93578E-001	2,88806E-001	2,86345E-001	2,83748E-001	2,80652E-001	2,87719E-001	2,97094E-001	2,98497E-001	2,98657E-001	2,97523E-001	2,93257E-001	2,83158E-001	2,71129E-001	2,62051E-001	2,58510E-001	2,65558E-001	2,69728E-001	2,66523E-001	2,61494E-001	2,59777E-001	2,65500E-001	2,72201E-001	2,74702E-001	2,80783E-001	2,83856E-001	2,82154E-001	2,83449E-001	2,87597E-001	2,91895E-001	2,96311E-001	2,96897E-001	2,98053E-001	2,99120E-001	2,99965E-001	3,00954E-001	3,01769E-001	3,02823E-001	3,04193E-001	3,05282E-001	3,06517E-001	3,08359E-001	3,10581E-001	3,12372E-001	3,13616E-001	3,14961E-001	3,15882E-001	3,15253E-001	3,13096E-001	3,09416E-001	3,05420E-001	3,01709E-001	2,98427E-001	2,90271E-001	2,74948E-001	2,72308E-001	2,84859E-001	2,96770E-001	2,99158E-001	3,01754E-001	3,03961E-001	3,06229E-001	3,07345E-001	3,07289E-001	3,06630E-001	3,05497E-001	3,04281E-001	3,03162E-001	3,01907E-001	3,00677E-001	2,99276E-001	2,98224E-001	2,97736E-001	
2,97563E-001	2,97395E-001	2,97120E-001	2,96799E-001	2,97188E-001	2,96676E-001	2,95331E-001	2,90715E-001	2,87924E-001	2,84572E-001	2,82588E-001	2,91046E-001	2,97429E-001	2,98639E-001	2,98654E-001	2,97327E-001	2,94119E-001	2,84220E-001	2,72456E-001	2,65068E-001	2,63994E-001	2,72642E-001	2,74395E-001	2,69058E-001	2,63787E-001	2,63889E-001	2,70627E-001	2,75211E-001	2,79732E-001	2,85521E-001	2,85259E-001	2,84858E-001	2,87791E-001	2,91152E-001	2,96241E-001	2,96701E-001	2,97576E-001	2,98766E-001	2,99585E-001	3,00379E-001	3,01274E-001	3,02149E-001	3,03417E-001	3,04510E-001	3,05589E-001	3,07119E-001	3,09259E-001	3,11254E-001	3,12671E-001	3,13984E-001	3,15184E-001	3,14948E-001	3,13407E-001	3,10051E-001	3,06248E-001	3,02482E-001	2,99220E-001	2,96284E-001	2,78116E-001	2,71052E-001	2,81703E-001	2,96340E-001	2,98612E-001	3,01330E-001	3,03397E-001	3,05655E-001	3,07044E-001	3,07049E-001	3,06374E-001	3,05305E-001	3,04102E-001	3,03004E-001	3,01788E-001	3,00606E-001	2,99237E-001	2,98152E-001	2,97680E-001	
2,97563E-001	2,97423E-001	2,97157E-001	2,96933E-001	2,97272E-001	2,96770E-001	2,96263E-001	2,92588E-001	2,89432E-001	2,85186E-001	2,85200E-001	2,96319E-001	2,98030E-001	2,98842E-001	2,98521E-001	2,96896E-001	2,93050E-001	2,81797E-001	2,71952E-001	2,67808E-001	2,74363E-001	2,79130E-001	2,76228E-001	2,69088E-001	2,65772E-001	2,71804E-001	2,77191E-001	2,80013E-001	2,87225E-001	2,88874E-001	2,87548E-001	2,89923E-001	2,93006E-001	2,96394E-001	2,96827E-001	2,97685E-001	2,98860E-001	2,99644E-001	3,00350E-001	3,01230E-001	3,02122E-001	3,03262E-001	3,04329E-001	3,05398E-001	3,07061E-001	3,09252E-001	3,11086E-001	3,12482E-001	3,13852E-001	3,14670E-001	3,13931E-001	3,11675E-001	3,08144E-001	3,04334E-001	3,00773E-001	2,97690E-001	2,85866E-001	2,73988E-001	2,75453E-001	2,89900E-001	2,97530E-001	3,00366E-001	3,02535E-001	3,04784E-001	3,06531E-001	3,06801E-001	3,06126E-001	3,05248E-001	3,04010E-001	3,02881E-001	3,01739E-001	3,00554E-001	2,99224E-001	2,98076E-001	2,97626E-001	
2,97550E-001	2,97433E-001	2,97156E-001	2,97089E-001	2,97328E-001	2,96861E-001	2,96387E-001	2,93349E-001	2,90476E-001	2,85947E-001	2,90483E-001	2,97186E-001	2,98734E-001	2,98920E-001	2,97726E-001	2,96530E-001	2,89283E-001	2,78317E-001	2,73175E-001	2,77570E-001	2,83761E-001	2,81303E-001	2,73600E-001	2,69049E-001	2,75370E-001	2,80029E-001	2,83410E-001	2,91276E-001	2,91431E-001	2,91080E-001	2,93861E-001	2,96311E-001	2,96742E-001	2,97229E-001	2,98393E-001	2,99361E-001	3,00014E-001	3,00809E-001	3,01576E-001	3,02709E-001	3,03694E-001	3,04724E-001	3,06188E-001	3,08334E-001	3,10304E-001	3,11813E-001	3,13227E-001	3,14025E-001	3,13231E-001	3,10856E-001	3,07349E-001	3,03520E-001	3,00025E-001	2,97036E-001	2,82471E-001	2,72342E-001	2,79833E-001	2,96229E-001	2,98669E-001	3,01429E-001	3,03436E-001	3,05608E-001	3,06495E-001	3,06010E-001	3,05179E-001	3,04019E-001	3,02832E-001	3,01748E-001	3,00534E-001	2,99248E-001	2,97997E-001	2,97557E-001	
2,97555E-001	2,97449E-001	2,97179E-001	2,97274E-001	2,97412E-001	2,97001E-001	2,96524E-001	2,94795E-001	2,91239E-001	2,89365E-001	2,96466E-001	2,98298E-001	2,99100E-001	2,98663E-001	2,97173E-001	2,96312E-001	2,85624E-001	2,79393E-001	2,81169E-001	2,88813E-001	2,87085E-001	2,79241E-001	2,73232E-001	2,79765E-001	2,83315E-001	2,87416E-001	2,95674E-001	2,95138E-001	2,95127E-001	2,96412E-001	2,96747E-001	2,97111E-001	2,97872E-001	2,99016E-001	2,99745E-001	3,00292E-001	3,01079E-001	3,02113E-001	3,02972E-001	3,03994E-001	3,05234E-001	3,07297E-001	3,09353E-001	3,10975E-001	3,12407E-001	3,13178E-001	3,12348E-001	3,09891E-001	3,06467E-001	3,02624E-001	2,99296E-001	2,96459E-001	2,80583E-001	2,73237E-001	2,85399E-001	2,97075E-001	2,99969E-001	3,02235E-001	3,04356E-001	3,06030E-001	3,05813E-001	3,05007E-001	3,03947E-001	3,02761E-001	3,01687E-001	3,00501E-001	2,99279E-001	2,97926E-001	2,97495E-001	
2,97577E-001	2,97491E-001	2,97233E-001	2,97464E-001	2,97526E-001	2,97181E-001	2,96705E-001	2,96333E-001	2,93121E-001	2,94919E-001	2,97449E-001	2,98974E-001	2,99231E-001	2,97990E-001	2,96990E-001	2,93072E-001	2,85797E-001	2,85548E-001	2,94071E-001	2,93236E-001	2,85434E-001	2,78414E-001	2,85155E-001	2,87338E-001	2,92334E-001	2,96658E-001	2,96540E-001	2,96634E-001	2,96842E-001	2,97198E-001	2,97560E-001	2,98631E-001	2,99515E-001	2,99987E-001	3,00692E-001	3,01451E-001	3,02264E-001	3,03243E-001	3,04286E-001	3,06151E-001	3,08274E-001	3,09979E-001	3,11415E-001	3,12157E-001	3,11290E-001	3,08797E-001	3,05523E-001	3,01746E-001	2,98639E-001	2,94191E-001	2,79602E-001	2,77285E-001	2,92245E-001	2,98225E-001	3,01038E-001	3,02952E-001	3,04976E-001	3,05510E-001	3,04671E-001	3,03861E-001	3,02641E-001	3,01562E-001	3,00428E-001	2,99299E-001	2,97963E-001	2,97440E-001	
2,97590E-001	2,97523E-001	2,97397E-001	2,97663E-001	2,97667E-001	2,97356E-001	2,96831E-001	2,96404E-001	2,95961E-001	2,97030E-001	2,98825E-001	2,99426E-001	2,98575E-001	2,97461E-001	2,96433E-001	2,91246E-001	2,92247E-001	2,96591E-001	2,96382E-001	2,87712E-001	2,85456E-001	2,91321E-001	2,93140E-001	2,96794E-001	2,97064E-001	2,96978E-001	2,97153E-001	2,97446E-001	2,97733E-001	2,98715E-001	2,99586E-001	2,99962E-001	3,00602E-001	3,01435E-001	3,02083E-001	3,03041E-001	3,04312E-001	3,06397E-001	3,08282E-001	3,09933E-001	3,11145E-001	3,10769E-001	3,08758E-001	3,05554E-001	3,01941E-001	2,98747E-001	2,95732E-001	2,81020E-001	2,79701E-001	2,96244E-001	2,98998E-001	3,01525E-001	3,03385E-001	3,05047E-001	3,04632E-001	3,03736E-001	3,02650E-001	3,01497E-001	3,00452E-001	2,99331E-001	2,98017E-001	2,97377E-001	
2,97607E-001	2,97610E-001	2,97609E-001	2,97905E-001	2,97868E-001	2,97519E-001	2,96982E-001	2,96652E-001	2,96932E-001	2,98396E-001	2,99483E-001	2,99126E-001	2,97958E-001	2,96983E-001	2,96302E-001	2,96557E-001	2,97187E-001	2,96798E-001	2,90351E-001	2,93410E-001	2,95738E-001	2,96674E-001	2,97508E-001	2,97448E-001	2,97544E-001	2,97722E-001	2,97942E-001	2,98817E-001	2,99653E-001	2,99946E-001	3,00512E-001	3,01389E-001	3,01872E-001	3,02813E-001	3,04372E-001	3,06440E-001	3,08297E-001	3,09792E-001	3,09978E-001	3,08413E-001	3,05524E-001	3,02100E-001	2,98880E-001	2,96398E-001	2,83184E-001	2,82912E-001	2,96808E-001	2,99710E-001	3,01900E-001	3,03760E-001	3,04479E-001	3,03503E-001	3,02664E-001	3,01460E-001	3,00441E-001	2,99337E-001	2,98089E-001	2,97346E-001	
2,97658E-001	2,97709E-001	2,97854E-001	2,98185E-001	2,98128E-001	2,97619E-001	2,97120E-001	2,97040E-001	2,97932E-001	2,99412E-001	2,99453E-001	2,98492E-001	2,97545E-001	2,96883E-001	2,97278E-001	2,97714E-001	2,97158E-001	2,95441E-001	2,96661E-001	2,96801E-001	2,97669E-001	2,97960E-001	2,97959E-001	2,98036E-001	2,98184E-001	2,98935E-001	2,99708E-001	2,99923E-001	3,00415E-001	3,01154E-001	3,01639E-001	3,02654E-001	3,04447E-001	3,06374E-001	3,08182E-001	3,08922E-001	3,07893E-001	3,05329E-001	3,02264E-001	2,99027E-001	2,96659E-001	2,86114E-001	2,86968E-001	2,97522E-001	3,00324E-001	3,02185E-001	3,03817E-001	3,03380E-001	3,02504E-001	3,01444E-001	3,00389E-001	2,99362E-001	2,98200E-001	2,97376E-001	
2,97732E-001	2,97793E-001	2,98076E-001	2,98478E-001	2,98303E-001	2,97642E-001	2,97411E-001	2,97887E-001	2,99367E-001	2,99623E-001	2,98792E-001	2,97837E-001	2,97394E-001	2,98093E-001	2,98066E-001	2,96951E-001	2,96985E-001	2,97128E-001	2,97909E-001	2,98354E-001	2,98358E-001	2,98409E-001	2,98557E-001	2,99463E-001	2,99900E-001	3,00002E-001	3,00794E-001	3,01045E-001	3,02022E-001	3,03757E-001	3,05708E-001	3,07539E-001	3,07671E-001	3,05872E-001	3,03254E-001	2,99952E-001	2,97425E-001	2,90836E-001	2,88025E-001	2,97705E-001	3,00482E-001	3,02224E-001	3,03374E-001	3,02467E-001	3,01584E-001	3,00440E-001	2,99462E-001	2,98372E-001	2,97418E-001	
2,97850E-001	2,98069E-001	2,98344E-001	2,98769E-001	2,98338E-001	2,97775E-001	2,97980E-001	2,99151E-001	2,99708E-001	2,99079E-001	2,98214E-001	2,98282E-001	2,98703E-001	2,98062E-001	2,97327E-001	2,97445E-001	2,98135E-001	2,98735E-001	2,98700E-001	2,98690E-001	2,99121E-001	2,99828E-001	2,99878E-001	3,00378E-001	3,00633E-001	3,01408E-001	3,03043E-001	3,05065E-001	3,06695E-001	3,06128E-001	3,03923E-001	3,01082E-001	2,98162E-001	2,96336E-001	2,90329E-001	2,97958E-001	3,00635E-001	3,02243E-001	3,02606E-001	3,01521E-001	3,00562E-001	2,99567E-001	2,98537E-001	2,97506E-001	
2,98009E-001	2,98412E-001	2,98735E-001	2,98980E-001	2,98238E-001	2,98224E-001	2,98948E-001	2,99710E-001	2,99269E-001	2,98626E-001	2,99063E-001	2,99030E-001	2,98013E-001	2,97770E-001	2,98332E-001	2,99070E-001	2,99042E-001	2,98970E-001	2,99611E-001	2,99899E-001	2,99922E-001	3,00274E-001	3,00826E-001	3,02345E-001	3,04486E-001	3,05575E-001	3,04143E-001	3,01919E-001	2,99028E-001	2,97065E-001	2,94903E-001	2,98219E-001	3,00773E-001	3,02018E-001	3,01626E-001	3,00713E-001	2,99670E-001	2,98716E-001	2,97776E-001	
2,98189E-001	2,98727E-001	2,99281E-001	2,98819E-001	2,98481E-001	2,98898E-001	2,99786E-001	2,99279E-001	2,99442E-001	2,99510E-001	2,98613E-001	2,98066E-001	2,98701E-001	2,99387E-001	2,99205E-001	2,99672E-001	2,99895E-001	2,99959E-001	3,00048E-001	3,01158E-001	3,03125E-001	3,04594E-001	3,03028E-001	3,00805E-001	2,98247E-001	2,96671E-001	2,97862E-001	3,00574E-001	3,01545E-001	3,00912E-001	2,99951E-001	2,98964E-001	2,98060E-001	
2,98444E-001	2,99131E-001	2,99453E-001	2,98728E-001	2,98867E-001	2,99843E-001	2,99672E-001	2,99992E-001	2,99159E-001	2,98315E-001	2,99064E-001	2,99499E-001	2,99739E-001	2,99901E-001	2,99755E-001	3,00047E-001	3,01743E-001	3,03586E-001	3,01976E-001	2,99779E-001	2,97702E-001	2,97621E-001	3,00377E-001	3,01002E-001	3,00231E-001	2,99243E-001	2,98435E-001	
2,98854E-001	2,99602E-001	2,99186E-001	2,98760E-001	2,99917E-001	3,00516E-001	2,99656E-001	2,98556E-001	2,99432E-001	2,99810E-001	2,99865E-001	2,99559E-001	3,00568E-001	3,02429E-001	3,00909E-001	2,99066E-001	2,98013E-001	3,00134E-001	3,00505E-001	2,99675E-001	2,98806E-001	
2,99322E-001	2,99574E-001	2,98815E-001	3,00677E-001	3,00081E-001	2,98738E-001	2,99828E-001	2,99904E-001	2,99802E-001	3,01137E-001	3,00008E-001	2,98873E-001	2,99598E-001	3,00053E-001	2,99225E-001	
2,99659E-001	2,99247E-001	3,00447E-001	2,99170E-001	2,99786E-001	3,00067E-001	2,99674E-001	2,99451E-001	2,99776E-001	
0,00000E000	0,00000E000	0,00000E000	
