40 80
3,00859E-001	3,01230E-001	3,00907E-001	
3,00664E-001	3,00611E-001	3,01248E-001	3,01274E-001	3,01549E-001	3,01368E-001	3,01532E-001	3,00713E-001	3,00390E-001	
2,99488E-001	3,00634E-001	3,01539E-001	3,00302E-001	3,00333E-001	3,01932E-001	3,01124E-001	3,00972E-001	3,02212E-001	3,01783E-001	3,01343E-001	3,02189E-001	3,00401E-001	3,00168E-001	3,00444E-001	
2,99284E-001	2,98953E-001	3,01299E-001	3,02133E-001	3,00634E-001	2,98812E-001	3,00068E-001	3,02321E-001	3,01603E-001	3,00579E-001	3,00482E-001	3,01953E-001	3,02779E-001	3,02286E-001	3,02237E-001	3,02198E-001	3,01517E-001	3,00262E-001	3,00382E-001	3,00543E-001	3,00057E-001	
2,98974E-001	2,98368E-001	2,99152E-001	3,01963E-001	3,02551E-001	3,01123E-001	2,99068E-001	2,97924E-001	3,00352E-001	3,02476E-001	3,01979E-001	3,00942E-001	3,00180E-001	3,00125E-001	3,01567E-001	3,02898E-001	3,03050E-001	3,03248E-001	3,03331E-001	3,02485E-001	3,01640E-001	3,01182E-001	3,00343E-001	3,00756E-001	3,01246E-001	3,00074E-001	2,99722E-001	
2,98582E-001	2,98268E-001	2,98095E-001	2,99459E-001	3,02337E-001	3,02890E-001	3,01599E-001	2,99449E-001	2,97992E-001	2,97559E-001	3,00435E-001	3,02287E-001	3,02148E-001	3,01042E-001	3,00328E-001	2,99779E-001	2,99892E-001	3,01221E-001	3,02418E-001	3,03680E-001	3,03612E-001	3,04248E-001	3,04688E-001	3,03516E-001	3,01222E-001	3,01177E-001	3,00987E-001	3,00646E-001	3,01228E-001	3,01792E-001	3,00910E-001	2,99722E-001	2,99410E-001	
2,98339E-001	2,98235E-001	2,97680E-001	2,98309E-001	2,99862E-001	3,02474E-001	3,03081E-001	3,01943E-001	3,00008E-001	2,98122E-001	2,97135E-001	2,97646E-001	3,00317E-001	3,01871E-001	3,02182E-001	3,00993E-001	3,00352E-001	2,99919E-001	2,99424E-001	2,99741E-001	3,00852E-001	3,02057E-001	3,03586E-001	3,04221E-001	3,04548E-001	3,05401E-001	3,06165E-001	3,04662E-001	3,01802E-001	3,00556E-001	3,00941E-001	3,00855E-001	3,01022E-001	3,01637E-001	3,02346E-001	3,01835E-001	3,00475E-001	2,99433E-001	2,99143E-001	
2,98067E-001	2,97999E-001	2,97604E-001	2,97604E-001	2,98612E-001	3,00367E-001	3,02574E-001	3,03161E-001	3,01969E-001	2,99986E-001	2,97953E-001	2,96972E-001	2,96065E-001	2,98630E-001	3,00651E-001	3,01705E-001	3,01793E-001	3,00623E-001	3,00027E-001	2,99643E-001	2,99291E-001	2,98931E-001	3,00204E-001	3,01172E-001	3,02367E-001	3,03944E-001	3,04795E-001	3,05386E-001	3,06271E-001	3,07465E-001	3,06620E-001	3,03794E-001	3,01061E-001	3,00101E-001	3,00742E-001	3,00888E-001	3,01162E-001	3,02132E-001	3,02937E-001	3,02815E-001	3,01525E-001	3,00109E-001	2,99163E-001	2,98862E-001	
2,97833E-001	2,97679E-001	2,97584E-001	2,97307E-001	2,97670E-001	2,98916E-001	3,00737E-001	3,02627E-001	3,03130E-001	3,01895E-001	2,99954E-001	2,97922E-001	2,96841E-001	2,48464E-001	2,97133E-001	2,99184E-001	3,00523E-001	3,01573E-001	3,01171E-001	3,00255E-001	2,99660E-001	2,99318E-001	2,99072E-001	2,98667E-001	2,99474E-001	3,00561E-001	3,01505E-001	3,02839E-001	3,04308E-001	3,05324E-001	3,06187E-001	3,07182E-001	3,08581E-001	3,08724E-001	3,06089E-001	3,02754E-001	3,00282E-001	2,99696E-001	3,00540E-001	3,00933E-001	3,01249E-001	3,02732E-001	3,03348E-001	3,03769E-001	3,02670E-001	3,01265E-001	2,99778E-001	2,98932E-001	2,98600E-001	
2,97682E-001	2,97476E-001	2,97575E-001	2,97214E-001	2,97153E-001	2,97981E-001	2,99156E-001	3,00866E-001	3,02599E-001	3,03058E-001	3,01780E-001	2,99924E-001	2,97940E-001	2,96752E-001	2,15945E-001	2,50022E-001	2,97736E-001	2,99380E-001	3,00150E-001	3,01301E-001	3,00547E-001	2,99848E-001	2,99267E-001	2,98962E-001	2,98801E-001	2,98526E-001	2,98635E-001	2,99911E-001	3,00773E-001	3,01833E-001	3,03365E-001	3,04663E-001	3,05827E-001	3,06952E-001	3,07944E-001	3,09331E-001	3,10296E-001	3,08403E-001	3,04907E-001	3,01831E-001	2,99563E-001	2,99363E-001	3,00333E-001	3,00913E-001	3,01262E-001	3,03213E-001	3,03889E-001	3,04576E-001	3,03845E-001	3,02450E-001	3,00994E-001	2,99490E-001	2,98738E-001	2,98376E-001	
2,97502E-001	2,97321E-001	2,97491E-001	2,97108E-001	2,96911E-001	2,97241E-001	2,98285E-001	2,99428E-001	3,01215E-001	3,02758E-001	3,02859E-001	3,01378E-001	2,99337E-001	2,97602E-001	2,67472E-001	1,67392E-001	1,93774E-001	2,97061E-001	2,98566E-001	2,99346E-001	3,00368E-001	3,00663E-001	2,99622E-001	2,99204E-001	2,98657E-001	2,98546E-001	2,98428E-001	2,98185E-001	2,98498E-001	2,99798E-001	3,00659E-001	3,01578E-001	3,03127E-001	3,04467E-001	3,05890E-001	3,07300E-001	3,08503E-001	3,09698E-001	3,11356E-001	3,11320E-001	3,08622E-001	3,04795E-001	3,01624E-001	2,99293E-001	2,98835E-001	2,99961E-001	3,00761E-001	3,01138E-001	3,03134E-001	3,04372E-001	3,04963E-001	3,05162E-001	3,03743E-001	3,02311E-001	3,00824E-001	2,99261E-001	2,98541E-001	2,98166E-001	
2,97372E-001	2,97231E-001	2,97263E-001	2,97067E-001	2,96897E-001	2,96770E-001	2,97594E-001	2,98371E-001	2,99540E-001	3,01549E-001	3,02803E-001	3,02579E-001	3,00905E-001	2,98867E-001	2,97334E-001	2,17354E-001	1,37542E-001	1,58673E-001	2,96647E-001	2,97785E-001	2,98655E-001	2,99278E-001	3,00325E-001	2,99642E-001	2,99004E-001	2,98471E-001	2,98162E-001	2,98138E-001	2,98118E-001	2,97911E-001	2,98423E-001	2,99696E-001	3,00516E-001	3,01315E-001	3,02849E-001	3,04244E-001	3,05697E-001	3,07273E-001	3,08804E-001	3,09915E-001	3,11442E-001	3,12995E-001	3,11947E-001	3,08442E-001	3,04669E-001	3,01413E-001	2,99036E-001	2,98323E-001	2,99506E-001	3,00489E-001	3,01173E-001	3,02770E-001	3,04807E-001	3,05463E-001	3,06025E-001	3,05188E-001	3,03574E-001	3,02113E-001	3,00646E-001	2,99051E-001	2,98378E-001	2,97982E-001	
2,97309E-001	2,97209E-001	2,97099E-001	2,97078E-001	2,96973E-001	2,91790E-001	2,96953E-001	2,97764E-001	2,98444E-001	2,99822E-001	3,01781E-001	3,02753E-001	3,02089E-001	3,00503E-001	2,98459E-001	2,97151E-001	1,87557E-001	1,24736E-001	1,41108E-001	2,73097E-001	2,97077E-001	2,98047E-001	2,98366E-001	2,99478E-001	2,99531E-001	2,98733E-001	2,98408E-001	2,97897E-001	2,97809E-001	2,97770E-001	2,97829E-001	2,97689E-001	2,98384E-001	2,99581E-001	3,00408E-001	3,01072E-001	3,02552E-001	3,04014E-001	3,05364E-001	3,07015E-001	3,08889E-001	3,10203E-001	3,11483E-001	3,13206E-001	3,13937E-001	3,12177E-001	3,08103E-001	3,04500E-001	3,01202E-001	2,98800E-001	2,97896E-001	2,99073E-001	3,00128E-001	3,01108E-001	3,02336E-001	3,04747E-001	3,05884E-001	3,06373E-001	3,06462E-001	3,04942E-001	3,03433E-001	3,01914E-001	3,00443E-001	2,98862E-001	2,98248E-001	2,97833E-001	
2,97241E-001	2,97133E-001	2,96940E-001	2,97113E-001	2,97009E-001	2,89053E-001	2,93370E-001	2,97292E-001	2,97718E-001	2,98523E-001	3,00524E-001	3,02146E-001	3,02761E-001	3,01322E-001	2,99600E-001	2,97898E-001	2,96769E-001	1,32906E-001	1,00908E-001	1,75881E-001	2,61870E-001	2,96836E-001	2,97590E-001	2,97816E-001	2,98877E-001	2,99048E-001	2,98377E-001	2,98030E-001	2,97549E-001	2,97400E-001	2,97440E-001	2,97533E-001	2,97462E-001	2,97832E-001	2,98804E-001	2,99952E-001	3,00667E-001	3,01494E-001	3,03271E-001	3,04474E-001	3,05971E-001	3,07844E-001	3,09863E-001	3,11158E-001	3,12598E-001	3,14353E-001	3,15024E-001	3,13179E-001	3,09104E-001	3,05240E-001	3,01849E-001	2,99082E-001	2,97497E-001	2,98342E-001	2,99533E-001	3,00662E-001	3,01839E-001	3,04028E-001	3,06109E-001	3,06766E-001	3,07213E-001	3,06555E-001	3,04864E-001	3,03384E-001	3,01824E-001	3,00307E-001	2,98713E-001	2,98091E-001	2,97677E-001	
2,97175E-001	2,97102E-001	2,96914E-001	2,97159E-001	2,97085E-001	2,96630E-001	2,57050E-001	2,96839E-001	2,97268E-001	2,97656E-001	2,99079E-001	3,01190E-001	3,02393E-001	3,02141E-001	3,00592E-001	2,98810E-001	2,97441E-001	2,43727E-001	1,09110E-001	8,41054E-002	2,21983E-001	2,61978E-001	2,96622E-001	2,97171E-001	2,97330E-001	2,98329E-001	2,98554E-001	2,98068E-001	2,97704E-001	2,97250E-001	2,97063E-001	2,97165E-001	2,97227E-001	2,97285E-001	2,97432E-001	2,98304E-001	2,99372E-001	3,00227E-001	3,00942E-001	3,02064E-001	3,03783E-001	3,04952E-001	3,06594E-001	3,08624E-001	3,10721E-001	3,11989E-001	3,13541E-001	3,15314E-001	3,15908E-001	3,13994E-001	3,09961E-001	3,05968E-001	3,02565E-001	2,99468E-001	2,97606E-001	2,97583E-001	2,98835E-001	3,00053E-001	3,01364E-001	3,03095E-001	3,05550E-001	3,07139E-001	3,07591E-001	3,07699E-001	3,06400E-001	3,04737E-001	3,03267E-001	3,01705E-001	3,00162E-001	2,98581E-001	2,97959E-001	2,97556E-001	
2,97147E-001	2,97123E-001	2,96940E-001	2,97086E-001	2,97189E-001	2,96796E-001	2,45842E-001	2,93498E-001	2,97005E-001	2,97193E-001	2,97842E-001	2,99836E-001	3,01634E-001	3,02496E-001	3,01451E-001	2,99822E-001	2,98207E-001	2,97153E-001	1,95494E-001	1,17931E-001	1,14814E-001	2,69686E-001	2,64453E-001	2,72621E-001	2,96797E-001	2,96930E-001	2,97857E-001	2,98127E-001	2,97761E-001	2,97454E-001	2,97015E-001	2,96817E-001	2,96917E-001	2,96987E-001	2,97131E-001	2,97178E-001	2,97864E-001	2,98746E-001	2,99842E-001	3,00490E-001	3,01142E-001	3,02783E-001	3,04110E-001	3,05398E-001	3,07141E-001	3,09327E-001	3,11427E-001	3,12708E-001	3,14289E-001	3,16057E-001	3,16543E-001	3,14638E-001	3,10771E-001	3,06609E-001	3,03231E-001	3,00019E-001	2,97794E-001	2,97005E-001	2,98143E-001	2,99431E-001	3,00741E-001	3,02388E-001	3,04630E-001	3,06872E-001	3,07765E-001	3,08127E-001	3,07694E-001	3,06158E-001	3,04536E-001	3,03092E-001	3,01552E-001	3,00013E-001	2,98468E-001	2,97854E-001	2,97467E-001	
2,97102E-001	2,97144E-001	2,96945E-001	2,97017E-001	2,97272E-001	2,96908E-001	2,57421E-001	2,54107E-001	2,96766E-001	2,96851E-001	2,97160E-001	2,98742E-001	3,00861E-001	3,02209E-001	3,01935E-001	3,00447E-001	2,98805E-001	2,97623E-001	2,96581E-001	1,32302E-001	1,32414E-001	2,26766E-001	2,96623E-001	2,30288E-001	2,71201E-001	2,60538E-001	2,96900E-001	2,97620E-001	2,97588E-001	2,97357E-001	2,97113E-001	2,96679E-001	2,92656E-001	2,96713E-001	2,96823E-001	2,96967E-001	2,97077E-001	2,97909E-001	2,98744E-001	2,99793E-001	3,00432E-001	3,01098E-001	3,02593E-001	3,03982E-001	3,05203E-001	3,06894E-001	3,09135E-001	3,11457E-001	3,12847E-001	3,14411E-001	3,16262E-001	3,17212E-001	3,16057E-001	3,12903E-001	3,08359E-001	3,04760E-001	3,01372E-001	2,98569E-001	2,96968E-001	2,97159E-001	2,98449E-001	2,99773E-001	3,01370E-001	3,03343E-001	3,05718E-001	3,07716E-001	3,08298E-001	3,08418E-001	3,07768E-001	3,06053E-001	3,04433E-001	3,03006E-001	3,01466E-001	2,99925E-001	2,98385E-001	2,97737E-001	2,97366E-001	
2,97040E-001	2,97128E-001	2,96932E-001	2,96949E-001	2,97341E-001	2,96980E-001	2,66617E-001	2,40315E-001	2,96574E-001	2,96641E-001	2,96703E-001	2,98068E-001	3,00340E-001	3,01844E-001	3,02094E-001	3,00716E-001	2,99088E-001	2,97901E-001	2,96886E-001	1,79613E-001	1,54007E-001	2,14182E-001	2,96746E-001	2,66186E-001	2,12640E-001	2,13737E-001	2,37834E-001	2,97073E-001	2,97289E-001	2,97165E-001	2,96983E-001	2,92835E-001	2,53030E-001	2,78141E-001	2,95640E-001	2,96805E-001	2,96925E-001	2,97463E-001	2,98324E-001	2,99201E-001	3,00029E-001	3,00739E-001	3,01515E-001	3,03401E-001	3,04465E-001	3,05903E-001	3,07916E-001	3,10366E-001	3,12499E-001	3,13908E-001	3,15626E-001	3,17388E-001	3,17632E-001	3,15673E-001	3,11804E-001	3,07360E-001	3,03821E-001	3,00492E-001	2,97931E-001	2,94737E-001	2,97150E-001	2,98479E-001	2,99905E-001	3,01784E-001	3,03957E-001	3,06355E-001	3,08257E-001	3,08746E-001	3,08710E-001	3,07826E-001	3,06076E-001	3,04437E-001	3,02997E-001	3,01441E-001	2,99890E-001	2,98329E-001	2,97609E-001	2,97254E-001	
2,97014E-001	2,97133E-001	2,96972E-001	2,96924E-001	2,97448E-001	2,97100E-001	2,88900E-001	2,41257E-001	2,77194E-001	2,87867E-001	2,61691E-001	2,97474E-001	2,99821E-001	3,01442E-001	3,02082E-001	3,01010E-001	2,99333E-001	2,98224E-001	2,97315E-001	2,46219E-001	1,79608E-001	2,22517E-001	2,96956E-001	2,96758E-001	2,11854E-001	1,96396E-001	1,61534E-001	2,93603E-001	2,96989E-001	2,97029E-001	2,96966E-001	2,96596E-001	2,32003E-001	2,39172E-001	2,68491E-001	2,96626E-001	2,96759E-001	2,97061E-001	2,98041E-001	2,98782E-001	2,99715E-001	3,00348E-001	3,01043E-001	3,02382E-001	3,03790E-001	3,04955E-001	3,06615E-001	3,08973E-001	3,11467E-001	3,13220E-001	3,14835E-001	3,16743E-001	3,17936E-001	3,17434E-001	3,14800E-001	3,10470E-001	3,06371E-001	3,02867E-001	2,99623E-001	2,97361E-001	2,39329E-001	2,97181E-001	2,98577E-001	3,00105E-001	3,02249E-001	3,04506E-001	3,06873E-001	3,08657E-001	3,09068E-001	3,08809E-001	3,07755E-001	3,05995E-001	3,04361E-001	3,02931E-001	3,01381E-001	2,99843E-001	2,98285E-001	2,97514E-001	2,97172E-001	
2,97031E-001	2,97171E-001	2,97060E-001	2,96939E-001	2,97588E-001	2,97262E-001	2,96721E-001	2,56433E-001	2,77290E-001	2,82564E-001	2,29888E-001	2,97008E-001	2,99170E-001	3,01055E-001	3,01990E-001	3,01298E-001	2,99642E-001	2,98587E-001	2,97680E-001	2,96701E-001	2,22807E-001	2,34428E-001	2,97145E-001	2,97163E-001	2,70163E-001	1,87443E-001	1,39479E-001	2,33823E-001	2,96745E-001	2,96808E-001	2,96816E-001	2,96740E-001	2,45031E-001	2,24656E-001	2,61249E-001	2,89170E-001	2,96745E-001	2,96938E-001	2,97664E-001	2,98492E-001	2,99211E-001	3,00016E-001	3,00671E-001	3,01375E-001	3,03117E-001	3,04167E-001	3,05480E-001	3,07398E-001	3,09961E-001	3,12342E-001	3,13865E-001	3,15549E-001	3,17459E-001	3,17981E-001	3,16728E-001	3,13476E-001	3,09063E-001	3,05307E-001	3,01934E-001	2,98908E-001	2,96861E-001	2,17872E-001	2,97277E-001	2,98738E-001	3,00387E-001	3,02717E-001	3,04939E-001	3,07263E-001	3,08899E-001	3,09231E-001	3,08681E-001	3,07560E-001	3,05814E-001	3,04210E-001	3,02808E-001	3,01288E-001	2,99785E-001	2,98253E-001	2,97450E-001	2,97122E-001	
2,97036E-001	2,97190E-001	2,97116E-001	2,96951E-001	2,97707E-001	2,97385E-001	2,96865E-001	2,78439E-001	2,81618E-001	2,81811E-001	2,11302E-001	2,96847E-001	2,98977E-001	3,00958E-001	3,01926E-001	3,01337E-001	2,99663E-001	2,98716E-001	2,97859E-001	2,96917E-001	2,66897E-001	2,96580E-001	2,97466E-001	2,97440E-001	2,96625E-001	1,89726E-001	1,32352E-001	2,23507E-001	2,96621E-001	2,96702E-001	2,96814E-001	2,96759E-001	2,47024E-001	2,28644E-001	2,67928E-001	2,96574E-001	2,96774E-001	2,96989E-001	2,97787E-001	2,98599E-001	2,99244E-001	3,00028E-001	3,00645E-001	3,01392E-001	3,03004E-001	3,04051E-001	3,05343E-001	3,07282E-001	3,09906E-001	3,12286E-001	3,13888E-001	3,15611E-001	3,17501E-001	3,17900E-001	3,16620E-001	3,13320E-001	3,09008E-001	3,05206E-001	3,01836E-001	2,98822E-001	2,96797E-001	1,85106E-001	2,97071E-001	2,98546E-001	3,00269E-001	3,02738E-001	3,04975E-001	3,07273E-001	3,08949E-001	3,09252E-001	3,08599E-001	3,07468E-001	3,05754E-001	3,04158E-001	3,02757E-001	3,01250E-001	2,99775E-001	2,98242E-001	2,97370E-001	2,97057E-001	
2,97024E-001	2,97191E-001	2,97143E-001	2,96977E-001	2,97817E-001	2,97466E-001	2,96968E-001	2,96608E-001	2,88021E-001	2,76102E-001	2,03674E-001	2,96942E-001	2,99153E-001	3,01208E-001	3,01917E-001	3,01160E-001	2,99508E-001	2,98678E-001	2,97748E-001	2,96948E-001	2,96701E-001	2,97173E-001	2,97835E-001	2,97476E-001	2,84007E-001	1,61571E-001	1,47044E-001	2,66399E-001	2,77487E-001	2,96732E-001	2,96940E-001	2,92905E-001	2,45266E-001	2,66303E-001	2,83164E-001	2,96765E-001	2,96888E-001	2,97408E-001	2,98399E-001	2,98996E-001	2,99693E-001	3,00304E-001	3,00996E-001	3,02223E-001	3,03456E-001	3,04591E-001	3,06216E-001	3,08697E-001	3,11344E-001	3,13234E-001	3,14961E-001	3,16850E-001	3,17846E-001	3,17192E-001	3,14355E-001	3,10219E-001	3,06062E-001	3,02534E-001	2,99424E-001	2,97063E-001	1,89324E-001	2,90245E-001	2,98020E-001	2,99723E-001	3,02265E-001	3,04664E-001	3,06873E-001	3,08797E-001	3,09259E-001	3,08617E-001	3,07475E-001	3,05811E-001	3,04196E-001	3,02774E-001	3,01253E-001	2,99809E-001	2,98250E-001	2,97282E-001	2,96977E-001	
2,97060E-001	2,97225E-001	2,97203E-001	2,97107E-001	2,97939E-001	2,97587E-001	2,97129E-001	2,96763E-001	2,96634E-001	2,72031E-001	2,17156E-001	2,97167E-001	2,99455E-001	3,01417E-001	3,01917E-001	3,00892E-001	2,99387E-001	2,98679E-001	2,97762E-001	2,97138E-001	2,96982E-001	2,97870E-001	2,98185E-001	2,97481E-001	2,82991E-001	1,62426E-001	2,17878E-001	2,96260E-001	2,79106E-001	2,96908E-001	2,97044E-001	2,96597E-001	2,77104E-001	2,96649E-001	2,96777E-001	2,96955E-001	2,97171E-001	2,98067E-001	2,98854E-001	2,99369E-001	3,00084E-001	3,00615E-001	3,01493E-001	3,02830E-001	3,03894E-001	3,05225E-001	3,07390E-001	3,10110E-001	3,12380E-001	3,14062E-001	3,15975E-001	3,17473E-001	3,17163E-001	3,15073E-001	3,11206E-001	3,07040E-001	3,03306E-001	3,00138E-001	2,97506E-001	2,24607E-001	2,01716E-001	2,97515E-001	2,99212E-001	3,01654E-001	3,04267E-001	3,06322E-001	3,08429E-001	3,09150E-001	3,08548E-001	3,07386E-001	3,05767E-001	3,04145E-001	3,02731E-001	3,01224E-001	2,99822E-001	2,98270E-001	2,97222E-001	2,96931E-001	
2,97131E-001	2,97294E-001	2,97321E-001	2,97276E-001	2,98091E-001	2,97747E-001	2,97339E-001	2,96980E-001	2,96800E-001	2,84384E-001	2,55695E-001	2,97531E-001	2,99823E-001	3,01552E-001	3,01876E-001	3,00619E-001	2,99469E-001	2,98785E-001	2,97878E-001	2,97401E-001	2,97471E-001	2,98485E-001	2,98470E-001	2,97499E-001	2,80946E-001	2,05312E-001	2,86618E-001	2,96682E-001	2,96885E-001	2,97318E-001	2,97060E-001	2,96769E-001	2,96837E-001	2,96895E-001	2,97122E-001	2,97220E-001	2,97792E-001	2,98743E-001	2,99236E-001	2,99710E-001	3,00335E-001	3,00978E-001	3,02167E-001	3,03208E-001	3,04316E-001	3,06066E-001	3,08652E-001	3,11143E-001	3,13002E-001	3,14834E-001	3,16631E-001	3,16757E-001	3,15380E-001	3,11861E-001	3,07889E-001	3,04043E-001	3,00871E-001	2,98075E-001	2,66202E-001	1,54479E-001	2,97110E-001	2,98713E-001	3,01040E-001	3,03832E-001	3,05740E-001	3,07853E-001	3,08915E-001	3,08380E-001	3,07181E-001	3,05633E-001	3,04022E-001	3,02629E-001	3,01165E-001	2,99817E-001	2,98299E-001	2,97202E-001	2,96923E-001	
2,97191E-001	2,97384E-001	2,97416E-001	2,97485E-001	2,98226E-001	2,97883E-001	2,97501E-001	2,97206E-001	2,96965E-001	2,92739E-001	2,96652E-001	2,98252E-001	3,00549E-001	3,01806E-001	3,01742E-001	3,00140E-001	2,99421E-001	2,98575E-001	2,97859E-001	2,97659E-001	2,98521E-001	2,98952E-001	2,98314E-001	2,97103E-001	2,46400E-001	2,96659E-001	2,96914E-001	2,96904E-001	2,97500E-001	2,97478E-001	2,97087E-001	2,97103E-001	2,97143E-001	2,97345E-001	2,97423E-001	2,97987E-001	2,98928E-001	2,99386E-001	2,99760E-001	3,00377E-001	3,01051E-001	3,02094E-001	3,03117E-001	3,04230E-001	3,06160E-001	3,08827E-001	3,11136E-001	3,12993E-001	3,14921E-001	3,16274E-001	3,15805E-001	3,13571E-001	3,09865E-001	3,05906E-001	3,02326E-001	2,99359E-001	2,97030E-001	1,92478E-001	2,48371E-001	2,97885E-001	2,99848E-001	3,02822E-001	3,04888E-001	3,07005E-001	3,08502E-001	3,08260E-001	3,07021E-001	3,05690E-001	3,04019E-001	3,02575E-001	3,01195E-001	2,99834E-001	2,98358E-001	2,97179E-001	2,96921E-001	
2,97242E-001	2,97462E-001	2,97477E-001	2,97735E-001	2,98344E-001	2,98032E-001	2,97677E-001	2,97301E-001	2,97080E-001	2,96618E-001	2,97277E-001	2,99316E-001	3,01446E-001	3,01972E-001	3,00868E-001	2,99860E-001	2,99166E-001	2,98331E-001	2,98061E-001	2,98700E-001	2,99335E-001	2,98772E-001	2,97496E-001	2,95129E-001	2,96940E-001	2,97110E-001	2,97181E-001	2,97875E-001	2,97675E-001	2,97401E-001	2,97455E-001	2,97495E-001	2,97611E-001	2,97744E-001	2,98681E-001	2,99372E-001	2,99675E-001	3,00175E-001	3,00677E-001	3,01689E-001	3,02586E-001	3,03628E-001	3,05291E-001	3,07885E-001	3,10347E-001	3,12331E-001	3,14305E-001	3,15626E-001	3,15085E-001	3,12704E-001	3,09032E-001	3,05054E-001	3,01557E-001	2,98697E-001	2,96707E-001	1,50332E-001	2,96746E-001	2,98451E-001	3,00987E-001	3,03826E-001	3,05663E-001	3,07681E-001	3,08150E-001	3,07075E-001	3,05757E-001	3,04155E-001	3,02619E-001	3,01297E-001	2,99891E-001	2,98463E-001	2,97150E-001	2,96903E-001	
2,97332E-001	2,97558E-001	2,97573E-001	2,98019E-001	2,98487E-001	2,98229E-001	2,97848E-001	2,97460E-001	2,97134E-001	2,96989E-001	2,98239E-001	3,00677E-001	3,01920E-001	3,01717E-001	3,00298E-001	2,99752E-001	2,98866E-001	2,98504E-001	2,98862E-001	2,99717E-001	2,99263E-001	2,97982E-001	2,96879E-001	2,97285E-001	2,97329E-001	2,97504E-001	2,98269E-001	2,97992E-001	2,97755E-001	2,97822E-001	2,97873E-001	2,97899E-001	2,98369E-001	2,99287E-001	2,99696E-001	2,99886E-001	3,00407E-001	3,01281E-001	3,02005E-001	3,03013E-001	3,04381E-001	3,06853E-001	3,09406E-001	3,11514E-001	3,13494E-001	3,14770E-001	3,14174E-001	3,11682E-001	3,08110E-001	3,04108E-001	3,00807E-001	2,98106E-001	2,86520E-001	1,57691E-001	2,97241E-001	2,99232E-001	3,02291E-001	3,04489E-001	3,06461E-001	3,07883E-001	3,07081E-001	3,05735E-001	3,04226E-001	3,02672E-001	3,01349E-001	2,99964E-001	2,98606E-001	2,97158E-001	2,96916E-001	
2,97457E-001	2,97695E-001	2,97710E-001	2,98308E-001	2,98658E-001	2,98459E-001	2,98054E-001	2,97725E-001	2,97303E-001	2,97605E-001	2,99402E-001	3,01493E-001	3,02102E-001	3,00943E-001	3,00185E-001	2,99377E-001	2,98910E-001	2,99069E-001	3,00070E-001	2,99751E-001	2,98494E-001	2,97277E-001	2,97721E-001	2,97613E-001	2,97922E-001	2,98699E-001	2,98352E-001	2,98234E-001	2,98189E-001	2,98265E-001	2,98288E-001	2,99150E-001	2,99770E-001	2,99880E-001	3,00301E-001	3,00828E-001	3,01484E-001	3,02423E-001	3,03527E-001	3,05736E-001	3,08354E-001	3,10546E-001	3,12514E-001	3,13735E-001	3,13077E-001	3,10522E-001	3,07121E-001	3,03183E-001	3,00132E-001	2,97659E-001	2,60453E-001	2,28138E-001	2,97840E-001	3,00355E-001	3,03287E-001	3,05041E-001	3,06908E-001	3,06989E-001	3,05547E-001	3,04315E-001	3,02696E-001	3,01350E-001	3,00018E-001	2,98763E-001	2,97325E-001	2,96957E-001	
2,97571E-001	2,97824E-001	2,97992E-001	2,98616E-001	2,98872E-001	2,98693E-001	2,98197E-001	2,97771E-001	2,97594E-001	2,98711E-001	3,01103E-001	3,02108E-001	3,01411E-001	3,00493E-001	2,99740E-001	2,99296E-001	2,99584E-001	3,00455E-001	2,99976E-001	2,98431E-001	2,97794E-001	2,98130E-001	2,98016E-001	2,98836E-001	2,98961E-001	2,98649E-001	2,98597E-001	2,98622E-001	2,98578E-001	2,99351E-001	2,99967E-001	2,99972E-001	3,00329E-001	3,00965E-001	3,01436E-001	3,02377E-001	3,03794E-001	3,06309E-001	3,08668E-001	3,10844E-001	3,12593E-001	3,12490E-001	3,10486E-001	3,07129E-001	3,03367E-001	3,00186E-001	2,97757E-001	2,73859E-001	2,59488E-001	2,98170E-001	3,01104E-001	3,03666E-001	3,05352E-001	3,06791E-001	3,05784E-001	3,04374E-001	3,02882E-001	3,01420E-001	3,00183E-001	2,98925E-001	2,97504E-001	2,96983E-001	
2,97698E-001	2,98025E-001	2,98332E-001	2,98970E-001	2,99148E-001	2,98890E-001	2,98345E-001	2,98013E-001	2,98427E-001	3,00367E-001	3,01937E-001	3,01823E-001	3,00813E-001	3,00112E-001	2,99679E-001	3,00133E-001	3,00827E-001	3,00124E-001	2,98384E-001	2,98398E-001	2,98318E-001	2,98643E-001	2,99456E-001	2,99195E-001	2,99082E-001	2,99001E-001	2,98905E-001	2,99574E-001	3,00170E-001	3,00092E-001	3,00377E-001	3,01094E-001	3,01388E-001	3,02342E-001	3,04147E-001	3,06677E-001	3,09045E-001	3,11083E-001	3,11618E-001	3,10106E-001	3,07087E-001	3,03519E-001	3,00273E-001	2,97923E-001	2,96595E-001	2,96616E-001	2,98665E-001	3,01765E-001	3,03906E-001	3,05605E-001	3,05932E-001	3,04341E-001	3,03106E-001	3,01552E-001	3,00327E-001	2,99076E-001	2,97723E-001	2,97063E-001	
2,97872E-001	2,98241E-001	2,98705E-001	2,99358E-001	2,99478E-001	2,98985E-001	2,98452E-001	2,98408E-001	2,99600E-001	3,01615E-001	3,01956E-001	3,01169E-001	3,00482E-001	3,00045E-001	3,00643E-001	3,01089E-001	3,00181E-001	2,98619E-001	2,98895E-001	2,98750E-001	2,99595E-001	2,99765E-001	2,99573E-001	2,99408E-001	2,99262E-001	2,99813E-001	3,00361E-001	3,00215E-001	3,00435E-001	3,01012E-001	3,01344E-001	3,02423E-001	3,04555E-001	3,06947E-001	3,09307E-001	3,10463E-001	3,09549E-001	3,06869E-001	3,03693E-001	3,00379E-001	2,98131E-001	2,96808E-001	2,96931E-001	2,99333E-001	3,02301E-001	3,04047E-001	3,05493E-001	3,04492E-001	3,03141E-001	3,01728E-001	3,00436E-001	2,99265E-001	2,98002E-001	2,97227E-001	
2,98068E-001	2,98437E-001	2,99051E-001	2,99764E-001	2,99700E-001	2,98979E-001	2,98747E-001	2,99399E-001	3,01389E-001	3,01983E-001	3,01359E-001	3,00645E-001	3,00394E-001	3,01282E-001	3,01113E-001	2,99469E-001	2,99170E-001	2,99025E-001	2,99767E-001	3,00130E-001	2,99951E-001	2,99760E-001	2,99619E-001	3,00370E-001	3,00519E-001	3,00258E-001	3,00897E-001	3,00929E-001	3,01954E-001	3,04009E-001	3,06434E-001	3,08838E-001	3,09259E-001	3,07423E-001	3,04719E-001	3,01274E-001	2,98819E-001	2,97187E-001	2,96927E-001	2,99442E-001	3,02379E-001	3,03986E-001	3,04871E-001	3,03368E-001	3,02098E-001	3,00659E-001	2,99528E-001	2,98341E-001	2,97392E-001	
2,98318E-001	2,98865E-001	2,99442E-001	3,00145E-001	2,99724E-001	2,99082E-001	2,99380E-001	3,00956E-001	3,01906E-001	3,01526E-001	3,00885E-001	3,01154E-001	3,01640E-001	3,00669E-001	2,99452E-001	2,99282E-001	2,99917E-001	3,00481E-001	3,00260E-001	3,00002E-001	3,00224E-001	3,00742E-001	3,00434E-001	3,00711E-001	3,00744E-001	3,01513E-001	3,03443E-001	3,05960E-001	3,08130E-001	3,07709E-001	3,05406E-001	3,02458E-001	2,99476E-001	2,97757E-001	2,97060E-001	2,99633E-001	3,02453E-001	3,03912E-001	3,03887E-001	3,02252E-001	3,00986E-001	2,99807E-001	2,98675E-001	2,97618E-001	
2,98613E-001	2,99368E-001	2,99969E-001	3,00403E-001	2,99549E-001	2,99564E-001	3,00552E-001	3,01732E-001	3,01570E-001	3,01130E-001	3,01746E-001	3,01637E-001	3,00148E-001	2,99548E-001	3,00033E-001	3,00777E-001	3,00576E-001	3,00254E-001	3,00751E-001	3,00771E-001	3,00465E-001	3,00621E-001	3,01109E-001	3,02893E-001	3,05569E-001	3,07085E-001	3,05616E-001	3,03327E-001	3,00317E-001	2,98418E-001	2,97458E-001	2,99833E-001	3,02517E-001	3,03562E-001	3,02680E-001	3,01367E-001	3,00088E-001	2,99028E-001	2,98069E-001	
2,98925E-001	2,99831E-001	3,00680E-001	3,00184E-001	2,99793E-001	3,00391E-001	3,01743E-001	3,01501E-001	3,01870E-001	3,01938E-001	3,00658E-001	2,99714E-001	3,00328E-001	3,01012E-001	3,00600E-001	3,00916E-001	3,00873E-001	3,00636E-001	3,00496E-001	3,01722E-001	3,04136E-001	3,06100E-001	3,04461E-001	3,02179E-001	2,99544E-001	2,97966E-001	2,99359E-001	3,02258E-001	3,02990E-001	3,01855E-001	3,00571E-001	2,99440E-001	2,98517E-001	
2,99321E-001	3,00387E-001	3,00892E-001	3,00022E-001	3,00270E-001	3,01750E-001	3,01807E-001	3,02209E-001	3,01097E-001	2,99844E-001	3,00632E-001	3,01001E-001	3,01077E-001	3,00983E-001	3,00499E-001	3,00652E-001	3,02677E-001	3,05080E-001	3,03389E-001	3,01129E-001	2,98965E-001	2,98993E-001	3,02005E-001	3,02346E-001	3,01094E-001	2,99887E-001	2,99068E-001	
2,99897E-001	3,00998E-001	3,00527E-001	3,00078E-001	3,01773E-001	3,02524E-001	3,01460E-001	3,00004E-001	3,00955E-001	3,01232E-001	3,01028E-001	3,00368E-001	3,01472E-001	3,03868E-001	3,02299E-001	3,00399E-001	2,99313E-001	3,01707E-001	3,01769E-001	3,00535E-001	2,99603E-001	
3,00527E-001	3,00954E-001	3,00124E-001	3,02473E-001	3,01694E-001	3,00125E-001	3,01309E-001	3,01152E-001	3,00776E-001	3,02471E-001	3,01406E-001	3,00144E-001	3,01054E-001	3,01258E-001	3,00185E-001	
3,00955E-001	3,00646E-001	3,01902E-001	3,00558E-001	3,01059E-001	3,01336E-001	3,01054E-001	3,00783E-001	3,01008E-001	
0,00000E000	0,00000E000	0,00000E000	
