40 80 50
0,255409067754826 0,252375802896097 0,249869796283051 
0,2558508691273 0,260805064308396 0,261563824280319 0,258056678359559 0,252366952773542 0,247025978798911 0,244045083802087 0,244780614206979 0,249362828209692 
0,256002773990407 0,262194435150432 0,26650978899465 0,268036863464589 0,266627608043622 0,262846734955364 0,257661631226838 0,252067541113107 0,246850170526941 0,242569978686578 0,239691366945062 0,238684809513687 0,239963545783143 0,243653841899379 0,249343289160779 
0,256356059212903 0,262922671387335 0,26849395345211 0,272363122808661 0,274092104727386 0,273583222340515 0,271068431513522 0,267023814403696 0,262039482194528 0,256686957548558 0,251423686024463 0,246558697475834 0,242280276588381 0,238724025273509 0,236045802043919 0,234463522078724 0,234244764659866 0,235638866827455 0,238774873457267 0,243562176731751 0,249633218873647 
0,257028781779151 0,263704038373747 0,269790067038319 0,27477157069396 0,278241364489845 0,279951818807572 0,279841094834016 0,278030017081875 0,274791125987181 0,270496776867758 0,2655569987414 0,260359412249942 0,255222524821355 0,250370411219216 0,245931877956593 0,241961764557053 0,238477224562384 0,235498683204309 0,233084353858282 0,205458777822386 0,17880551262598 0,183467025819679 0,224936620005415 0,234726215741306 0,2388070531142 0,244102670861004 0,250320103313809 
0,2581174681415 0,264761612497181 0,271030906294675 0,276542351898154 0,280960895138996 0,284030998361772 0,285599606654535 0,285627710123586 0,284189220373714 0,2814575647496 0,277682020714102 0,273157138137464 0,268189444602734 0,263065881857599 0,258028048945766 0,253255387205708 0,248859072877158 0,244886783886396 0,241336909952316 0,238179409752419 0,23537958156914 0,232920638355833 0,189629019681441 0,139335495053362 0,104963563483706 0,090755182733236 0,101378737711407 0,14116507088234 0,213275491824565 0,235131202988568 0,239727192938381 0,24525867674579 0,251493163994588 
0,259698632395754 0,266214443108733 0,272478144710085 0,278197788054019 0,283103929080691 0,28696909318997 0,289624001432561 0,290969074546891 0,290980184072464 0,28970817509723 0,287272286443089 0,283848180403497 0,279651806258893 0,27492070810651 0,269894609382719 0,264797142074213 0,259820435335298 0,255113952759815 0,250778504192536 0,24686580508562 0,243383371430538 0,240303981808804 0,237578467560725 0,235150255923846 0,232969923672268 0,195233631104012 0,142935208939312 0,0982438492636639 0,0632568204761546 0,0409687223254807 0,0349789687897188 0,0490875025308582 0,0868212284609347 0,150942044681767 0,232599931048343 0,236597454271787 0,241461554562615 0,247065992853911 0,253224253504503 
0,26207995389978 0,268678362962483 0,275077387715427 0,281028663461562 0,286296694437155 0,290672911374122 0,293988126307913 0,296122466048214 0,297012056369906 0,296651977038452 0,295095293456436 0,29244827120886 0,288862171098312 0,284522281163656 0,279635048054803 0,274414306695905 0,269067663674878 0,26378406203269 0,258723445636965 0,254009259266607 0,249724280902496 0,245910005121557 0,242569503582918 0,239673404201454 0,237168377827197 0,234987320566842 0,233060287505064 0,204747919973322 0,157109098490751 0,113282916602148 0,0735487923040621 0,039111275549879 0,0120434716511979 -0,00486631707452734 -0,00835260420158757 0,0050241424804498 0,0385345811712764 0,0949268845245181 0,176092888342553 0,233926359831942 0,238313509217071 0,243462576075741 0,249255550996247 0,255528770489231 
0,265086614342755 0,271628161881644 0,278006461632454 0,284010677129637 0,289437176718239 0,29409974804606 0,297839007615644 0,300530435411227 0,302090548307211 0,302480840825097 0,301709260430886 0,299829138004163 0,296935652463432 0,293160061568654 0,288662068770858 0,28362080975607 0,278225024728683 0,272663028242756 0,267113094636473 0,261734843577925 0,256662139169918 0,251997912247832 0,247811185784809 0,244136436267352 0,240975269166302 0,238300234370182 0,23606046763813 0,234188725913831 0,23260929542939 0,202378447026876 0,165925612456483 0,132304122629127 0,100517153639568 0,0702974913342049 0,0421635378204974 0,0174093474708061 -0,00197104902309464 -0,013420229804217 -0,0140058410842261 -0,000648255572210488 0,0296280498522589 0,0794366598218827 0,150782832405491 0,232661779868108 0,236560455989358 0,241191221177125 0,246484125199926 0,252331169099578 0,258589458008493 
0,267649888619825 0,273952812330537 0,28028287032265 0,286182883746482 0,291732111993548 0,296777666322635 0,301195790108767 0,304415232140737 0,30639136483643 0,307038474937125 0,306696240114412 0,304970759582459 0,302379875146997 0,299085421785232 0,295225844797812 0,291403983891262 0,287237735349291 0,28249374029799 0,277205445697118 0,271361361570847 0,265394837588556 0,25943102761883 0,253744425690054 0,24937710596306 0,245529024895589 0,242292375696234 0,239426487708028 0,236471282309615 0,23404977768353 0,224563696939165 0,181068226903962 0,158656843700883 0,147525022016566 0,145879854309875 0,142272501969997 0,13023044863338 0,116953747369053 0,0938022695077647 0,0784946822599653 0,0650578015598604 0,0487126732910896 0,0389153741085952 0,0353356526706918 0,044885584454408 0,0625971618668236 0,0593234361310488 0,0961669313791445 0,173015828125784 0,233700459721438 0,237953545624956 0,243123188443553 0,249457150256359 0,255799172114006 0,261767413962139 
0,269154306664558 0,2757943598825 0,282215269171723 0,288659724272756 0,294665882318125 0,299818706086999 0,304151755655546 0,307326836678765 0,309706696904467 0,311066237695626 0,310336840372056 0,308609732482164 0,30603258610635 0,30272695448752 0,29976238608133 0,296473073201484 0,292621333254927 0,288334195394308 0,283742081315881 0,278859505495496 0,27340539852328 0,267908040506795 0,262284846079324 0,256699114667222 0,251607984911657 0,246755655510881 0,241976090978559 0,238311230090065 0,235231692247401 0,232510887024112 0,174783894843023 0,141206565591064 0,11556451809051 0,098772574264985 0,0958698446997882 0,0986346521458014 0,110378795357894 0,135341699670798 0,171627670623697 0,193405941317973 0,197523386714801 0,190309411387889 0,167868159899373 0,142539840851879 0,131080840609879 0,116551078399532 0,0528399359782743 0,0258249834875051 0,0397825886347389 0,0721672384632908 0,112857815342858 0,171396012708937 0,232963005223115 0,236630735865722 0,241374160081415 0,246862111047262 0,253335713542451 0,26124991609784 
0,266029692469372 0,276103595209438 0,284049750156773 0,290852418589225 0,296942103383923 0,302606596495515 0,306826121883288 0,309913696331512 0,311731445430228 0,312241025536865 0,312043653051424 0,311180814648135 0,309052029670629 0,306410976384062 0,303934171744095 0,300748109206744 0,296955000573968 0,292668414417773 0,288009054691011 0,283100381306752 0,278064246210948 0,273072805552531 0,268513312164528 0,263700006181798 0,259423083455668 0,254778840708774 0,249794888166004 0,244302666933135 0,239237250630234 0,234469282264277 0,200604045073864 0,145395140489315 0,111705953483781 0,0831713501512268 0,0658300972348255 0,0574636387867736 0,0554322015565738 0,0689270125644308 0,0905825837593822 0,128231383871438 0,166095864903971 0,21015015227736 0,232910670629315 0,233867833380016 0,234038348843251 0,234007558020171 0,233542305799285 0,198167611592643 0,124692699887154 0,0905729031639347 0,0890039206767412 0,0984586586555414 0,112358080780175 0,123663001061537 0,145223804762241 0,175005670199841 0,232385199895764 0,235174969132366 0,238520333347066 0,243292952503861 0,249504726853718 0,257114931594705 
0,261899944275028 0,271471037579461 0,282004045639049 0,291863110437591 0,298937279934349 0,304110802788827 0,308541909861518 0,311994981142201 0,313598852841215 0,313820696666428 0,313194891083694 0,311885645289769 0,30998926853939 0,309173550511281 0,307380324648747 0,304283099663449 0,300555150302826 0,296294717183818 0,291609319107142 0,286612287837329 0,281419179238129 0,276192590561304 0,271600065338461 0,267337993357192 0,263663035595733 0,260080837215247 0,256207465973776 0,251656184888605 0,246576176237812 0,241653561649197 0,236927899679347 0,232676678409171 0,150404737772052 0,0858091809377352 0,0563901554043681 0,0393560184831662 0,0284164428575651 0,0222652904042986 0,0310531942271407 0,0472473347115139 0,0784427445315836 0,123977910595232 0,169033302322451 0,208921806571933 0,23250761959833 0,233960487439062 0,235461704327449 0,236742480514225 0,237168344264882 0,234833489326092 0,232896664030958 0,217652814701399 0,203072454565111 0,206173692047204 0,203890685186486 0,185566429955322 0,175091653952976 0,168228653310646 0,176315026192017 0,197812455488123 0,200295765969165 0,232844116654111 0,235952976397093 0,2404262396546 0,246273460940016 0,253458641849767 
0,258394305972035 0,267610522046762 0,2778031177282 0,28878385189756 0,299353117355408 0,305906779634238 0,311037695792134 0,313674071385124 0,315444787649014 0,316084287907566 0,315411615358898 0,313531224390504 0,31196878825443 0,310729420164967 0,308954587387119 0,306745088314483 0,303228506102345 0,298762518434407 0,293843014525431 0,288578085355738 0,283080041025444 0,277639554694642 0,272817630328774 0,268344678963689 0,264537736694877 0,261164584482789 0,25797872247739 0,254072081451046 0,249659798001719 0,245674083745172 0,241538857255323 0,237104897416862 0,233653544076829 0,189266134575855 0,104587699679181 0,0249570246951518 -0,00204453761278284 -0,0131898712589664 -0,0138352199352929 -0,00388344141447916 0,0130635974132126 0,0512134872285902 0,0935834619670808 0,133400791680287 0,173359428243461 0,214392788386555 0,232992560707998 0,234138299624627 0,235678233346006 0,237465274768891 0,236751518257759 0,23555100731512 0,235345603399142 0,236265047984925 0,236398200809681 0,236065498500779 0,23528371770205 0,234367747531867 0,233189998937804 0,22878684496282 0,208114307382121 0,180423406701469 0,161693687755839 0,16684519927402 0,195826974447568 0,233776765879149 0,237946122773353 0,243467306695064 0,250308142609895 
0,255396900566217 0,264100832790311 0,273775110783187 0,283593426043894 0,293929113047659 0,304711078843338 0,310963615105406 0,31465905169451 0,316398873546582 0,317201214779618 0,316820221560059 0,31534326970807 0,31433768488428 0,312533196208056 0,31016104252333 0,307316399742547 0,304105427710654 0,300641894459231 0,295596444038269 0,290106499531893 0,284351634507314 0,278731946906156 0,27369749233341 0,269016851999373 0,265033189588871 0,261494012236168 0,258156480973683 0,254329229714588 0,250583728573118 0,247383353986217 0,243721571522463 0,240367853342861 0,237637223689013 0,234945721593394 0,231059562009556 0,150536815630568 0,0802792966851876 0,0114980231211265 -0,0492313794188497 -0,0437837553352753 -0,0320930400319865 -0,0137536009594531 0,0298560211482168 0,0688356292024993 0,103931061685542 0,137655721038667 0,172638948618089 0,211518323968239 0,232981685103208 0,234488571762835 0,235877467528298 0,235161556961815 0,235062474751603 0,23643322438661 0,238527080720479 0,240130959902799 0,241445916248776 0,241600020515619 0,240494261188397 0,238763906602303 0,237357441091584 0,235739266898989 0,23404786411639 0,220367810245049 0,169794878900219 0,144236771087115 0,152549657391654 0,184121838232373 0,232522037824884 0,236317081006928 0,241419865906946 0,247802001606792 
0,253015516208427 0,261080383903137 0,269524695070171 0,278561496742023 0,288273486872864 0,297796107494704 0,306948557980119 0,313329676516997 0,316449281578122 0,317547762259499 0,317202458577324 0,316931385167237 0,316400128909433 0,314578485763572 0,311650818069962 0,308221890649119 0,304391047468175 0,30026623894594 0,295960993880705 0,291262539604078 0,285288204063296 0,279557390506141 0,274342999153538 0,26947487211954 0,265301654921034 0,26158744834559 0,258080258402731 0,254228201542728 0,250282190501511 0,246915984137049 0,243995470908632 0,241457591257539 0,238903952901146 0,23729400235608 0,235859014424135 0,233722735341995 0,203059066346733 0,138885447273128 0,0727886914028549 0,0108642924134686 -0,0403618937067048 -0,0531932224495044 -0,0282182610640856 0,014776928281523 0,0508892631917082 0,0821072457810763 0,110680364105671 0,139034177182486 0,169679753210443 0,205120156160896 0,232728184179462 0,234396262264839 0,234056944121312 0,233329563586928 0,234276891879658 0,237264555109755 0,240771737597047 0,243713692949922 0,24558947129179 0,246258185140638 0,245948854846561 0,244516391194894 0,242222200397147 0,24019185897369 0,23790829441909 0,23474535027428 0,229172542596282 0,180022727145612 0,153708912012007 0,157375143751068 0,191033826878512 0,232747742670426 0,235571899979849 0,240185797120843 0,246019955999719 
0,251325125759372 0,258378908986516 0,266056642599581 0,274585819008772 0,283373837848879 0,29177696145164 0,300345380972527 0,308885957816611 0,314991077525825 0,317316875655047 0,317916594506751 0,318426758932652 0,317919319941589 0,316250012890848 0,313445388472376 0,309306890110469 0,30474334939549 0,299861862535161 0,294775907166594 0,28960243481119 0,284407039007872 0,279000438803623 0,273604483813192 0,268564333574931 0,264368966149013 0,260449549418489 0,25675482115782 0,252497695763848 0,248457359847374 0,245031546408718 0,2420520150025 0,239553491456542 0,237699299634975 0,237200262402686 0,236098390606569 0,234893199169656 0,233727459618899 0,224093369841218 0,159542508796526 0,0982757388223753 0,0482693371157612 0,00220136656936726 -0,0387033462583222 -0,0216708057346098 0,0157657582030616 0,0466831872198079 0,0730111972375827 0,0969359365446298 0,120822684154276 0,147133020692698 0,178338805921456 0,21683538606266 0,232774518618766 0,210080737336118 0,224071288354321 0,233732127529983 0,237166740029877 0,241050067136686 0,245057369993603 0,248489910159723 0,249793569720932 0,250239687232778 0,249852313892419 0,248343964809685 0,245937711752798 0,242437373996038 0,239008557746838 0,235895411205227 0,233205635083473 0,205222590629083 0,177375043527818 0,174115602131162 0,204224624215067 0,233201155482621 0,235824915187553 0,239499265411651 0,244843156152932 
0,249906187243301 0,256159963596031 0,263412206982596 0,271301445402827 0,278785996833179 0,286633589445424 0,294671273118363 0,302681627758882 0,310530554232013 0,315715300031756 0,318886056933935 0,319955486928247 0,319134427858796 0,317273549184714 0,314258146653924 0,31014478650686 0,304741643221165 0,298976367268265 0,293002196367861 0,286915592384862 0,281336711104184 0,276587924579976 0,271520763665858 0,266588761862822 0,262231708308543 0,258091051436841 0,253902888963567 0,249246814897963 0,245245883927389 0,241903634206565 0,238908776752279 0,236637149669935 0,235391157210383 0,235178845661016 0,235044265375366 0,234408036995071 0,233681201819514 0,232931455251449 0,212061003670523 0,156011397946712 0,10842197233043 0,0657546287082863 0,0355892192210404 0,0175740532393584 -0,00346780246171641 0,0254256171072696 0,0491598394645242 0,0698276830650715 0,0897414685967447 0,111354663261163 0,137179080707383 0,169699905978356 0,170762276743194 0,135827791199028 0,152479534058786 0,232459994928276 0,236370083735338 0,240234692914875 0,244423586299975 0,24821570064801 0,251327631577654 0,25334613927814 0,253764752771138 0,253339775357596 0,252073566244377 0,249040896422532 0,24478381488003 0,240809942824367 0,237681073025278 0,234974100446652 0,232784903131175 0,214199841698705 0,207108889033659 0,225906819628753 0,233852453124891 0,236469404754546 0,23978328128996 0,244267037262703 
0,248793601761595 0,254500659866516 0,261181436979082 0,2674287683958 0,274189086839793 0,281323981818194 0,288638772888227 0,295992984143154 0,303221509790595 0,311555250406984 0,317645413367139 0,31973411588586 0,31950184904549 0,317338402155723 0,314156389351741 0,309869782306725 0,304548713213883 0,298049805509087 0,291260384910565 0,284482626418548 0,278616316682651 0,27335512338818 0,268780372301613 0,264702730445214 0,260128217549123 0,255796484526062 0,250838782133438 0,246215516366278 0,242277509718252 0,238878579154187 0,236053441870434 0,234003284236435 0,233410241163374 0,23327715124245 0,233263408904341 0,233349856510917 0,233601557271722 0,233074605631916 0,232376075918898 0,224278086584667 0,179180640673907 0,138970251939223 0,119258767485447 0,0995274765559744 0,0703524789302666 0,033760434004531 0,0339576183238993 0,0517327254234526 0,0681229743152195 0,0854986567805286 0,106331722896054 0,133114963764484 0,107187198764607 0,0730857015349706 0,0961116818489628 0,185947929286151 0,234845674058065 0,239439285343728 0,243970389655174 0,247482051273949 0,250905661034006 0,253788772204958 0,256131740217516 0,256837959132312 0,25639747928268 0,254486227323601 0,251246759809373 0,247411891831308 0,243260418266813 0,239914480070003 0,237246137535354 0,235083121443236 0,233526775518323 0,233173364481488 0,233663366231513 0,235037612930147 0,237608770194425 0,240858188302585 0,244473210280578 
0,248531422217562 0,253428779747187 0,258404523095062 0,263805283520517 0,269726282433751 0,276003311226401 0,282494591625903 0,289060763437865 0,296375095876247 0,304698438596959 0,31260220197027 0,317329680496692 0,318121369946394 0,316593994106622 0,313163131287306 0,308776140845101 0,303372105181604 0,297032639209745 0,289498437406548 0,282698346279486 0,276398774983824 0,270698818103417 0,266003680367666 0,262110954566387 0,258224129184275 0,253382999017294 0,248147749181685 0,243591804907939 0,239738531569946 0,236306396004525 0,233664322187478 0,226203860020687 0,217282085019122 0,21444726614903 0,216421104973455 0,228030944475427 0,232721729787219 0,233246425590596 0,23294542884565 0,232867727714029 0,232777206905682 0,223329892066162 0,210861141871948 0,189844700725337 0,159720674361455 0,121266680362266 0,0770966164023539 0,0444144186066188 0,0577963730268217 0,0715308627262096 0,0879778697513713 0,109560318766532 0,0595451782621157 0,0273397127551373 0,0512359638479962 0,14306553970932 0,233381255765963 0,23792814022973 0,242982459331049 0,247073359725803 0,250405466392281 0,253228666729845 0,255854442710833 0,257947150414673 0,259364387068436 0,258222573664416 0,255916676117782 0,253250255544472 0,249988334319467 0,246330105982553 0,242498540548975 0,239921499647423 0,237828027392755 0,236293950134215 0,235522978316375 0,23587615601318 0,237060080702238 0,239173785042594 0,242170161086967 0,245059456593053 
0,249187004431372 0,25221301304877 0,256174036611748 0,260810310919554 0,265947201657082 0,271444582694919 0,277184450958898 0,283511970080754 0,291373108390388 0,299009707215641 0,306249557977731 0,312927973464679 0,315482556410435 0,314625903819433 0,311437953995283 0,306593178314393 0,300861743626388 0,294134936425666 0,287259308306243 0,280078772093458 0,273425530579309 0,267638042717947 0,262741170119516 0,258372205887342 0,254434340379216 0,24937077295661 0,244329480666871 0,240005681808523 0,236173996017235 0,233109817866062 0,193279557697556 0,17777545983305 0,170509330466561 0,170178534815917 0,179434990679475 0,200481869895446 0,220427760254184 0,232551973535378 0,233466210312922 0,233675586096053 0,233895136680702 0,234694062104557 0,234268094963794 0,233316810404609 0,228073386906416 0,184518640097521 0,135437875929729 0,0836146138513074 0,0565616923029124 0,0685703764011394 0,0841614175700795 0,0421535648438752 -0,00647795707378909 0,000348336736811561 0,0738518768354793 0,187905196141609 0,235138969895876 0,240033509908537 0,244389181588001 0,248617588582125 0,252083201451343 0,254756642767593 0,257030274880919 0,259024423421758 0,259997880036442 0,259433168573879 0,257568540071273 0,255334701885955 0,252805861886744 0,249677535073444 0,246283780454286 0,242986506058795 0,240901757887422 0,239354931817312 0,238407031716178 0,238332197746304 0,239319829940223 0,241119117950362 0,24301187776295 0,245816354594258 
0,249360543638459 0,251702495196159 0,254375970707303 0,258278966720491 0,262672974246527 0,267458133247441 0,27283635148596 0,280082654377652 0,287276325892853 0,294240735964065 0,300803138793506 0,306799014962021 0,311941681622841 0,311355337281432 0,308412586189051 0,303137677123636 0,296708531039935 0,290177041264084 0,283439033891873 0,276401294798446 0,269776789793413 0,26394589526495 0,258635091104251 0,253581433091306 0,248435693334696 0,244325830352721 0,239669886563514 0,235489028495695 0,230879771467753 0,167809757447633 0,146083028032453 0,134493258735045 0,131707214560392 0,143796102380467 0,164883475317648 0,186405728084774 0,21504271429401 0,232918383639011 0,234257072008845 0,235077777628545 0,236215494708301 0,236836438690893 0,236382850954253 0,23504134088456 0,233485905493011 0,217949190358464 0,162538789908598 0,106682077060032 0,0635116960463651 0,073185419103986 -0,0102568066017399 -0,0396341282031562 -0,0124031739350561 0,0848387430456811 0,202280840972903 0,235760141417858 0,240505948091872 0,244768398505205 0,24866261449233 0,252425169050582 0,255460071803725 0,257673393769743 0,259426976200032 0,259636788278129 0,259667314085075 0,259213001975645 0,257465637872867 0,255393600039101 0,253076342744421 0,25020087498887 0,247125836962937 0,244279976719411 0,242669125658884 0,241641806089435 0,241245543401411 0,241798429396748 0,242670088759148 0,244189936269414 0,246705831636553 
0,249109459140383 0,25112428032956 0,253306008468725 0,255872944515882 0,259462861564434 0,26363056537661 0,269961485325301 0,276411024961859 0,282805092517185 0,28896938329614 0,294733950511385 0,299937673582351 0,304432507739295 0,306563599902999 0,303905415897069 0,29878490495921 0,292636579130193 0,286262664370909 0,279655457249527 0,273282401906651 0,266746268732113 0,2605481238517 0,254422559690365 0,248419958679507 0,243459788669454 0,239548277848113 0,235782863728789 0,232085920776908 0,168839126681831 0,138878372827903 0,120870208707029 0,113502894319934 0,125921983329523 0,144886132423718 0,166012527854451 0,200746806463194 0,232577173634699 0,234095687354907 0,236114918392034 0,237839263512807 0,238593308988991 0,238858882391145 0,238444927311308 0,236782887452293 0,234969633566472 0,233074022643814 0,198741342504376 0,142353274484859 0,0326942023494783 -0,035192832455252 -0,0447261194794515 0,012999511719157 0,112062978095477 0,231003078289567 0,23679796422671 0,24099502804792 0,24502118179106 0,24884022632978 0,252362362454665 0,255499569545245 0,258040788426499 0,258897591381742 0,259025566850972 0,259288502335917 0,259408715964024 0,259110664578776 0,257550819617582 0,255718989141445 0,25369720410192 0,251168415809126 0,248508836913152 0,246205879915446 0,245127805209972 0,244655241023303 0,244291000972213 0,24460247517235 0,245882117896233 0,24749532148898 
0,248880509396271 0,250442878991282 0,252205106569236 0,254044487170979 0,256448921703945 0,261613206709325 0,267053374869864 0,272605175052143 0,278099872289634 0,283368872976495 0,288248355462778 0,292583781993079 0,296234171029827 0,299076015322508 0,297989640653176 0,294182568804897 0,288716586706932 0,282429609270848 0,276463732799824 0,270392303894569 0,264087628053326 0,256978629397219 0,250198231430926 0,244435027780316 0,239647581026059 0,235828060381079 0,233267855967032 0,200804256002238 0,16091985424829 0,134603986252588 0,121839808726365 0,130883276523592 0,145459349646665 0,166112100326738 0,203165174724681 0,23272066974402 0,234349918714687 0,236718704095382 0,238840440848194 0,240473924165452 0,240872171721229 0,240828189429807 0,240375392984149 0,238658809153229 0,23669273170014 0,234724482975399 0,232805385340827 0,0942659679922888 -0,0111843051980131 -0,0205997517231322 0,0573138656180885 0,155705378196254 0,233639695905486 0,23778967463283 0,241631288295621 0,245358618486771 0,248900518779207 0,252192746491379 0,255179471070064 0,257327846291914 0,258167503548279 0,258517620214391 0,258669113241364 0,259020006066184 0,259263180429648 0,259179792568143 0,257872337787031 0,256349603719665 0,254693120491448 0,252593533714721 0,250423826676771 0,248703857503768 0,247810841322214 0,247048655749274 0,24692599738868 0,247573900425528 0,247995464498118 
0,248853332449014 0,249606045290992 0,250971128880595 0,25253565568488 0,25599163821108 0,260106569315405 0,264728200535849 0,269442592841049 0,274080762365968 0,278474751650306 0,282462600685622 0,285893155889158 0,288630580401101 0,290591575584238 0,292116467972927 0,288819030666201 0,283979329369746 0,27820771996905 0,272404771276062 0,266269843059626 0,258933090499211 0,251718580924163 0,245388089176388 0,239902391724898 0,235633214065473 0,232983709086228 0,226774895723161 0,191418749070301 0,15977851882656 0,151831623926925 0,155730331830776 0,166623775781411 0,196543119408305 0,232373945186189 0,23395463788891 0,236265480002577 0,23855399834469 0,240483662298258 0,242018984916663 0,242982982307127 0,242868208676036 0,242379729781814 0,241510287213639 0,239445833279703 0,237014165061815 0,222308321626045 0,116029066184187 0,0654370093472954 0,0796186769738875 0,171049242015268 0,233950180704393 0,237647398061835 0,241220988938394 0,244722908427041 0,248078071837574 0,251217684095353 0,254080989956392 0,255676417610231 0,256700094556721 0,257689928336579 0,258211148584883 0,258362418090245 0,25885732020721 0,259267846029908 0,259641621327673 0,258647006567629 0,257469372199032 0,256197847517544 0,2545855951681 0,252731532454796 0,250632060669988 0,249782598806737 0,249468083735374 0,248567191335582 0,248436353422583 
0,248668823434927 0,248939389541074 0,249781220466781 0,252871685732836 0,255973388107553 0,258974091296629 0,262772927774323 0,266681602679262 0,27047505442536 0,273980929215614 0,27703529341303 0,279488051501521 0,28159206885555 0,283563425842406 0,285110522786111 0,283390740252119 0,279097303521681 0,273247780470158 0,266289175263175 0,259171594124033 0,252399709425551 0,245710193706479 0,239971480843857 0,235847868559689 0,233600887647152 0,232284292310021 0,220220797436421 0,204583012647033 0,196150438912727 0,199309799204541 0,22414322426017 0,233182591034795 0,234769288745015 0,237241859295915 0,239480215023309 0,241414788590476 0,242997177932728 0,244201537939426 0,245025196522857 0,244812511024823 0,244142854375012 0,243235645700317 0,238492937742381 0,234284191214452 0,217673703287297 0,208035070724861 0,221871199135361 0,233267267017705 0,236634940222679 0,239944305555432 0,243253194969937 0,24647867211036 0,249542880995991 0,252375258293466 0,253734747709999 0,25495129459104 0,256091189106501 0,257090471101065 0,257895846552591 0,258294599296804 0,258744331068185 0,259358097158507 0,259949045903516 0,259734279884191 0,258925840308524 0,258050169487159 0,256206261933817 0,2541911402584 0,252465834222626 0,250963497763374 0,24973742411368 0,248867656016199 
0,248483666885975 0,248611831686109 0,250612295487512 0,252915956303265 0,255597384425036 0,258141926358909 0,260577866701208 0,263595209637248 0,266458742631938 0,268995703157884 0,271061977598658 0,273284618382468 0,275228233594731 0,276998301303543 0,278626520620572 0,278289028684747 0,273462535251404 0,266801557275757 0,259886664694687 0,253261527873775 0,247096178234607 0,241766417006485 0,238051604219124 0,235359716806729 0,233655158803314 0,233271567546433 0,233632247727977 0,233455952637944 0,233950952921431 0,234922123597159 0,236628516731928 0,238861946164172 0,240950987379731 0,242811842758492 0,244382325170789 0,245623920189211 0,246522948714735 0,247090792483889 0,247028628097956 0,244282571196518 0,240818718286897 0,238084827038632 0,236953199444736 0,236748242275078 0,237376036065498 0,238215032295357 0,239195378897306 0,242195271670322 0,24518673974653 0,248084630879271 0,250567094717071 0,251886762370042 0,253158521628643 0,254370701987473 0,255515865117138 0,256454927357334 0,257546515937 0,258245528114878 0,258667468770963 0,259492035263745 0,260306376924979 0,260862112504865 0,259920369360516 0,258668124560129 0,257340972948975 0,254945004293539 0,25222308547879 0,250679806218568 0,249433023239904 
0,249149794885416 0,249942184264432 0,251287160568499 0,252987344878369 0,254841514093226 0,256877641171663 0,25862636468619 0,260252510539691 0,262110651734181 0,264038635408461 0,26602922989688 0,267843173248977 0,269867751109118 0,271401209520147 0,27205329295316 0,271441072045179 0,267021194155048 0,261066871123157 0,254641786543586 0,249237215468549 0,245075211413864 0,241351434286329 0,238318938202709 0,236605483884029 0,235768548905433 0,235987392120568 0,237146037267678 0,237753725894136 0,239395222847803 0,241256733147314 0,243082202167425 0,244774562018633 0,246257874332814 0,247480208651873 0,248415504112629 0,249064347279576 0,248177055616826 0,245633692160582 0,2433738618476 0,242752582846408 0,242667604982732 0,242569632239679 0,242708406351968 0,24307446885633 0,24368915848578 0,244495639415142 0,246976113394142 0,248929269196558 0,250235151676235 0,251520110264733 0,252768372419585 0,253968518744312 0,25511359055848 0,256201011597936 0,257177401992682 0,25817365292791 0,258875162642433 0,259651853678596 0,260336011965674 0,26065035433 0,260103666404749 0,25853709693983 0,256514604746557 0,254060301201363 0,251481283825161 0,249708978544129 
0,250838726393058 0,25126915014747 0,251928869605273 0,252924051378158 0,25415062843927 0,255348911569283 0,256526239879203 0,257446152458663 0,258798054910482 0,260488450085898 0,262515658987969 0,264253207787269 0,265161881902565 0,26507686629727 0,264622038226244 0,263614972119277 0,260398671477859 0,255828087515565 0,251124492286605 0,247215085912952 0,244128804072228 0,241612597995845 0,239867300783433 0,239344694042818 0,2397893061462 0,241566459957379 0,243573508920609 0,245023822779363 0,246512119270268 0,247932220433705 0,249201088646524 0,250262481684564 0,251089299354416 0,249232939484838 0,247401079263363 0,246720196206201 0,247008909003225 0,247183264128171 0,24759662614345 0,247719152867964 0,247623019985537 0,247835439543091 0,248246554995879 0,248148663966964 0,248450662108764 0,249737411534855 0,251020651982085 0,252282605602528 0,253510339931359 0,254695899900098 0,255836199375387 0,256932681118613 0,257958761162139 0,25886904231158 0,259032996679471 0,259417680377106 0,259323673532266 0,258601097700002 0,256812410401502 0,254817362906624 0,252544863506659 0,251178606850555 
0,252872548948245 0,252270758894966 0,252458610325942 0,252792024592144 0,253163457759053 0,253792582146944 0,254631369802092 0,255707925963281 0,256971891161143 0,258283838590274 0,259066148283743 0,259337024456968 0,259254763647867 0,258730236109893 0,25820860992397 0,257945383981907 0,257199451662102 0,253763171126849 0,250253070177694 0,24746907310798 0,245650648390407 0,244568954525778 0,244635552943692 0,245558642073707 0,247058238473151 0,248926628091075 0,250489232725867 0,251598357802383 0,25262883618706 0,252313749118977 0,250695163486335 0,249695805948028 0,249614756952828 0,24995836119275 0,250511182726424 0,251105509907746 0,251421518272803 0,251820517804712 0,252070396954927 0,25125550624908 0,250580921287695 0,250109382695697 0,2498552683692 0,25076330769815 0,252025220891122 0,253269631250759 0,254487404272717 0,255674728389321 0,256719246460098 0,25724598239638 0,257670856946908 0,257543614936205 0,256892678837134 0,256256664796922 0,255522505464634 0,254477678923351 0,253978927666941 0,253508919866825 
0,254068642391875 0,253646745588881 0,253053489128507 0,252705938839756 0,252934878681801 0,253529014884779 0,254320883422742 0,254893869920449 0,255073322006849 0,25509113269189 0,254747345277635 0,254804348800956 0,254976230028564 0,254941291898838 0,254875215875268 0,254618786969792 0,254332263154652 0,253863834114689 0,252026039016682 0,250769690938728 0,250416811214926 0,250685176026567 0,251355156763235 0,252388076967835 0,253727838675528 0,254086707769476 0,253581063763157 0,252869651887998 0,252561257392814 0,252539325918704 0,252523594278244 0,252707433665408 0,253075956915761 0,253598989676585 0,25378547095583 0,253735857448099 0,253420521074697 0,253201946212954 0,252699786249125 0,25238641368615 0,25230060384285 0,252440092100884 0,253260282206527 0,254229339048683 0,254987401692684 0,25543688468347 0,255374095598373 0,255067746428027 0,254506074637668 0,25381127900006 0,253894517600753 0,253990496958375 0,254264527395108 0,254471403685363 
0 0 0 0 0 0 0 0 0 0 0 0 0 0 0 0 0 0 0 0 0 0 0 0 0 0 0 0 0 0 0 0 0 0 0 0 0 0 0 0 0 0 0 0 0 0 0 0 0 
0 0 0 0 0 0 0 0 0 0 0 0 0 0 0 0 0 0 0 0 0 0 0 0 0 0 0 0 0 0 0 0 0 0 0 0 0 0 0 0 0 0 0 0 
0 0 0 0 0 0 0 0 0 0 0 0 0 0 0 0 0 0 0 0 0 0 0 0 0 0 0 0 0 0 0 0 0 0 0 0 0 0 0 
0 0 0 0 0 0 0 0 0 0 0 0 0 0 0 0 0 0 0 0 0 0 0 0 0 0 0 0 0 0 0 0 0 
0 0 0 0 0 0 0 0 0 0 0 0 0 0 0 0 0 0 0 0 0 0 0 0 0 0 0 
0 0 0 0 0 0 0 0 0 0 0 0 0 0 0 0 0 0 0 0 0 
0 0 0 0 0 0 0 0 0 0 0 0 0 0 0 
0 0 0 0 0 0 0 0 0 
0 0 0 
