40 80
2,98968E-001	2,99437E-001	2,99160E-001	
2,98931E-001	2,98474E-001	2,99242E-001	2,99295E-001	2,99866E-001	2,99794E-001	2,99874E-001	2,98961E-001	2,98691E-001	
2,97742E-001	2,98809E-001	2,99487E-001	2,97851E-001	2,97844E-001	2,99899E-001	2,99371E-001	2,99307E-001	3,00789E-001	3,00393E-001	2,99639E-001	3,00513E-001	2,98551E-001	2,98550E-001	2,98951E-001	
2,97667E-001	2,97059E-001	2,99479E-001	3,00141E-001	2,98099E-001	2,94625E-001	2,97156E-001	3,00167E-001	2,99797E-001	2,98896E-001	2,98881E-001	3,00578E-001	3,01559E-001	3,01070E-001	3,00852E-001	3,00408E-001	2,99551E-001	2,98387E-001	2,98870E-001	2,99246E-001	2,98672E-001	
2,97480E-001	2,96559E-001	2,97200E-001	3,00173E-001	3,00589E-001	2,98625E-001	2,95015E-001	2,86966E-001	2,97205E-001	3,00145E-001	3,00062E-001	2,99240E-001	2,98581E-001	2,98621E-001	3,00277E-001	3,01777E-001	3,01973E-001	3,02260E-001	3,02245E-001	3,00806E-001	2,99544E-001	2,99028E-001	2,98473E-001	2,99359E-001	3,00176E-001	2,98894E-001	2,98460E-001	
2,97204E-001	2,96623E-001	2,96165E-001	2,97480E-001	3,00550E-001	3,00940E-001	2,99139E-001	2,96210E-001	2,86061E-001	2,82635E-001	2,97041E-001	2,99698E-001	3,00066E-001	2,99227E-001	2,98695E-001	2,98276E-001	2,98514E-001	3,00046E-001	3,01369E-001	3,02775E-001	3,02710E-001	3,03479E-001	3,03893E-001	3,02167E-001	2,99020E-001	2,98811E-001	2,98730E-001	2,98809E-001	2,99940E-001	3,00887E-001	3,00004E-001	2,98676E-001	2,98279E-001	
2,97097E-001	2,96765E-001	2,95088E-001	2,96338E-001	2,97885E-001	3,00662E-001	3,01118E-001	2,99497E-001	2,96816E-001	2,86200E-001	2,78335E-001	2,81451E-001	2,96651E-001	2,98973E-001	2,99903E-001	2,99010E-001	2,98610E-001	2,98388E-001	2,98030E-001	2,98506E-001	2,99795E-001	3,01127E-001	3,02804E-001	3,03484E-001	3,03862E-001	3,04858E-001	3,05650E-001	3,03626E-001	2,99806E-001	2,97987E-001	2,98394E-001	2,98542E-001	2,99227E-001	3,00428E-001	3,01583E-001	3,01186E-001	2,99699E-001	2,98525E-001	2,98148E-001	
2,96978E-001	2,96684E-001	2,95579E-001	2,94231E-001	2,96603E-001	2,98390E-001	3,00696E-001	3,01109E-001	2,99391E-001	2,96616E-001	2,84070E-001	2,75636E-001	2,72555E-001	2,86101E-001	2,96909E-001	2,98725E-001	2,99429E-001	2,98562E-001	2,98235E-001	2,98099E-001	2,97957E-001	2,97718E-001	2,99248E-001	3,00342E-001	3,01639E-001	3,03348E-001	3,04251E-001	3,04902E-001	3,05919E-001	3,07244E-001	3,06079E-001	3,02420E-001	2,98706E-001	2,97264E-001	2,98016E-001	2,98469E-001	2,99280E-001	3,00936E-001	3,02277E-001	3,02413E-001	3,01049E-001	2,99492E-001	2,98421E-001	2,98026E-001	
2,96895E-001	2,96505E-001	2,96134E-001	2,93428E-001	2,94172E-001	2,96875E-001	2,98741E-001	3,00672E-001	3,00966E-001	2,99168E-001	2,96415E-001	2,82904E-001	2,73482E-001	2,68904E-001	2,74491E-001	2,88632E-001	2,96673E-001	2,98537E-001	2,98690E-001	2,98114E-001	2,97803E-001	2,97741E-001	2,97759E-001	2,97519E-001	2,98573E-001	2,99855E-001	3,00895E-001	3,02328E-001	3,03896E-001	3,04965E-001	3,05900E-001	3,07020E-001	3,08591E-001	3,08622E-001	3,05307E-001	3,00977E-001	2,97567E-001	2,96617E-001	2,97655E-001	2,98418E-001	2,99271E-001	3,01534E-001	3,02724E-001	3,03556E-001	3,02472E-001	3,00961E-001	2,99316E-001	2,98352E-001	2,97916E-001	
2,96897E-001	2,96451E-001	2,96307E-001	2,93812E-001	2,92079E-001	2,95540E-001	2,97078E-001	2,98814E-001	3,00552E-001	3,00774E-001	2,98901E-001	2,96226E-001	2,82160E-001	2,71880E-001	2,66191E-001	2,67294E-001	2,77263E-001	2,89310E-001	2,96197E-001	2,98207E-001	2,97949E-001	2,97618E-001	2,97336E-001	2,97336E-001	2,97475E-001	2,97428E-001	2,97737E-001	2,99287E-001	3,00278E-001	3,01428E-001	3,03068E-001	3,04425E-001	3,05644E-001	3,06856E-001	3,07948E-001	3,09501E-001	3,10510E-001	3,08130E-001	3,03744E-001	2,99658E-001	2,96519E-001	2,96077E-001	2,97305E-001	2,98302E-001	2,99181E-001	3,01979E-001	3,03278E-001	3,04478E-001	3,03895E-001	3,02423E-001	3,00847E-001	2,99175E-001	2,98314E-001	2,97835E-001	
2,96876E-001	2,96457E-001	2,96393E-001	2,94085E-001	2,91519E-001	2,92042E-001	2,96210E-001	2,97288E-001	2,99096E-001	3,00587E-001	3,00351E-001	2,98187E-001	2,91959E-001	2,78456E-001	2,68072E-001	2,62708E-001	2,63416E-001	2,71001E-001	2,82216E-001	2,89648E-001	2,96649E-001	2,97689E-001	2,97050E-001	2,97014E-001	2,96777E-001	2,97014E-001	2,97217E-001	2,97217E-001	2,97768E-001	2,99355E-001	3,00354E-001	3,01346E-001	3,03003E-001	3,04393E-001	3,05880E-001	3,07378E-001	3,08676E-001	3,09992E-001	3,11827E-001	3,11654E-001	3,08316E-001	3,03525E-001	2,99319E-001	2,96091E-001	2,92336E-001	2,96712E-001	2,97953E-001	2,98843E-001	3,01687E-001	3,03674E-001	3,04841E-001	3,05427E-001	3,03987E-001	3,02471E-001	3,00857E-001	2,99114E-001	2,98285E-001	2,97784E-001	
2,96895E-001	2,96523E-001	2,96302E-001	2,94694E-001	2,92260E-001	2,90114E-001	2,93519E-001	2,96206E-001	2,97308E-001	2,99352E-001	3,00478E-001	2,99826E-001	2,97388E-001	2,87776E-001	2,75275E-001	2,64881E-001	2,60008E-001	2,60401E-001	2,66457E-001	2,75479E-001	2,83369E-001	2,90307E-001	2,96855E-001	2,96721E-001	2,96493E-001	2,96312E-001	2,96355E-001	2,96702E-001	2,97026E-001	2,97072E-001	2,97856E-001	2,99421E-001	3,00381E-001	3,01241E-001	3,02883E-001	3,04328E-001	3,05830E-001	3,07489E-001	3,09126E-001	3,10315E-001	3,11997E-001	3,13685E-001	3,12320E-001	3,08030E-001	3,03285E-001	2,98979E-001	2,94200E-001	2,88766E-001	2,95930E-001	2,97480E-001	2,98699E-001	3,01063E-001	3,03979E-001	3,05271E-001	3,06359E-001	3,05678E-001	3,03984E-001	3,02431E-001	3,00837E-001	2,99052E-001	2,98274E-001	2,97742E-001	
2,96966E-001	2,96645E-001	2,96266E-001	2,95541E-001	2,93484E-001	2,89611E-001	2,90564E-001	2,93955E-001	2,96185E-001	2,97517E-001	2,99481E-001	3,00253E-001	2,99056E-001	2,96679E-001	2,84053E-001	2,72754E-001	2,62525E-001	2,58107E-001	2,58208E-001	2,63478E-001	2,69409E-001	2,77770E-001	2,82822E-001	2,92837E-001	2,96203E-001	2,95046E-001	2,95520E-001	2,94707E-001	2,96095E-001	2,96430E-001	2,96848E-001	2,96970E-001	2,97966E-001	2,99449E-001	3,00425E-001	3,01139E-001	3,02724E-001	3,04245E-001	3,05619E-001	3,07341E-001	3,09342E-001	3,10731E-001	3,12108E-001	3,13999E-001	3,14720E-001	3,12514E-001	3,07555E-001	3,02995E-001	2,98648E-001	2,92439E-001	2,85797E-001	2,92806E-001	2,96921E-001	2,98460E-001	3,00369E-001	3,03702E-001	3,05569E-001	3,06631E-001	3,07103E-001	3,05571E-001	3,03990E-001	3,02366E-001	3,00761E-001	2,98988E-001	2,98273E-001	2,97714E-001	
2,97033E-001	2,96703E-001	2,96229E-001	2,96146E-001	2,94395E-001	2,90205E-001	2,88913E-001	2,91811E-001	2,93020E-001	2,96133E-001	2,98155E-001	2,99694E-001	3,00000E-001	2,97845E-001	2,91958E-001	2,78554E-001	2,68110E-001	2,58612E-001	2,55488E-001	2,57726E-001	2,61875E-001	2,66809E-001	2,73993E-001	2,78595E-001	2,88374E-001	2,93082E-001	2,92290E-001	2,92754E-001	2,92215E-001	2,93469E-001	2,95710E-001	2,96478E-001	2,96726E-001	2,97397E-001	2,98675E-001	3,00066E-001	3,00881E-001	3,01751E-001	3,03653E-001	3,04859E-001	3,06385E-001	3,08350E-001	3,10505E-001	3,11860E-001	3,13405E-001	3,15320E-001	3,15967E-001	3,13664E-001	3,08718E-001	3,03886E-001	2,99458E-001	2,94259E-001	2,83215E-001	2,87834E-001	2,95827E-001	2,97704E-001	2,99522E-001	3,02575E-001	3,05542E-001	3,06849E-001	3,07835E-001	3,07396E-001	3,05643E-001	3,04095E-001	3,02423E-001	3,00763E-001	2,98973E-001	2,98246E-001	2,97683E-001	
2,97073E-001	2,96785E-001	2,96321E-001	2,96324E-001	2,95461E-001	2,91371E-001	2,88470E-001	2,89784E-001	2,90973E-001	2,91961E-001	2,96617E-001	2,98734E-001	2,99752E-001	2,99009E-001	2,96666E-001	2,85477E-001	2,73793E-001	2,63264E-001	2,55982E-001	2,53574E-001	2,57972E-001	2,60936E-001	2,64664E-001	2,70700E-001	2,74942E-001	2,84373E-001	2,89427E-001	2,89846E-001	2,90281E-001	2,89963E-001	2,91066E-001	2,93735E-001	2,96065E-001	2,96493E-001	2,96951E-001	2,98160E-001	2,99508E-001	3,00528E-001	3,01312E-001	3,02495E-001	3,04308E-001	3,05462E-001	3,07142E-001	3,09280E-001	3,11516E-001	3,12829E-001	3,14492E-001	3,16416E-001	3,16970E-001	3,14592E-001	3,09710E-001	3,04755E-001	3,00353E-001	2,96224E-001	2,83838E-001	2,82941E-001	2,90930E-001	2,96785E-001	2,98727E-001	3,01216E-001	3,04597E-001	3,06993E-001	3,08043E-001	3,08593E-001	3,07362E-001	3,05633E-001	3,04092E-001	3,02414E-001	3,00722E-001	2,98944E-001	2,98212E-001	2,97659E-001	
2,97123E-001	2,96896E-001	2,96444E-001	2,96340E-001	2,96171E-001	2,92873E-001	2,88706E-001	2,88708E-001	2,90000E-001	2,89839E-001	2,92303E-001	2,97320E-001	2,99052E-001	2,99634E-001	2,97934E-001	2,92990E-001	2,80191E-001	2,70206E-001	2,60051E-001	2,54786E-001	2,53504E-001	2,58684E-001	2,60422E-001	2,63103E-001	2,67945E-001	2,72020E-001	2,80992E-001	2,86279E-001	2,87454E-001	2,88273E-001	2,88075E-001	2,89133E-001	2,91832E-001	2,94258E-001	2,96246E-001	2,96626E-001	2,97659E-001	2,98839E-001	3,00179E-001	3,00929E-001	3,01612E-001	3,03367E-001	3,04718E-001	3,05996E-001	3,07787E-001	3,10098E-001	3,12333E-001	3,13653E-001	3,15342E-001	3,17251E-001	3,17678E-001	3,15317E-001	3,10639E-001	3,05522E-001	3,01187E-001	2,96949E-001	2,85185E-001	2,79386E-001	2,86263E-001	2,95148E-001	2,97793E-001	3,00146E-001	3,03245E-001	3,06379E-001	3,07961E-001	3,08876E-001	3,08736E-001	3,07195E-001	3,05505E-001	3,03990E-001	3,02332E-001	3,00640E-001	2,98899E-001	2,98172E-001	2,97637E-001	
2,97147E-001	2,96998E-001	2,96531E-001	2,96344E-001	2,96351E-001	2,93944E-001	2,89459E-001	2,87983E-001	2,89019E-001	2,88259E-001	2,88779E-001	2,96152E-001	2,98265E-001	2,99428E-001	2,98639E-001	2,96357E-001	2,84707E-001	2,74115E-001	2,64099E-001	2,55723E-001	2,53545E-001	2,56037E-001	2,59648E-001	2,59597E-001	2,63361E-001	2,66109E-001	2,72465E-001	2,80313E-001	2,83809E-001	2,85604E-001	2,86696E-001	2,86513E-001	2,88013E-001	2,91071E-001	2,93740E-001	2,96144E-001	2,96598E-001	2,97800E-001	2,98928E-001	3,00221E-001	3,00964E-001	3,01667E-001	3,03257E-001	3,04678E-001	3,05878E-001	3,07601E-001	3,09963E-001	3,12435E-001	3,13865E-001	3,15517E-001	3,17514E-001	3,18474E-001	3,16992E-001	3,13160E-001	3,07659E-001	3,03134E-001	2,98739E-001	2,90608E-001	2,79393E-001	2,79998E-001	2,88327E-001	2,96398E-001	2,98660E-001	3,01404E-001	3,04669E-001	3,07522E-001	3,08737E-001	3,09349E-001	3,08924E-001	3,07164E-001	3,05474E-001	3,03976E-001	3,02316E-001	3,00621E-001	2,98885E-001	2,98116E-001	2,97598E-001	
2,97146E-001	2,97048E-001	2,96583E-001	2,96332E-001	2,96494E-001	2,94664E-001	2,90012E-001	2,87856E-001	2,88162E-001	2,87278E-001	2,86369E-001	2,92833E-001	2,97711E-001	2,99058E-001	2,98876E-001	2,96726E-001	2,86679E-001	2,76050E-001	2,66138E-001	2,57154E-001	2,53757E-001	2,54804E-001	2,59127E-001	2,59224E-001	2,60167E-001	2,63132E-001	2,67215E-001	2,75458E-001	2,80486E-001	2,83190E-001	2,84879E-001	2,84829E-001	2,85979E-001	2,88924E-001	2,91567E-001	2,94923E-001	2,96341E-001	2,97252E-001	2,98454E-001	2,99596E-001	3,00597E-001	3,01388E-001	3,02183E-001	3,04195E-001	3,05223E-001	3,06653E-001	3,08737E-001	3,11335E-001	3,13588E-001	3,15036E-001	3,16862E-001	3,18750E-001	3,18889E-001	3,16469E-001	3,11798E-001	3,06385E-001	3,01903E-001	2,97558E-001	2,86160E-001	2,76597E-001	2,79792E-001	2,88629E-001	2,96601E-001	2,99201E-001	3,02187E-001	3,05485E-001	3,08232E-001	3,09343E-001	3,09768E-001	3,09056E-001	3,07258E-001	3,05550E-001	3,04038E-001	3,02361E-001	3,00654E-001	2,98895E-001	2,98042E-001	2,97541E-001	
2,97147E-001	2,97085E-001	2,96663E-001	2,96341E-001	2,96657E-001	2,95558E-001	2,90863E-001	2,88098E-001	2,87817E-001	2,86858E-001	2,84851E-001	2,89676E-001	2,97173E-001	2,98663E-001	2,98943E-001	2,97159E-001	2,88649E-001	2,78536E-001	2,69264E-001	2,59589E-001	2,54689E-001	2,54701E-001	2,59630E-001	2,60206E-001	2,59036E-001	2,61363E-001	2,63634E-001	2,71017E-001	2,77253E-001	2,81091E-001	2,83729E-001	2,84080E-001	2,84432E-001	2,86902E-001	2,89938E-001	2,93129E-001	2,95813E-001	2,96696E-001	2,98075E-001	2,99104E-001	3,00269E-001	3,01012E-001	3,01750E-001	3,03162E-001	3,04603E-001	3,05730E-001	3,07406E-001	3,09883E-001	3,12531E-001	3,14351E-001	3,16037E-001	3,18080E-001	3,19310E-001	3,18585E-001	3,15376E-001	3,10160E-001	3,05123E-001	3,00660E-001	2,96408E-001	2,82300E-001	2,74713E-001	2,80046E-001	2,89475E-001	2,96905E-001	2,99815E-001	3,02900E-001	3,06161E-001	3,08771E-001	3,09787E-001	3,09935E-001	3,09012E-001	3,07201E-001	3,05497E-001	3,03995E-001	3,02325E-001	3,00632E-001	2,98877E-001	2,97963E-001	2,97476E-001	
2,97157E-001	2,97123E-001	2,96765E-001	2,96366E-001	2,96831E-001	2,96172E-001	2,92060E-001	2,88685E-001	2,87993E-001	2,86903E-001	2,84159E-001	2,87272E-001	2,96490E-001	2,98300E-001	2,98939E-001	2,97615E-001	2,91180E-001	2,81510E-001	2,72338E-001	2,62730E-001	2,56636E-001	2,55316E-001	2,60548E-001	2,62077E-001	2,60053E-001	2,60251E-001	2,61944E-001	2,68104E-001	2,74555E-001	2,78565E-001	2,81815E-001	2,83954E-001	2,83862E-001	2,85542E-001	2,88793E-001	2,91710E-001	2,94879E-001	2,96410E-001	2,97534E-001	2,98697E-001	2,99659E-001	3,00639E-001	3,01370E-001	3,02088E-001	3,03939E-001	3,04953E-001	3,06240E-001	3,08207E-001	3,10925E-001	3,13447E-001	3,15009E-001	3,16780E-001	3,18824E-001	3,19285E-001	3,17690E-001	3,13761E-001	3,08440E-001	3,03775E-001	2,99456E-001	2,93038E-001	2,79019E-001	2,74057E-001	2,80873E-001	2,90820E-001	2,97321E-001	3,00441E-001	3,03484E-001	3,06684E-001	3,09116E-001	3,10026E-001	3,09812E-001	3,08795E-001	3,06995E-001	3,05321E-001	3,03849E-001	3,02210E-001	3,00556E-001	2,98829E-001	2,97876E-001	2,97407E-001	
2,97144E-001	2,97128E-001	2,96814E-001	2,96367E-001	2,96959E-001	2,96307E-001	2,92873E-001	2,89323E-001	2,88142E-001	2,86919E-001	2,83683E-001	2,86418E-001	2,96286E-001	2,98207E-001	2,98884E-001	2,97677E-001	2,91406E-001	2,82338E-001	2,73464E-001	2,64091E-001	2,58073E-001	2,57368E-001	2,62637E-001	2,63875E-001	2,61283E-001	2,60472E-001	2,61882E-001	2,67936E-001	2,73939E-001	2,78007E-001	2,81837E-001	2,84083E-001	2,83926E-001	2,85653E-001	2,88975E-001	2,91909E-001	2,95022E-001	2,96462E-001	2,97669E-001	2,98814E-001	2,99693E-001	3,00648E-001	3,01336E-001	3,02104E-001	3,03805E-001	3,04815E-001	3,06076E-001	3,08066E-001	3,10849E-001	3,13368E-001	3,15015E-001	3,16829E-001	3,18846E-001	3,19163E-001	3,17540E-001	3,13559E-001	3,08358E-001	3,03654E-001	2,99348E-001	2,92625E-001	2,78751E-001	2,73194E-001	2,79747E-001	2,89782E-001	2,97196E-001	3,00470E-001	3,03523E-001	3,06685E-001	3,09158E-001	3,10033E-001	3,09697E-001	3,08667E-001	3,06905E-001	3,05241E-001	3,03769E-001	3,02146E-001	3,00524E-001	2,98796E-001	2,97765E-001	2,97313E-001	
2,97103E-001	2,97100E-001	2,96815E-001	2,96368E-001	2,97054E-001	2,96370E-001	2,93320E-001	2,89910E-001	2,88205E-001	2,86643E-001	2,83359E-001	2,86838E-001	2,96457E-001	2,98448E-001	2,98807E-001	2,97386E-001	2,89932E-001	2,81435E-001	2,72053E-001	2,63586E-001	2,59324E-001	2,61007E-001	2,65362E-001	2,64933E-001	2,61613E-001	2,60814E-001	2,63634E-001	2,70591E-001	2,74563E-001	2,79518E-001	2,83677E-001	2,83891E-001	2,84819E-001	2,87663E-001	2,90321E-001	2,93865E-001	2,96148E-001	2,97077E-001	2,98469E-001	2,99333E-001	3,00230E-001	3,00949E-001	3,01685E-001	3,02968E-001	3,04207E-001	3,05296E-001	3,06926E-001	3,09537E-001	3,12349E-001	3,14315E-001	3,16116E-001	3,18125E-001	3,19122E-001	3,18224E-001	3,14792E-001	3,09813E-001	3,04737E-001	3,00284E-001	2,96222E-001	2,80867E-001	2,73537E-001	2,76580E-001	2,86453E-001	2,96499E-001	2,99852E-001	3,03080E-001	3,06132E-001	3,08887E-001	3,09956E-001	3,09652E-001	3,08625E-001	3,06927E-001	3,05246E-001	3,03754E-001	3,02117E-001	3,00532E-001	2,98777E-001	2,97637E-001	2,97194E-001	
2,97078E-001	2,97075E-001	2,96822E-001	2,96457E-001	2,97139E-001	2,96458E-001	2,94014E-001	2,90608E-001	2,88642E-001	2,86405E-001	2,83641E-001	2,88035E-001	2,96782E-001	2,98657E-001	2,98763E-001	2,97021E-001	2,88859E-001	2,81000E-001	2,71691E-001	2,64453E-001	2,61235E-001	2,65768E-001	2,68495E-001	2,66241E-001	2,62978E-001	2,62380E-001	2,67311E-001	2,73112E-001	2,76189E-001	2,81916E-001	2,85364E-001	2,85116E-001	2,86663E-001	2,89843E-001	2,92684E-001	2,95673E-001	2,96593E-001	2,97916E-001	2,99035E-001	2,99764E-001	3,00640E-001	3,01226E-001	3,02138E-001	3,03519E-001	3,04543E-001	3,05843E-001	3,08090E-001	3,10982E-001	3,13373E-001	3,15114E-001	3,17143E-001	3,18711E-001	3,18212E-001	3,15653E-001	3,11006E-001	3,05953E-001	3,01302E-001	2,97207E-001	2,84203E-001	2,74991E-001	2,74109E-001	2,83385E-001	2,95024E-001	2,99090E-001	3,02545E-001	3,05405E-001	3,08360E-001	3,09727E-001	3,09481E-001	3,08442E-001	3,06801E-001	3,05113E-001	3,03630E-001	3,02011E-001	3,00477E-001	2,98730E-001	2,97499E-001	2,97074E-001	
2,97056E-001	2,97055E-001	2,96865E-001	2,96565E-001	2,97235E-001	2,96573E-001	2,94925E-001	2,91617E-001	2,89407E-001	2,86627E-001	2,84657E-001	2,90058E-001	2,97193E-001	2,98798E-001	2,98696E-001	2,96681E-001	2,89160E-001	2,81428E-001	2,72290E-001	2,66260E-001	2,64854E-001	2,70602E-001	2,71691E-001	2,68013E-001	2,64679E-001	2,65478E-001	2,71164E-001	2,75552E-001	2,80118E-001	2,85591E-001	2,86530E-001	2,87063E-001	2,89607E-001	2,92036E-001	2,95328E-001	2,96399E-001	2,97378E-001	2,98719E-001	2,99459E-001	3,00097E-001	3,00827E-001	3,01503E-001	3,02742E-001	3,03762E-001	3,04822E-001	3,06599E-001	3,09338E-001	3,11979E-001	3,13917E-001	3,15846E-001	3,17756E-001	3,17760E-001	3,16033E-001	3,11813E-001	3,07012E-001	3,02275E-001	2,98217E-001	2,88369E-001	2,76895E-001	2,73005E-001	2,81052E-001	2,92005E-001	2,98339E-001	3,01980E-001	3,04648E-001	3,07587E-001	3,09336E-001	3,09172E-001	3,08099E-001	3,06541E-001	3,04865E-001	3,03405E-001	3,01833E-001	3,00360E-001	2,98654E-001	2,97367E-001	2,96959E-001	
2,97017E-001	2,97053E-001	2,96870E-001	2,96704E-001	2,97295E-001	2,96639E-001	2,95451E-001	2,92553E-001	2,90056E-001	2,86604E-001	2,86046E-001	2,93936E-001	2,97961E-001	2,99000E-001	2,98421E-001	2,95623E-001	2,87951E-001	2,79203E-001	2,71413E-001	2,67737E-001	2,71883E-001	2,75013E-001	2,72950E-001	2,68181E-001	2,66446E-001	2,71600E-001	2,76465E-001	2,79761E-001	2,86266E-001	2,88622E-001	2,88546E-001	2,90751E-001	2,93044E-001	2,96087E-001	2,96539E-001	2,97504E-001	2,98834E-001	2,99531E-001	3,00050E-001	3,00769E-001	3,01476E-001	3,02545E-001	3,03541E-001	3,04606E-001	3,06593E-001	3,09429E-001	3,11870E-001	3,13812E-001	3,15860E-001	3,17265E-001	3,16591E-001	3,13875E-001	3,09424E-001	3,04617E-001	3,00154E-001	2,96307E-001	2,81608E-001	2,74603E-001	2,76397E-001	2,86755E-001	2,96851E-001	3,00684E-001	3,03508E-001	3,06430E-001	3,08672E-001	3,08870E-001	3,07779E-001	3,06480E-001	3,04740E-001	3,03224E-001	3,01750E-001	3,00264E-001	2,98609E-001	2,97229E-001	2,96848E-001	
2,96963E-001	2,97029E-001	2,96825E-001	2,96877E-001	2,97316E-001	2,96701E-001	2,95947E-001	2,92648E-001	2,90299E-001	2,86587E-001	2,89230E-001	2,96766E-001	2,98855E-001	2,99003E-001	2,97177E-001	2,92442E-001	2,84640E-001	2,76032E-001	2,71616E-001	2,74168E-001	2,78266E-001	2,76491E-001	2,71297E-001	2,68682E-001	2,74050E-001	2,78411E-001	2,82121E-001	2,89091E-001	2,90330E-001	2,90876E-001	2,93268E-001	2,95511E-001	2,96469E-001	2,96965E-001	2,98330E-001	2,99333E-001	2,99812E-001	3,00433E-001	3,00973E-001	3,02028E-001	3,02896E-001	3,03889E-001	3,05574E-001	3,08325E-001	3,10938E-001	3,13025E-001	3,15124E-001	3,16491E-001	3,15736E-001	3,12853E-001	3,08440E-001	3,03605E-001	2,99230E-001	2,93204E-001	2,79635E-001	2,73661E-001	2,79509E-001	2,91003E-001	2,98373E-001	3,02062E-001	3,04637E-001	3,07465E-001	3,08514E-001	3,07667E-001	3,06406E-001	3,04759E-001	3,03144E-001	3,01742E-001	3,00208E-001	2,98612E-001	2,97084E-001	2,96716E-001	
2,96925E-001	2,97000E-001	2,96798E-001	2,97068E-001	2,97351E-001	2,96806E-001	2,96135E-001	2,93098E-001	2,90208E-001	2,88357E-001	2,94357E-001	2,98225E-001	2,99256E-001	2,98514E-001	2,96266E-001	2,90255E-001	2,81327E-001	2,76116E-001	2,76754E-001	2,81845E-001	2,80550E-001	2,75225E-001	2,71559E-001	2,77066E-001	2,80635E-001	2,84844E-001	2,92068E-001	2,92739E-001	2,93430E-001	2,95820E-001	2,96462E-001	2,96849E-001	2,97703E-001	2,99009E-001	2,99646E-001	2,99950E-001	3,00545E-001	3,01469E-001	3,02159E-001	3,03129E-001	3,04483E-001	3,07099E-001	3,09819E-001	3,12049E-001	3,14156E-001	3,15475E-001	3,14660E-001	3,11654E-001	3,07355E-001	3,02490E-001	2,98333E-001	2,89655E-001	2,78630E-001	2,74391E-001	2,83297E-001	2,96174E-001	3,00097E-001	3,03055E-001	3,05800E-001	3,07947E-001	3,07459E-001	3,06203E-001	3,04677E-001	3,03047E-001	3,01645E-001	3,00141E-001	2,98628E-001	2,96949E-001	2,96589E-001	
2,96904E-001	2,96994E-001	2,96798E-001	2,97249E-001	2,97409E-001	2,96946E-001	2,96264E-001	2,94168E-001	2,90814E-001	2,91557E-001	2,96985E-001	2,99055E-001	2,99312E-001	2,97426E-001	2,95116E-001	2,86710E-001	2,80748E-001	2,79915E-001	2,85591E-001	2,84886E-001	2,79558E-001	2,75142E-001	2,80771E-001	2,83344E-001	2,88158E-001	2,95271E-001	2,95387E-001	2,96184E-001	2,96514E-001	2,96960E-001	2,97314E-001	2,98582E-001	2,99497E-001	2,99746E-001	3,00265E-001	3,00822E-001	3,01459E-001	3,02369E-001	3,03435E-001	3,05759E-001	3,08559E-001	3,10889E-001	3,12987E-001	3,14248E-001	3,13368E-001	3,10296E-001	3,06196E-001	3,01405E-001	2,97534E-001	2,87034E-001	2,78147E-001	2,77208E-001	2,87836E-001	2,97696E-001	3,01468E-001	3,03919E-001	3,06551E-001	3,07112E-001	3,05783E-001	3,04589E-001	3,02892E-001	3,01467E-001	3,00023E-001	2,98631E-001	2,96968E-001	2,96467E-001	
2,96873E-001	2,96982E-001	2,96962E-001	2,97446E-001	2,97507E-001	2,97079E-001	2,96311E-001	2,93944E-001	2,92039E-001	2,96339E-001	2,98799E-001	2,99554E-001	2,98232E-001	2,96525E-001	2,90313E-001	2,84532E-001	2,84601E-001	2,89655E-001	2,88106E-001	2,81245E-001	2,80301E-001	2,85355E-001	2,87754E-001	2,95267E-001	2,96512E-001	2,96531E-001	2,96842E-001	2,97224E-001	2,97496E-001	2,98657E-001	2,99570E-001	2,99694E-001	3,00130E-001	3,00804E-001	3,01221E-001	3,02129E-001	3,03555E-001	3,06236E-001	3,08753E-001	3,11083E-001	3,12946E-001	3,12703E-001	3,10276E-001	3,06249E-001	3,01681E-001	2,97682E-001	2,88090E-001	2,79065E-001	2,78740E-001	2,90466E-001	2,98705E-001	3,02051E-001	3,04433E-001	3,06572E-001	3,05811E-001	3,04452E-001	3,02919E-001	3,01367E-001	3,00037E-001	2,98647E-001	2,97008E-001	2,96336E-001	
2,96840E-001	2,97036E-001	2,97180E-001	2,97688E-001	2,97673E-001	2,97176E-001	2,96375E-001	2,94899E-001	2,96136E-001	2,98130E-001	2,99587E-001	2,98980E-001	2,97202E-001	2,94105E-001	2,88500E-001	2,89695E-001	2,93848E-001	2,91075E-001	2,83214E-001	2,86109E-001	2,88688E-001	2,93367E-001	2,96956E-001	2,97039E-001	2,97262E-001	2,97509E-001	2,97712E-001	2,98745E-001	2,99631E-001	2,99653E-001	3,00001E-001	3,00758E-001	3,00967E-001	3,01888E-001	3,03764E-001	3,06478E-001	3,09024E-001	3,11215E-001	3,11703E-001	3,09853E-001	3,06238E-001	3,01916E-001	2,97868E-001	2,89592E-001	2,80468E-001	2,80773E-001	2,94092E-001	2,99618E-001	3,02472E-001	3,04875E-001	3,05697E-001	3,04180E-001	3,02967E-001	3,01320E-001	3,00007E-001	2,98628E-001	2,97074E-001	2,96246E-001	
2,96849E-001	2,97098E-001	2,97431E-001	2,97970E-001	2,97908E-001	2,97170E-001	2,96409E-001	2,96215E-001	2,97402E-001	2,99429E-001	2,99400E-001	2,97927E-001	2,96448E-001	2,92518E-001	2,94744E-001	2,96365E-001	2,93659E-001	2,86938E-001	2,91342E-001	2,93301E-001	2,96983E-001	2,97591E-001	2,97699E-001	2,97831E-001	2,97960E-001	2,98845E-001	2,99667E-001	2,99604E-001	2,99869E-001	3,00458E-001	3,00708E-001	3,01776E-001	3,04041E-001	3,06615E-001	3,09174E-001	3,10375E-001	3,09217E-001	3,06014E-001	3,02170E-001	2,98076E-001	2,91374E-001	2,82380E-001	2,83359E-001	2,96602E-001	3,00382E-001	3,02775E-001	3,04879E-001	3,04092E-001	3,02782E-001	3,01311E-001	2,99925E-001	2,98640E-001	2,97195E-001	2,96239E-001	
2,96896E-001	2,97147E-001	2,97657E-001	2,98275E-001	2,98027E-001	2,97054E-001	2,96662E-001	2,97261E-001	2,99297E-001	2,99580E-001	2,98296E-001	2,96801E-001	2,95868E-001	2,96926E-001	2,96858E-001	2,92352E-001	2,93246E-001	2,95161E-001	2,97218E-001	2,98043E-001	2,98150E-001	2,98231E-001	2,98340E-001	2,99422E-001	2,99739E-001	2,99491E-001	3,00181E-001	3,00105E-001	3,01123E-001	3,03309E-001	3,05930E-001	3,08548E-001	3,08916E-001	3,06705E-001	3,03452E-001	2,99261E-001	2,96115E-001	2,85392E-001	2,83837E-001	2,96807E-001	3,00544E-001	3,02777E-001	3,04209E-001	3,02789E-001	3,01525E-001	2,99984E-001	2,98750E-001	2,97399E-001	2,96249E-001	
2,97001E-001	2,97460E-001	2,97937E-001	2,98566E-001	2,97938E-001	2,97090E-001	2,97314E-001	2,98918E-001	2,99638E-001	2,98643E-001	2,97272E-001	2,97237E-001	2,97763E-001	2,96862E-001	2,95303E-001	2,96249E-001	2,97434E-001	2,98475E-001	2,98517E-001	2,98495E-001	2,98984E-001	2,99762E-001	2,99501E-001	2,99810E-001	2,99758E-001	3,00498E-001	3,02552E-001	3,05290E-001	3,07648E-001	3,07060E-001	3,04308E-001	3,00744E-001	2,97051E-001	2,89613E-001	2,85190E-001	2,97112E-001	3,00701E-001	3,02758E-001	3,03088E-001	3,01468E-001	3,00154E-001	2,98872E-001	2,97593E-001	2,96325E-001	
2,97158E-001	2,97863E-001	2,98384E-001	2,98738E-001	2,97653E-001	2,97581E-001	2,98556E-001	2,99575E-001	2,98845E-001	2,97789E-001	2,98296E-001	2,98212E-001	2,96828E-001	2,96628E-001	2,97615E-001	2,98843E-001	2,98885E-001	2,98755E-001	2,99521E-001	2,99679E-001	2,99360E-001	2,99477E-001	2,99915E-001	3,01816E-001	3,04745E-001	3,06364E-001	3,04582E-001	3,01829E-001	2,98167E-001	2,94382E-001	2,88156E-001	2,97429E-001	3,00843E-001	3,02399E-001	3,01688E-001	3,00378E-001	2,98996E-001	2,97805E-001	2,96655E-001	
2,97354E-001	2,98237E-001	2,99064E-001	2,98392E-001	2,97873E-001	2,98418E-001	2,99611E-001	2,98760E-001	2,98849E-001	2,98877E-001	2,97656E-001	2,97035E-001	2,98127E-001	2,99249E-001	2,99009E-001	2,99564E-001	2,99646E-001	2,99397E-001	2,99160E-001	3,00438E-001	3,03066E-001	3,05190E-001	3,03207E-001	3,00457E-001	2,97239E-001	2,91926E-001	2,96906E-001	3,00554E-001	3,01716E-001	3,00692E-001	2,99367E-001	2,98110E-001	2,97006E-001	
2,97653E-001	2,98734E-001	2,99209E-001	2,98156E-001	2,98312E-001	2,99612E-001	2,99202E-001	2,99546E-001	2,98403E-001	2,97379E-001	2,98629E-001	2,99338E-001	2,99611E-001	2,99627E-001	2,99087E-001	2,99175E-001	3,01363E-001	3,03975E-001	3,01917E-001	2,99199E-001	2,96599E-001	2,96544E-001	3,00273E-001	3,00938E-001	2,99758E-001	2,98457E-001	2,97479E-001	
2,98171E-001	2,99329E-001	2,98745E-001	2,98108E-001	2,99609E-001	3,00283E-001	2,99076E-001	2,97723E-001	2,99133E-001	2,99663E-001	2,99544E-001	2,98796E-001	2,99959E-001	3,02544E-001	3,00599E-001	2,98363E-001	2,97069E-001	2,99934E-001	3,00234E-001	2,99031E-001	2,97942E-001	
2,98774E-001	2,99238E-001	2,98140E-001	3,00548E-001	2,99642E-001	2,97988E-001	2,99636E-001	2,99566E-001	2,99139E-001	3,00915E-001	2,99507E-001	2,98191E-001	2,99177E-001	2,99605E-001	2,98470E-001	
2,99218E-001	2,98672E-001	3,00163E-001	2,98588E-001	2,99360E-001	2,99608E-001	2,99176E-001	2,98951E-001	2,99232E-001	
0,00000E000	0,00000E000	0,00000E000	
