40 80
2,99404E-001	2,99751E-001	2,99666E-001	
2,99409E-001	2,99133E-001	2,99220E-001	2,99563E-001	3,00076E-001	3,00023E-001	3,00223E-001	2,99685E-001	2,99259E-001	
2,98953E-001	2,99366E-001	2,99411E-001	2,98590E-001	2,98548E-001	2,99593E-001	2,99809E-001	2,99955E-001	3,00545E-001	3,00507E-001	3,00253E-001	3,00476E-001	2,99583E-001	2,99246E-001	2,99241E-001	
2,98819E-001	2,98734E-001	2,99488E-001	2,99536E-001	2,98606E-001	2,97660E-001	2,98213E-001	2,99519E-001	2,99751E-001	2,99657E-001	2,99868E-001	3,00633E-001	3,01158E-001	3,01058E-001	3,00825E-001	3,00498E-001	3,00089E-001	2,99538E-001	2,99448E-001	2,99370E-001	2,99100E-001	
2,98668E-001	2,98446E-001	2,98698E-001	2,99580E-001	2,99571E-001	2,98712E-001	2,97590E-001	2,97018E-001	2,98131E-001	2,99359E-001	2,99637E-001	2,99558E-001	2,99537E-001	2,99829E-001	3,00661E-001	3,01440E-001	3,01710E-001	3,01772E-001	3,01517E-001	3,00745E-001	3,00118E-001	2,99816E-001	2,99547E-001	2,99680E-001	2,99758E-001	2,99237E-001	2,98989E-001	
2,98507E-001	2,98341E-001	2,98240E-001	2,98664E-001	2,99556E-001	2,99557E-001	2,98795E-001	2,97648E-001	2,96817E-001	2,96653E-001	2,97995E-001	2,99085E-001	2,99447E-001	2,99353E-001	2,99328E-001	2,99428E-001	2,99837E-001	3,00691E-001	3,01488E-001	3,02229E-001	3,02355E-001	3,02499E-001	3,02311E-001	3,01362E-001	3,00045E-001	2,99742E-001	2,99615E-001	2,99613E-001	2,99911E-001	3,00084E-001	2,99692E-001	2,99152E-001	2,98897E-001	
2,98412E-001	2,98276E-001	2,98013E-001	2,98165E-001	2,98643E-001	2,99441E-001	2,99481E-001	2,98816E-001	2,97782E-001	2,96762E-001	2,93747E-001	2,96512E-001	2,97796E-001	2,98739E-001	2,99212E-001	2,99087E-001	2,99072E-001	2,99174E-001	2,99346E-001	2,99872E-001	3,00702E-001	3,01552E-001	3,02451E-001	3,02920E-001	3,03113E-001	3,03268E-001	3,03147E-001	3,02056E-001	3,00436E-001	2,99534E-001	2,99458E-001	2,99453E-001	2,99692E-001	3,00085E-001	3,00384E-001	3,00168E-001	2,99600E-001	2,99095E-001	2,98827E-001	
2,98314E-001	2,98148E-001	2,97904E-001	2,97807E-001	2,98082E-001	2,98621E-001	2,99273E-001	2,99305E-001	2,98629E-001	2,97596E-001	2,96526E-001	2,84901E-001	2,80888E-001	2,96764E-001	2,97847E-001	2,98576E-001	2,98931E-001	2,98776E-001	2,98771E-001	2,98898E-001	2,99131E-001	2,99455E-001	3,00387E-001	3,01229E-001	3,02118E-001	3,03053E-001	3,03601E-001	3,03891E-001	3,04077E-001	3,04129E-001	3,03272E-001	3,01603E-001	2,99977E-001	2,99177E-001	2,99210E-001	2,99319E-001	2,99636E-001	3,00228E-001	3,00663E-001	3,00647E-001	3,00155E-001	2,99550E-001	2,99058E-001	2,98761E-001	
2,98241E-001	2,98010E-001	2,97831E-001	2,97607E-001	2,97633E-001	2,97990E-001	2,98546E-001	2,99087E-001	2,99093E-001	2,98415E-001	2,97420E-001	2,96363E-001	2,78061E-001	2,70156E-001	2,83594E-001	2,96904E-001	2,97728E-001	2,98410E-001	2,98555E-001	2,98454E-001	2,98444E-001	2,98589E-001	2,98862E-001	2,99181E-001	2,99982E-001	3,00912E-001	3,01788E-001	3,02749E-001	3,03654E-001	3,04259E-001	3,04646E-001	3,04887E-001	3,05038E-001	3,04544E-001	3,02944E-001	3,01024E-001	2,99476E-001	2,98828E-001	2,98958E-001	2,99179E-001	2,99537E-001	3,00362E-001	3,00828E-001	3,01074E-001	3,00712E-001	3,00161E-001	2,99514E-001	2,99038E-001	2,98709E-001	
2,98207E-001	2,97926E-001	2,97780E-001	2,97500E-001	2,97348E-001	2,97537E-001	2,97876E-001	2,98392E-001	2,98881E-001	2,98876E-001	2,98201E-001	2,97259E-001	2,94434E-001	2,73022E-001	2,62441E-001	2,66652E-001	2,88497E-001	2,96926E-001	2,97516E-001	2,98190E-001	2,98171E-001	2,98117E-001	2,98106E-001	2,98262E-001	2,98563E-001	2,98924E-001	2,99499E-001	3,00517E-001	3,01414E-001	3,02353E-001	3,03387E-001	3,04233E-001	3,04886E-001	3,05366E-001	3,05621E-001	3,05800E-001	3,05619E-001	3,04296E-001	3,02313E-001	3,00446E-001	2,98987E-001	2,98503E-001	2,98706E-001	2,99013E-001	2,99402E-001	3,00420E-001	3,00980E-001	3,01403E-001	3,01232E-001	3,00749E-001	3,00161E-001	2,99492E-001	2,99032E-001	2,98674E-001	
2,98165E-001	2,97860E-001	2,97703E-001	2,97385E-001	2,97154E-001	2,97146E-001	2,97418E-001	2,97749E-001	2,98287E-001	2,98703E-001	2,98566E-001	2,97820E-001	2,96824E-001	2,84258E-001	2,63356E-001	2,53611E-001	2,56868E-001	2,73825E-001	2,96357E-001	2,96934E-001	2,97558E-001	2,97892E-001	2,97728E-001	2,97749E-001	2,97777E-001	2,98043E-001	2,98410E-001	2,98834E-001	2,99528E-001	3,00602E-001	3,01548E-001	3,02491E-001	3,03586E-001	3,04506E-001	3,05313E-001	3,05959E-001	3,06363E-001	3,06576E-001	3,06726E-001	3,06104E-001	3,04425E-001	3,02263E-001	3,00315E-001	2,98789E-001	2,98172E-001	2,98391E-001	2,98752E-001	2,99147E-001	3,00199E-001	3,01024E-001	3,01526E-001	3,01753E-001	3,01338E-001	3,00824E-001	3,00209E-001	2,99502E-001	2,99034E-001	2,98650E-001	
2,98148E-001	2,97829E-001	2,97598E-001	2,97313E-001	2,97062E-001	2,96869E-001	2,97042E-001	2,97239E-001	2,97582E-001	2,98191E-001	2,98503E-001	2,98251E-001	2,97443E-001	2,96459E-001	2,75845E-001	2,55592E-001	2,46981E-001	2,49473E-001	2,63169E-001	2,82616E-001	2,96425E-001	2,96905E-001	2,97487E-001	2,97438E-001	2,97376E-001	2,97367E-001	2,97510E-001	2,97848E-001	2,98293E-001	2,98772E-001	2,99572E-001	3,00673E-001	3,01641E-001	3,02585E-001	3,03718E-001	3,04707E-001	3,05584E-001	3,06351E-001	3,06940E-001	3,07211E-001	3,07423E-001	3,07432E-001	3,06383E-001	3,04367E-001	3,02176E-001	3,00168E-001	2,98597E-001	2,97857E-001	2,98058E-001	2,98456E-001	2,98941E-001	2,99857E-001	3,00991E-001	3,01605E-001	3,02053E-001	3,01912E-001	3,01413E-001	3,00871E-001	3,00246E-001	2,99514E-001	2,99046E-001	2,98637E-001	
2,98159E-001	2,97833E-001	2,97530E-001	2,97281E-001	2,97029E-001	2,96707E-001	2,96712E-001	2,96898E-001	2,97076E-001	2,97491E-001	2,98080E-001	2,98291E-001	2,97893E-001	2,97122E-001	2,91769E-001	2,69480E-001	2,50135E-001	2,42592E-001	2,44444E-001	2,56237E-001	2,69541E-001	2,86907E-001	2,96351E-001	2,96947E-001	2,97140E-001	2,97016E-001	2,97043E-001	2,97065E-001	2,97318E-001	2,97690E-001	2,98196E-001	2,98730E-001	2,99620E-001	3,00719E-001	3,01713E-001	3,02641E-001	3,03787E-001	3,04839E-001	3,05732E-001	3,06581E-001	3,07354E-001	3,07769E-001	3,07996E-001	3,08171E-001	3,07817E-001	3,06463E-001	3,04212E-001	3,02051E-001	3,00013E-001	2,98418E-001	2,97584E-001	2,97751E-001	2,98144E-001	2,98706E-001	2,99487E-001	3,00756E-001	3,01597E-001	3,02112E-001	3,02361E-001	3,01970E-001	3,01484E-001	3,00905E-001	3,00264E-001	2,99524E-001	2,99064E-001	2,98635E-001	
2,98167E-001	2,97817E-001	2,97459E-001	2,97250E-001	2,96975E-001	2,96610E-001	2,96461E-001	2,96601E-001	2,96681E-001	2,96909E-001	2,97531E-001	2,97996E-001	2,98072E-001	2,97401E-001	2,96580E-001	2,79080E-001	2,59051E-001	2,41928E-001	2,37164E-001	2,42950E-001	2,52561E-001	2,63529E-001	2,78051E-001	2,87297E-001	2,96564E-001	2,96779E-001	2,96682E-001	2,96690E-001	2,96706E-001	2,96922E-001	2,97305E-001	2,97810E-001	2,98359E-001	2,99139E-001	3,00182E-001	3,01309E-001	3,02300E-001	3,03295E-001	3,04539E-001	3,05490E-001	3,06406E-001	3,07303E-001	3,08094E-001	3,08471E-001	3,08715E-001	3,08870E-001	3,08468E-001	3,07059E-001	3,04783E-001	3,02504E-001	3,00390E-001	2,98597E-001	2,97430E-001	2,97382E-001	2,97732E-001	2,98289E-001	2,99020E-001	3,00200E-001	3,01406E-001	3,02074E-001	3,02552E-001	3,02539E-001	3,02077E-001	3,01588E-001	3,00983E-001	3,00313E-001	2,99556E-001	2,99079E-001	2,98634E-001	
2,98180E-001	2,97824E-001	2,97449E-001	2,97245E-001	2,96961E-001	2,96581E-001	2,96316E-001	2,96344E-001	2,96407E-001	2,96492E-001	2,96932E-001	2,97587E-001	2,97901E-001	2,97673E-001	2,96958E-001	2,90794E-001	2,68870E-001	2,49580E-001	2,36969E-001	2,33919E-001	2,43472E-001	2,50709E-001	2,58957E-001	2,70720E-001	2,78592E-001	2,94236E-001	2,96449E-001	2,96398E-001	2,96386E-001	2,96392E-001	2,96575E-001	2,96956E-001	2,97428E-001	2,98001E-001	2,98693E-001	2,99698E-001	3,00807E-001	3,01865E-001	3,02868E-001	3,03956E-001	3,05161E-001	3,06074E-001	3,07007E-001	3,07926E-001	3,08709E-001	3,09048E-001	3,09301E-001	3,09437E-001	3,08993E-001	3,07548E-001	3,05275E-001	3,02941E-001	3,00797E-001	2,98844E-001	2,97497E-001	2,97056E-001	2,97337E-001	2,97850E-001	2,98579E-001	2,99575E-001	3,00903E-001	3,01952E-001	3,02524E-001	3,02863E-001	3,02620E-001	3,02151E-001	3,01651E-001	3,01032E-001	3,00344E-001	2,99581E-001	2,99094E-001	2,98641E-001	
2,98207E-001	2,97857E-001	2,97472E-001	2,97222E-001	2,96980E-001	2,96608E-001	2,94658E-001	2,92652E-001	2,94199E-001	2,94425E-001	2,96425E-001	2,97058E-001	2,97603E-001	2,97788E-001	2,97290E-001	2,96545E-001	2,80261E-001	2,61986E-001	2,44021E-001	2,35531E-001	2,34688E-001	2,45500E-001	2,50232E-001	2,56058E-001	2,65019E-001	2,71943E-001	2,86287E-001	2,92657E-001	2,91807E-001	2,91567E-001	2,91355E-001	2,95977E-001	2,96645E-001	2,97091E-001	2,97662E-001	2,98293E-001	2,99216E-001	3,00255E-001	3,01394E-001	3,02390E-001	3,03362E-001	3,04603E-001	3,05647E-001	3,06561E-001	3,07491E-001	3,08429E-001	3,09181E-001	3,09496E-001	3,09737E-001	3,09855E-001	3,09368E-001	3,07927E-001	3,05714E-001	3,03327E-001	3,01187E-001	2,99166E-001	2,97638E-001	2,96847E-001	2,96996E-001	2,97457E-001	2,98123E-001	2,99048E-001	3,00273E-001	3,01562E-001	3,02354E-001	3,02865E-001	3,02994E-001	3,02650E-001	3,02178E-001	3,01672E-001	3,01050E-001	3,00355E-001	2,99597E-001	2,99107E-001	2,98654E-001	
2,98223E-001	2,97884E-001	2,97480E-001	2,97191E-001	2,96985E-001	2,96608E-001	2,93652E-001	2,88596E-001	2,89310E-001	2,88217E-001	2,90232E-001	2,96605E-001	2,97273E-001	2,97649E-001	2,97436E-001	2,96773E-001	2,87640E-001	2,68656E-001	2,51058E-001	2,36986E-001	2,34459E-001	2,40426E-001	2,48326E-001	2,49331E-001	2,56338E-001	2,60691E-001	2,70804E-001	2,82224E-001	2,84698E-001	2,84736E-001	2,85015E-001	2,85178E-001	2,91100E-001	2,96522E-001	2,97002E-001	2,97593E-001	2,98263E-001	2,99251E-001	3,00288E-001	3,01427E-001	3,02434E-001	3,03429E-001	3,04639E-001	3,05724E-001	3,06638E-001	3,07577E-001	3,08561E-001	3,09420E-001	3,09806E-001	3,10079E-001	3,10271E-001	3,09981E-001	3,08830E-001	3,06879E-001	3,04377E-001	3,02148E-001	3,00018E-001	2,98191E-001	2,96977E-001	2,96647E-001	2,96965E-001	2,97533E-001	2,98365E-001	2,99452E-001	3,00761E-001	3,01982E-001	3,02658E-001	3,03077E-001	3,03122E-001	3,02710E-001	3,02229E-001	3,01721E-001	3,01092E-001	3,00389E-001	2,99627E-001	2,99118E-001	2,98663E-001	
2,98230E-001	2,97892E-001	2,97473E-001	2,97151E-001	2,96975E-001	2,96586E-001	2,92331E-001	2,85739E-001	2,84924E-001	2,83400E-001	2,82929E-001	2,95957E-001	2,97022E-001	2,97463E-001	2,97445E-001	2,96835E-001	2,90248E-001	2,71617E-001	2,54438E-001	2,39536E-001	2,34867E-001	2,38377E-001	2,47399E-001	2,48612E-001	2,50457E-001	2,54940E-001	2,60746E-001	2,72918E-001	2,77889E-001	2,78677E-001	2,79008E-001	2,78317E-001	2,82387E-001	2,92734E-001	2,96622E-001	2,97213E-001	2,97865E-001	2,98739E-001	2,99787E-001	3,00875E-001	3,01968E-001	3,03015E-001	3,04040E-001	3,05359E-001	3,06303E-001	3,07242E-001	3,08237E-001	3,09234E-001	3,09963E-001	3,10286E-001	3,10535E-001	3,10617E-001	3,10019E-001	3,08531E-001	3,06290E-001	3,03779E-001	3,01550E-001	2,99438E-001	2,97716E-001	2,96629E-001	2,96486E-001	2,96876E-001	2,97522E-001	2,98490E-001	2,99678E-001	3,01024E-001	3,02225E-001	3,02877E-001	3,03249E-001	3,03221E-001	3,02797E-001	3,02310E-001	3,01796E-001	3,01156E-001	3,00445E-001	2,99668E-001	2,99125E-001	2,98665E-001	
2,98247E-001	2,97912E-001	2,97496E-001	2,97143E-001	2,97001E-001	2,96610E-001	2,92680E-001	2,84737E-001	2,82661E-001	2,80775E-001	2,78331E-001	2,88518E-001	2,96808E-001	2,97301E-001	2,97429E-001	2,96943E-001	2,93513E-001	2,76241E-001	2,60397E-001	2,44467E-001	2,37300E-001	2,38944E-001	2,49108E-001	2,51069E-001	2,49152E-001	2,52378E-001	2,54603E-001	2,65395E-001	2,72611E-001	2,74693E-001	2,75812E-001	2,74811E-001	2,76261E-001	2,84436E-001	2,96322E-001	2,96859E-001	2,97475E-001	2,98241E-001	2,99307E-001	3,00342E-001	3,01471E-001	3,02506E-001	3,03540E-001	3,04729E-001	3,05849E-001	3,06775E-001	3,07732E-001	3,08786E-001	3,09732E-001	3,10270E-001	3,10590E-001	3,10834E-001	3,10657E-001	3,09749E-001	3,07990E-001	3,05558E-001	3,03148E-001	3,00930E-001	2,98865E-001	2,97290E-001	2,96359E-001	2,96386E-001	2,96852E-001	2,97576E-001	2,98666E-001	2,99905E-001	3,01262E-001	3,02424E-001	3,03047E-001	3,03343E-001	3,03256E-001	3,02826E-001	3,02338E-001	3,01823E-001	3,01183E-001	3,00473E-001	2,99694E-001	2,99130E-001	2,98670E-001	
2,98275E-001	2,97948E-001	2,97546E-001	2,97165E-001	2,97062E-001	2,96676E-001	2,94812E-001	2,85585E-001	2,82581E-001	2,80267E-001	2,76402E-001	2,83605E-001	2,96586E-001	2,97182E-001	2,97423E-001	2,97083E-001	2,96377E-001	2,82337E-001	2,66996E-001	2,51262E-001	2,42127E-001	2,41485E-001	2,52183E-001	2,55861E-001	2,52465E-001	2,51871E-001	2,52999E-001	2,61491E-001	2,69386E-001	2,71642E-001	2,73033E-001	2,74137E-001	2,73671E-001	2,79126E-001	2,90473E-001	2,96577E-001	2,97171E-001	2,97855E-001	2,98798E-001	2,99837E-001	3,00874E-001	3,01961E-001	3,02991E-001	3,03998E-001	3,05275E-001	3,06224E-001	3,07137E-001	3,08120E-001	3,09179E-001	3,10022E-001	3,10418E-001	3,10698E-001	3,10878E-001	3,10426E-001	3,09223E-001	3,07229E-001	3,04760E-001	3,02466E-001	3,00315E-001	2,98366E-001	2,96922E-001	2,93019E-001	2,96355E-001	2,96894E-001	2,97698E-001	2,98872E-001	3,00118E-001	3,01465E-001	3,02568E-001	3,03152E-001	3,03344E-001	3,03227E-001	3,02795E-001	3,02312E-001	3,01804E-001	3,01172E-001	3,00473E-001	2,99703E-001	2,99128E-001	2,98676E-001	
2,98293E-001	2,97968E-001	2,97576E-001	2,97175E-001	2,97106E-001	2,96719E-001	2,96264E-001	2,86647E-001	2,82722E-001	2,80159E-001	2,75413E-001	2,82021E-001	2,96527E-001	2,97159E-001	2,97418E-001	2,97119E-001	2,96417E-001	2,84852E-001	2,70286E-001	2,55220E-001	2,46390E-001	2,46920E-001	2,57667E-001	2,60668E-001	2,56080E-001	2,53413E-001	2,53692E-001	2,61720E-001	2,68548E-001	2,70657E-001	2,72816E-001	2,73949E-001	2,73297E-001	2,78802E-001	2,90258E-001	2,96571E-001	2,97163E-001	2,97853E-001	2,98822E-001	2,99854E-001	3,00867E-001	3,01948E-001	3,02964E-001	3,03987E-001	3,05218E-001	3,06165E-001	3,07069E-001	3,08057E-001	3,09135E-001	3,09975E-001	3,10396E-001	3,10686E-001	3,10858E-001	3,10363E-001	3,09152E-001	3,07143E-001	3,04708E-001	3,02403E-001	3,00255E-001	2,98311E-001	2,96873E-001	2,90486E-001	2,94874E-001	2,96802E-001	2,97632E-001	2,98857E-001	3,00113E-001	3,01454E-001	3,02574E-001	3,03155E-001	3,03319E-001	3,03205E-001	3,02787E-001	3,02310E-001	3,01804E-001	3,01179E-001	3,00490E-001	2,99719E-001	2,99121E-001	2,98674E-001	
2,98300E-001	2,97973E-001	2,97585E-001	2,97178E-001	2,97135E-001	2,96736E-001	2,96328E-001	2,87724E-001	2,82981E-001	2,79953E-001	2,75272E-001	2,83355E-001	2,96599E-001	2,97255E-001	2,97425E-001	2,97069E-001	2,96371E-001	2,84653E-001	2,69482E-001	2,56357E-001	2,50747E-001	2,55568E-001	2,64475E-001	2,64246E-001	2,57761E-001	2,54552E-001	2,56705E-001	2,65893E-001	2,68382E-001	2,71721E-001	2,74683E-001	2,73117E-001	2,75416E-001	2,84172E-001	2,95939E-001	2,96849E-001	2,97463E-001	2,98303E-001	2,99373E-001	3,00359E-001	3,01410E-001	3,02439E-001	3,03472E-001	3,04622E-001	3,05680E-001	3,06589E-001	3,07530E-001	3,08619E-001	3,09611E-001	3,10188E-001	3,10538E-001	3,10768E-001	3,10522E-001	3,09563E-001	3,07736E-001	3,05376E-001	3,02951E-001	3,00734E-001	2,98720E-001	2,97108E-001	2,92872E-001	2,89668E-001	2,96577E-001	2,97371E-001	2,98604E-001	2,99906E-001	3,01217E-001	3,02436E-001	3,03093E-001	3,03284E-001	3,03187E-001	3,02802E-001	3,02328E-001	3,01824E-001	3,01199E-001	3,00522E-001	2,99743E-001	2,99110E-001	2,98663E-001	
2,98319E-001	2,97993E-001	2,97616E-001	2,97233E-001	2,97191E-001	2,96796E-001	2,96406E-001	2,90200E-001	2,85164E-001	2,81076E-001	2,77481E-001	2,87258E-001	2,96756E-001	2,97379E-001	2,97477E-001	2,97029E-001	2,96377E-001	2,86119E-001	2,71380E-001	2,60584E-001	2,56982E-001	2,66646E-001	2,72504E-001	2,68577E-001	2,61680E-001	2,58220E-001	2,63781E-001	2,70398E-001	2,70723E-001	2,75457E-001	2,77839E-001	2,76413E-001	2,81003E-001	2,91677E-001	2,96598E-001	2,97171E-001	2,97855E-001	2,98852E-001	2,99871E-001	3,00842E-001	3,01899E-001	3,02886E-001	3,03949E-001	3,05078E-001	3,06012E-001	3,06905E-001	3,07944E-001	3,09021E-001	3,09787E-001	3,10188E-001	3,10488E-001	3,10476E-001	3,09688E-001	3,08160E-001	3,05922E-001	3,03517E-001	3,01235E-001	2,99185E-001	2,97443E-001	2,96366E-001	2,86782E-001	2,96404E-001	2,97157E-001	2,98332E-001	2,99688E-001	3,00938E-001	3,02222E-001	3,02979E-001	3,03199E-001	3,03112E-001	3,02754E-001	3,02288E-001	3,01794E-001	3,01180E-001	3,00522E-001	2,99749E-001	2,99093E-001	2,98652E-001	
2,98346E-001	2,98027E-001	2,97675E-001	2,97317E-001	2,97279E-001	2,96897E-001	2,96534E-001	2,94410E-001	2,89126E-001	2,84241E-001	2,82163E-001	2,93724E-001	2,96973E-001	2,97515E-001	2,97554E-001	2,97024E-001	2,96493E-001	2,89896E-001	2,75641E-001	2,67142E-001	2,66668E-001	2,78316E-001	2,80979E-001	2,74091E-001	2,66574E-001	2,65064E-001	2,71926E-001	2,75416E-001	2,78023E-001	2,82723E-001	2,81707E-001	2,82699E-001	2,90239E-001	2,96455E-001	2,96973E-001	2,97550E-001	2,98378E-001	2,99407E-001	3,00330E-001	3,01278E-001	3,02285E-001	3,03272E-001	3,04376E-001	3,05336E-001	3,06198E-001	3,07145E-001	3,08233E-001	3,09134E-001	3,09662E-001	3,10006E-001	3,10165E-001	3,09595E-001	3,08368E-001	3,06302E-001	3,04001E-001	3,01708E-001	2,99663E-001	2,97843E-001	2,96602E-001	2,87265E-001	2,96311E-001	2,96986E-001	2,98091E-001	2,99480E-001	3,00663E-001	3,01939E-001	3,02813E-001	3,03062E-001	3,02976E-001	3,02650E-001	3,02195E-001	3,01715E-001	3,01123E-001	3,00491E-001	2,99737E-001	2,99072E-001	2,98644E-001	
2,98364E-001	2,98060E-001	2,97715E-001	2,97402E-001	2,97349E-001	2,96979E-001	2,96636E-001	2,96378E-001	2,93087E-001	2,87380E-001	2,87996E-001	2,96559E-001	2,97313E-001	2,97687E-001	2,97584E-001	2,96928E-001	2,96529E-001	2,89473E-001	2,77803E-001	2,73537E-001	2,82670E-001	2,89255E-001	2,85703E-001	2,76008E-001	2,70378E-001	2,76145E-001	2,80941E-001	2,81541E-001	2,87656E-001	2,88466E-001	2,87834E-001	2,94173E-001	2,96558E-001	2,97047E-001	2,97598E-001	2,98406E-001	2,99416E-001	3,00312E-001	3,01215E-001	3,02204E-001	3,03188E-001	3,04223E-001	3,05153E-001	3,05990E-001	3,06970E-001	3,08052E-001	3,08857E-001	3,09342E-001	3,09675E-001	3,09640E-001	3,08828E-001	3,07278E-001	3,05127E-001	3,02825E-001	3,00639E-001	2,98712E-001	2,97143E-001	2,95301E-001	2,90883E-001	2,96685E-001	2,97600E-001	2,99008E-001	3,00214E-001	3,01485E-001	3,02522E-001	3,02892E-001	3,02822E-001	3,02591E-001	3,02132E-001	3,01649E-001	3,01096E-001	3,00470E-001	2,99737E-001	2,99051E-001	2,98635E-001	
2,98373E-001	2,98080E-001	2,97733E-001	2,97489E-001	2,97402E-001	2,97054E-001	2,96736E-001	2,96471E-001	2,96313E-001	2,90979E-001	2,96343E-001	2,97020E-001	2,97704E-001	2,97815E-001	2,97343E-001	2,96861E-001	2,96459E-001	2,87978E-001	2,82448E-001	2,88954E-001	2,96341E-001	2,94447E-001	2,84088E-001	2,76836E-001	2,82903E-001	2,86696E-001	2,87913E-001	2,94864E-001	2,94128E-001	2,95157E-001	2,96513E-001	2,96867E-001	2,97358E-001	2,97959E-001	2,98921E-001	2,99864E-001	3,00724E-001	3,01670E-001	3,02605E-001	3,03659E-001	3,04579E-001	3,05426E-001	3,06349E-001	3,07437E-001	3,08321E-001	3,08872E-001	3,09237E-001	3,09201E-001	3,08370E-001	3,06770E-001	3,04627E-001	3,02320E-001	3,00169E-001	2,98303E-001	2,96899E-001	2,91662E-001	2,96311E-001	2,97017E-001	2,98198E-001	2,99619E-001	3,00783E-001	3,02014E-001	3,02664E-001	3,02695E-001	3,02510E-001	3,02104E-001	3,01613E-001	3,01095E-001	3,00464E-001	2,99755E-001	2,99029E-001	2,98619E-001	
2,98393E-001	2,98110E-001	2,97772E-001	2,97605E-001	2,97486E-001	2,97174E-001	2,96868E-001	2,96621E-001	2,96449E-001	2,96384E-001	2,96803E-001	2,97605E-001	2,97974E-001	2,97821E-001	2,97219E-001	2,96873E-001	2,96418E-001	2,92868E-001	2,96175E-001	2,96644E-001	2,96578E-001	2,94084E-001	2,84960E-001	2,91293E-001	2,93644E-001	2,95786E-001	2,96536E-001	2,96496E-001	2,96561E-001	2,96834E-001	2,97216E-001	2,97702E-001	2,98438E-001	2,99409E-001	3,00262E-001	3,01082E-001	3,02015E-001	3,03034E-001	3,03917E-001	3,04780E-001	3,05631E-001	3,06709E-001	3,07650E-001	3,08270E-001	3,08660E-001	3,08627E-001	3,07792E-001	3,06167E-001	3,04067E-001	3,01768E-001	2,99707E-001	2,97939E-001	2,96745E-001	2,92274E-001	2,96592E-001	2,97479E-001	2,98902E-001	3,00150E-001	3,01361E-001	3,02358E-001	3,02517E-001	3,02371E-001	3,02028E-001	3,01552E-001	3,01053E-001	3,00443E-001	2,99768E-001	2,99005E-001	2,98605E-001	
2,98423E-001	2,98159E-001	2,97836E-001	2,97739E-001	2,97603E-001	2,97332E-001	2,97043E-001	2,96840E-001	2,96657E-001	2,96756E-001	2,97354E-001	2,98024E-001	2,98161E-001	2,97665E-001	2,97262E-001	2,96830E-001	2,96558E-001	2,96583E-001	2,96968E-001	2,96944E-001	2,96598E-001	2,94815E-001	2,96474E-001	2,96495E-001	2,96606E-001	2,96861E-001	2,96809E-001	2,96928E-001	2,97183E-001	2,97592E-001	2,98093E-001	2,98972E-001	2,99839E-001	3,00586E-001	3,01458E-001	3,02351E-001	3,03222E-001	3,04080E-001	3,04864E-001	3,05878E-001	3,06870E-001	3,07548E-001	3,07961E-001	3,07937E-001	3,07104E-001	3,05483E-001	3,03466E-001	3,01218E-001	2,99284E-001	2,97653E-001	2,96659E-001	2,96362E-001	2,96967E-001	2,98107E-001	2,99538E-001	3,00652E-001	3,01802E-001	3,02288E-001	3,02149E-001	3,01931E-001	3,01458E-001	3,00971E-001	3,00395E-001	2,99769E-001	2,99022E-001	2,98593E-001	
2,98446E-001	2,98198E-001	2,97937E-001	2,97867E-001	2,97723E-001	2,97483E-001	2,97193E-001	2,96986E-001	2,96911E-001	2,97286E-001	2,98067E-001	2,98347E-001	2,98012E-001	2,97561E-001	2,97151E-001	2,96889E-001	2,96969E-001	2,97315E-001	2,97234E-001	2,96787E-001	2,96636E-001	2,96818E-001	2,96813E-001	2,97079E-001	2,97144E-001	2,97157E-001	2,97365E-001	2,97716E-001	2,98159E-001	2,98979E-001	2,99821E-001	3,00512E-001	3,01343E-001	3,02250E-001	3,03025E-001	3,03838E-001	3,04676E-001	3,05731E-001	3,06563E-001	3,07144E-001	3,07384E-001	3,06815E-001	3,05436E-001	3,03473E-001	3,01308E-001	2,99346E-001	2,97741E-001	2,96755E-001	2,96521E-001	2,97230E-001	2,98551E-001	2,99887E-001	3,00974E-001	3,01953E-001	3,02018E-001	3,01806E-001	3,01415E-001	3,00916E-001	3,00392E-001	2,99780E-001	2,99049E-001	2,98578E-001	
2,98474E-001	2,98266E-001	2,98069E-001	2,98029E-001	2,97887E-001	2,97649E-001	2,97376E-001	2,97228E-001	2,97368E-001	2,98007E-001	2,98488E-001	2,98359E-001	2,97884E-001	2,97495E-001	2,97243E-001	2,97388E-001	2,97679E-001	2,97517E-001	2,96998E-001	2,97067E-001	2,97099E-001	2,97216E-001	2,97482E-001	2,97465E-001	2,97605E-001	2,97873E-001	2,98255E-001	2,99000E-001	2,99801E-001	3,00434E-001	3,01210E-001	3,02107E-001	3,02777E-001	3,03540E-001	3,04449E-001	3,05437E-001	3,06188E-001	3,06625E-001	3,06360E-001	3,05222E-001	3,03431E-001	3,01372E-001	2,99416E-001	2,97862E-001	2,96893E-001	2,96730E-001	2,97573E-001	2,98985E-001	3,00194E-001	3,01264E-001	3,01824E-001	3,01616E-001	3,01360E-001	3,00862E-001	3,00366E-001	2,99774E-001	2,99081E-001	2,98575E-001	
2,98520E-001	2,98346E-001	2,98226E-001	2,98221E-001	2,98092E-001	2,97809E-001	2,97572E-001	2,97546E-001	2,97943E-001	2,98584E-001	2,98620E-001	2,98230E-001	2,97852E-001	2,97609E-001	2,97814E-001	2,98021E-001	2,97783E-001	2,97319E-001	2,97473E-001	2,97460E-001	2,97731E-001	2,97815E-001	2,97879E-001	2,98066E-001	2,98379E-001	2,99036E-001	2,99776E-001	3,00344E-001	3,01058E-001	3,01861E-001	3,02486E-001	3,03229E-001	3,04178E-001	3,05043E-001	3,05697E-001	3,05742E-001	3,04898E-001	3,03296E-001	3,01424E-001	2,99489E-001	2,98004E-001	2,97073E-001	2,96988E-001	2,97992E-001	2,99388E-001	3,00455E-001	3,01405E-001	3,01452E-001	3,01220E-001	3,00806E-001	3,00315E-001	2,99771E-001	2,99126E-001	2,98598E-001	
2,98573E-001	2,98412E-001	2,98365E-001	2,98409E-001	2,98252E-001	2,97930E-001	2,97828E-001	2,98046E-001	2,98686E-001	2,98809E-001	2,98472E-001	2,98096E-001	2,97950E-001	2,98281E-001	2,98282E-001	2,97788E-001	2,97747E-001	2,97737E-001	2,97978E-001	2,98118E-001	2,98184E-001	2,98367E-001	2,98691E-001	2,99422E-001	3,00030E-001	3,00551E-001	3,01365E-001	3,01898E-001	3,02629E-001	3,03553E-001	3,04418E-001	3,05061E-001	3,04823E-001	3,03628E-001	3,01987E-001	3,00033E-001	2,98460E-001	2,97376E-001	2,97118E-001	2,98153E-001	2,99549E-001	3,00557E-001	3,01293E-001	3,01108E-001	3,00814E-001	3,00313E-001	2,99806E-001	2,99202E-001	2,98629E-001	
2,98648E-001	2,98564E-001	2,98533E-001	2,98611E-001	2,98370E-001	2,98114E-001	2,98210E-001	2,98718E-001	2,98966E-001	2,98714E-001	2,98383E-001	2,98456E-001	2,98664E-001	2,98388E-001	2,98031E-001	2,98009E-001	2,98218E-001	2,98419E-001	2,98468E-001	2,98630E-001	2,99081E-001	2,99733E-001	3,00183E-001	3,00852E-001	3,01383E-001	3,02029E-001	3,02908E-001	3,03792E-001	3,04327E-001	3,03770E-001	3,02380E-001	3,00652E-001	2,98910E-001	2,97759E-001	2,97305E-001	2,98347E-001	2,99705E-001	3,00642E-001	3,01034E-001	3,00721E-001	3,00332E-001	2,99840E-001	2,99275E-001	2,98680E-001	
2,98744E-001	2,98750E-001	2,98762E-001	2,98789E-001	2,98442E-001	2,98435E-001	2,98753E-001	2,99087E-001	2,98920E-001	2,98691E-001	2,98922E-001	2,98923E-001	2,98459E-001	2,98286E-001	2,98443E-001	2,98697E-001	2,98748E-001	2,98890E-001	2,99432E-001	2,99912E-001	3,00340E-001	3,00896E-001	3,01446E-001	3,02271E-001	3,03190E-001	3,03475E-001	3,02529E-001	3,01123E-001	2,99410E-001	2,98181E-001	2,97588E-001	2,98542E-001	2,99849E-001	3,00618E-001	3,00664E-001	3,00352E-001	2,99870E-001	2,99353E-001	2,98809E-001	
2,98845E-001	2,98915E-001	2,99046E-001	2,98802E-001	2,98649E-001	2,98837E-001	2,99227E-001	2,99051E-001	2,99180E-001	2,99238E-001	2,98822E-001	2,98506E-001	2,98689E-001	2,98955E-001	2,98998E-001	2,99430E-001	2,99859E-001	3,00288E-001	3,00699E-001	3,01420E-001	3,02328E-001	3,02810E-001	3,01820E-001	3,00419E-001	2,98884E-001	2,97936E-001	2,98436E-001	2,99795E-001	3,00453E-001	3,00369E-001	2,99980E-001	2,99472E-001	2,98949E-001	
2,98979E-001	2,99121E-001	2,99179E-001	2,98850E-001	2,98919E-001	2,99362E-001	2,99364E-001	2,99556E-001	2,99165E-001	2,98697E-001	2,98929E-001	2,99144E-001	2,99436E-001	2,99815E-001	3,00135E-001	3,00583E-001	3,01451E-001	3,02138E-001	3,01143E-001	2,99767E-001	2,98512E-001	2,98383E-001	2,99735E-001	3,00256E-001	3,00069E-001	2,99604E-001	2,99132E-001	
2,99177E-001	2,99355E-001	2,99130E-001	2,98959E-001	2,99521E-001	2,99883E-001	2,99490E-001	2,98869E-001	2,99172E-001	2,99452E-001	2,99759E-001	2,99983E-001	3,00654E-001	3,01412E-001	3,00470E-001	2,99277E-001	2,98616E-001	2,99650E-001	3,00067E-001	2,99793E-001	2,99320E-001	
2,99398E-001	2,99374E-001	2,99055E-001	3,00008E-001	2,99786E-001	2,99003E-001	2,99455E-001	2,99743E-001	3,00009E-001	3,00637E-001	2,99880E-001	2,99098E-001	2,99444E-001	2,99885E-001	2,99534E-001	
2,99550E-001	2,99327E-001	3,00016E-001	2,99257E-001	2,99671E-001	2,99944E-001	2,99592E-001	2,99429E-001	2,99756E-001	
0,00000E000	0,00000E000	0,00000E000	
