40 80
2,99541E-001	2,99931E-001	2,99782E-001	
2,99529E-001	2,99206E-001	2,99514E-001	2,99759E-001	3,00295E-001	3,00207E-001	3,00417E-001	2,99743E-001	2,99328E-001	
2,98790E-001	2,99465E-001	2,99756E-001	2,98638E-001	2,98589E-001	3,00001E-001	2,99950E-001	2,99990E-001	3,00888E-001	3,00747E-001	3,00347E-001	3,00829E-001	2,99556E-001	2,99282E-001	2,99380E-001	
2,98644E-001	2,98415E-001	2,99789E-001	3,00075E-001	2,98752E-001	2,97309E-001	2,98159E-001	3,00064E-001	3,00072E-001	2,99652E-001	2,99750E-001	3,00847E-001	3,01572E-001	3,01367E-001	3,01140E-001	3,00796E-001	3,00253E-001	2,99485E-001	2,99552E-001	2,99581E-001	2,99170E-001	
2,98450E-001	2,98015E-001	2,98450E-001	3,00096E-001	3,00260E-001	2,99017E-001	2,97310E-001	2,96384E-001	2,98150E-001	2,99973E-001	3,00104E-001	2,99717E-001	2,99423E-001	2,99600E-001	3,00728E-001	3,01806E-001	3,02108E-001	3,02270E-001	3,02089E-001	3,01087E-001	3,00259E-001	2,99899E-001	2,99532E-001	2,99897E-001	3,00183E-001	2,99354E-001	2,99004E-001	
2,98223E-001	2,97931E-001	2,97750E-001	2,98533E-001	3,00215E-001	3,00376E-001	2,99261E-001	2,97489E-001	2,95082E-001	2,90296E-001	2,98036E-001	2,99663E-001	2,99999E-001	2,99596E-001	2,99333E-001	2,99205E-001	2,99532E-001	3,00633E-001	3,01664E-001	3,02700E-001	3,02817E-001	3,03194E-001	3,03196E-001	3,01962E-001	3,00024E-001	2,99764E-001	2,99668E-001	2,99699E-001	3,00267E-001	3,00670E-001	3,00063E-001	2,99205E-001	2,98861E-001	
2,98100E-001	2,97903E-001	2,97457E-001	2,97766E-001	2,98663E-001	3,00180E-001	3,00391E-001	2,99406E-001	2,97801E-001	2,94980E-001	2,81784E-001	2,88266E-001	2,97804E-001	2,99212E-001	2,99809E-001	2,99366E-001	2,99150E-001	2,99078E-001	2,99024E-001	2,99516E-001	3,00519E-001	3,01585E-001	3,02822E-001	3,03434E-001	3,03741E-001	3,04200E-001	3,04371E-001	3,02933E-001	3,00548E-001	2,99336E-001	2,99435E-001	2,99499E-001	2,99901E-001	3,00565E-001	3,01130E-001	3,00813E-001	2,99882E-001	2,99100E-001	2,98752E-001	
2,97970E-001	2,97759E-001	2,97379E-001	2,97268E-001	2,97811E-001	2,98830E-001	3,00088E-001	3,00278E-001	2,99255E-001	2,97626E-001	2,90800E-001	2,76467E-001	2,72434E-001	2,96176E-001	2,97960E-001	2,99038E-001	2,99466E-001	2,99001E-001	2,98810E-001	2,98778E-001	2,98830E-001	2,98935E-001	3,00073E-001	3,01037E-001	3,02132E-001	3,03413E-001	3,04157E-001	3,04628E-001	3,05126E-001	3,05600E-001	3,04606E-001	3,02223E-001	2,99870E-001	2,98852E-001	2,99140E-001	2,99385E-001	2,99887E-001	3,00847E-001	3,01576E-001	3,01581E-001	3,00747E-001	2,99764E-001	2,99023E-001	2,98647E-001	
2,97870E-001	2,97577E-001	2,97349E-001	2,97037E-001	2,97157E-001	2,97852E-001	2,98906E-001	2,99962E-001	3,00094E-001	2,99047E-001	2,97456E-001	2,88317E-001	2,72373E-001	2,65558E-001	2,76049E-001	2,96581E-001	2,97828E-001	2,98877E-001	2,98966E-001	2,98627E-001	2,98433E-001	2,98433E-001	2,98561E-001	2,98654E-001	2,99532E-001	3,00601E-001	3,01587E-001	3,02787E-001	3,04005E-001	3,04847E-001	3,05485E-001	3,06063E-001	3,06696E-001	3,06351E-001	3,04124E-001	3,01347E-001	2,99149E-001	2,98397E-001	2,98846E-001	2,99272E-001	2,99821E-001	3,01148E-001	3,01858E-001	3,02281E-001	3,01636E-001	3,00709E-001	2,99667E-001	2,98971E-001	2,98557E-001	
2,97829E-001	2,97478E-001	2,97341E-001	2,96953E-001	2,96780E-001	2,97194E-001	2,97853E-001	2,98835E-001	2,99789E-001	2,99889E-001	2,98822E-001	2,97300E-001	2,86637E-001	2,69426E-001	2,60628E-001	2,63571E-001	2,81149E-001	2,96674E-001	2,97545E-001	2,98624E-001	2,98457E-001	2,98226E-001	2,98037E-001	2,98062E-001	2,98245E-001	2,98424E-001	2,98891E-001	3,00097E-001	3,01063E-001	3,02141E-001	3,03466E-001	3,04577E-001	3,05505E-001	3,06301E-001	3,06886E-001	3,07543E-001	3,07743E-001	3,06018E-001	3,03170E-001	3,00511E-001	2,98465E-001	2,97994E-001	2,98555E-001	2,99119E-001	2,99700E-001	3,01342E-001	3,02160E-001	3,02836E-001	3,02497E-001	3,01635E-001	3,00658E-001	2,99592E-001	2,98940E-001	2,98491E-001	
2,97774E-001	2,97411E-001	2,97288E-001	2,96859E-001	2,96573E-001	2,96654E-001	2,97211E-001	2,97853E-001	2,98872E-001	2,99693E-001	2,99549E-001	2,98339E-001	2,96697E-001	2,79876E-001	2,62833E-001	2,54708E-001	2,56965E-001	2,70515E-001	2,89871E-001	2,96722E-001	2,97721E-001	2,98229E-001	2,97820E-001	2,97729E-001	2,97580E-001	2,97758E-001	2,98008E-001	2,98249E-001	2,98879E-001	3,00137E-001	3,01140E-001	3,02168E-001	3,03542E-001	3,04718E-001	3,05847E-001	3,06862E-001	3,07630E-001	3,08252E-001	3,08972E-001	3,08470E-001	3,06177E-001	3,03068E-001	3,00309E-001	2,98184E-001	2,97512E-001	2,98136E-001	2,98819E-001	2,99410E-001	3,01096E-001	3,02333E-001	3,03062E-001	3,03393E-001	3,02596E-001	3,01695E-001	3,00685E-001	2,99567E-001	2,98918E-001	2,98441E-001	
2,97752E-001	2,97391E-001	2,97161E-001	2,96820E-001	2,96525E-001	2,96298E-001	2,96697E-001	2,97105E-001	2,97762E-001	2,98905E-001	2,99532E-001	2,99171E-001	2,97831E-001	2,94886E-001	2,74231E-001	2,57485E-001	2,50287E-001	2,51997E-001	2,62930E-001	2,78532E-001	2,92002E-001	2,96744E-001	2,97723E-001	2,97564E-001	2,97351E-001	2,97188E-001	2,97209E-001	2,97475E-001	2,97821E-001	2,98118E-001	2,98901E-001	3,00172E-001	3,01178E-001	3,02161E-001	3,03556E-001	3,04799E-001	3,05985E-001	3,07143E-001	3,08160E-001	3,08793E-001	3,09525E-001	3,10089E-001	3,08893E-001	3,06049E-001	3,02931E-001	3,00096E-001	2,97919E-001	2,97054E-001	2,97679E-001	2,98451E-001	2,99215E-001	3,00652E-001	3,02416E-001	3,03272E-001	3,03931E-001	3,03584E-001	3,02641E-001	3,01706E-001	3,00694E-001	2,99544E-001	2,98910E-001	2,98405E-001	
2,97770E-001	2,97418E-001	2,97083E-001	2,96828E-001	2,96553E-001	2,93811E-001	2,95583E-001	2,96645E-001	2,97004E-001	2,97784E-001	2,98885E-001	2,99323E-001	2,98682E-001	2,97391E-001	2,88327E-001	2,69925E-001	2,53720E-001	2,47377E-001	2,48603E-001	2,58121E-001	2,68568E-001	2,82545E-001	2,90688E-001	2,96924E-001	2,97238E-001	2,96948E-001	2,96899E-001	2,96763E-001	2,96946E-001	2,97234E-001	2,97656E-001	2,98019E-001	2,98937E-001	3,00181E-001	3,01211E-001	3,02133E-001	3,03516E-001	3,04826E-001	3,05983E-001	3,07222E-001	3,08492E-001	3,09302E-001	3,09959E-001	3,10724E-001	3,10710E-001	3,09019E-001	3,05790E-001	3,02752E-001	2,99880E-001	2,97677E-001	2,96666E-001	2,97254E-001	2,98043E-001	2,98966E-001	3,00162E-001	3,02161E-001	3,03372E-001	3,04078E-001	3,04390E-001	3,03584E-001	3,02685E-001	3,01700E-001	3,00672E-001	2,99520E-001	2,98912E-001	2,98383E-001	
2,97785E-001	2,97410E-001	2,97002E-001	2,96844E-001	2,96550E-001	2,92967E-001	2,90892E-001	2,96028E-001	2,96459E-001	2,96896E-001	2,98044E-001	2,98918E-001	2,99107E-001	2,97962E-001	2,96567E-001	2,78950E-001	2,62273E-001	2,47652E-001	2,43563E-001	2,48225E-001	2,55836E-001	2,64436E-001	2,76204E-001	2,83297E-001	2,96388E-001	2,96767E-001	2,96553E-001	2,96486E-001	2,96360E-001	2,96497E-001	2,96824E-001	2,97260E-001	2,97667E-001	2,98393E-001	2,99521E-001	3,00768E-001	3,01754E-001	3,02787E-001	3,04349E-001	3,05491E-001	3,06717E-001	3,08070E-001	3,09405E-001	3,10177E-001	3,10902E-001	3,11661E-001	3,11590E-001	3,09829E-001	3,06584E-001	3,03372E-001	3,00415E-001	2,97920E-001	2,96384E-001	2,96663E-001	2,97449E-001	2,98415E-001	2,99550E-001	3,01398E-001	3,03232E-001	3,04134E-001	3,04786E-001	3,04612E-001	3,03681E-001	3,02788E-001	3,01767E-001	3,00700E-001	2,99529E-001	2,98904E-001	2,98361E-001	
2,97798E-001	2,97431E-001	2,97010E-001	2,96880E-001	2,96588E-001	2,93445E-001	2,88527E-001	2,90905E-001	2,93582E-001	2,96285E-001	2,97095E-001	2,98296E-001	2,98889E-001	2,98521E-001	2,97288E-001	2,89719E-001	2,71155E-001	2,54750E-001	2,43918E-001	2,41122E-001	2,49170E-001	2,54741E-001	2,61158E-001	2,70785E-001	2,76999E-001	2,90748E-001	2,96315E-001	2,95214E-001	2,93940E-001	2,92136E-001	2,93647E-001	2,96458E-001	2,96861E-001	2,97337E-001	2,97924E-001	2,98995E-001	3,00204E-001	3,01292E-001	3,02288E-001	3,03497E-001	3,05009E-001	3,06111E-001	3,07399E-001	3,08825E-001	3,10181E-001	3,10912E-001	3,11680E-001	3,12429E-001	3,12298E-001	3,10488E-001	3,07267E-001	3,03973E-001	3,00999E-001	2,98264E-001	2,96468E-001	2,93637E-001	2,96842E-001	2,97794E-001	2,98967E-001	3,00507E-001	3,02565E-001	3,04099E-001	3,04846E-001	3,05253E-001	3,04655E-001	3,03725E-001	3,02826E-001	3,01792E-001	3,00702E-001	2,99530E-001	2,98896E-001	2,98350E-001	
2,97827E-001	2,97482E-001	2,97057E-001	2,96857E-001	2,96658E-001	2,94900E-001	2,87693E-001	2,87748E-001	2,90364E-001	2,91129E-001	2,96286E-001	2,97436E-001	2,98430E-001	2,98788E-001	2,97919E-001	2,96622E-001	2,81203E-001	2,65655E-001	2,50136E-001	2,42740E-001	2,41783E-001	2,50983E-001	2,54432E-001	2,58929E-001	2,66365E-001	2,72054E-001	2,84882E-001	2,91084E-001	2,90534E-001	2,89692E-001	2,87854E-001	2,88997E-001	2,93951E-001	2,96516E-001	2,97023E-001	2,97536E-001	2,98485E-001	2,99581E-001	3,00820E-001	3,01788E-001	3,02739E-001	3,04248E-001	3,05500E-001	3,06643E-001	3,07965E-001	3,09460E-001	3,10792E-001	3,11508E-001	3,12275E-001	3,13005E-001	3,12803E-001	3,11003E-001	3,07890E-001	3,04506E-001	3,01554E-001	2,98728E-001	2,96651E-001	2,87866E-001	2,96288E-001	2,97211E-001	2,98328E-001	2,99774E-001	3,01672E-001	3,03620E-001	3,04704E-001	3,05361E-001	3,05390E-001	3,04618E-001	3,03697E-001	3,02801E-001	3,01771E-001	3,00676E-001	2,99521E-001	2,98886E-001	2,98347E-001	
2,97841E-001	2,97527E-001	2,97082E-001	2,96826E-001	2,96707E-001	2,95722E-001	2,87817E-001	2,85327E-001	2,87377E-001	2,87082E-001	2,89131E-001	2,96718E-001	2,97924E-001	2,98610E-001	2,98241E-001	2,97068E-001	2,88101E-001	2,71712E-001	2,56464E-001	2,44106E-001	2,41789E-001	2,46806E-001	2,53332E-001	2,53605E-001	2,59449E-001	2,63086E-001	2,72005E-001	2,82606E-001	2,85603E-001	2,85905E-001	2,85474E-001	2,83772E-001	2,85809E-001	2,91543E-001	2,96396E-001	2,96920E-001	2,97486E-001	2,98537E-001	2,99616E-001	3,00840E-001	3,01813E-001	3,02786E-001	3,04218E-001	3,05521E-001	3,06640E-001	3,07946E-001	3,09492E-001	3,10979E-001	3,11785E-001	3,12568E-001	3,13387E-001	3,13505E-001	3,12202E-001	3,09553E-001	3,05964E-001	3,02882E-001	2,99921E-001	2,97394E-001	2,89147E-001	2,86386E-001	2,96406E-001	2,97440E-001	2,98790E-001	3,00478E-001	3,02488E-001	3,04296E-001	3,05176E-001	3,05667E-001	3,05542E-001	3,04648E-001	3,03721E-001	3,02829E-001	3,01793E-001	3,00691E-001	2,99533E-001	2,98872E-001	2,98335E-001	
2,97840E-001	2,97543E-001	2,97086E-001	2,96784E-001	2,96735E-001	2,96019E-001	2,87706E-001	2,84000E-001	2,84793E-001	2,84221E-001	2,84010E-001	2,95729E-001	2,97557E-001	2,98350E-001	2,98319E-001	2,97229E-001	2,90932E-001	2,74660E-001	2,59681E-001	2,46479E-001	2,42275E-001	2,45096E-001	2,52781E-001	2,53335E-001	2,54671E-001	2,58622E-001	2,63856E-001	2,75147E-001	2,80545E-001	2,82022E-001	2,82192E-001	2,80274E-001	2,81253E-001	2,86293E-001	2,92167E-001	2,96568E-001	2,97128E-001	2,97996E-001	2,99099E-001	3,00228E-001	3,01336E-001	3,02364E-001	3,03399E-001	3,05052E-001	3,06134E-001	3,07347E-001	3,08813E-001	3,10445E-001	3,11767E-001	3,12531E-001	3,13349E-001	3,14048E-001	3,13675E-001	3,11822E-001	3,08692E-001	3,05122E-001	3,02054E-001	2,99123E-001	2,96767E-001	2,82730E-001	2,84486E-001	2,96364E-001	2,97502E-001	2,99059E-001	3,00897E-001	3,02944E-001	3,04704E-001	3,05533E-001	3,05928E-001	3,05657E-001	3,04742E-001	3,03803E-001	3,02901E-001	3,01852E-001	3,00740E-001	2,99563E-001	2,98850E-001	2,98314E-001	
2,97850E-001	2,97567E-001	2,97124E-001	2,96776E-001	2,96801E-001	2,96333E-001	2,88531E-001	2,83733E-001	2,83490E-001	2,82702E-001	2,80719E-001	2,89838E-001	2,97220E-001	2,98098E-001	2,98321E-001	2,97438E-001	2,93912E-001	2,78641E-001	2,64761E-001	2,50544E-001	2,44037E-001	2,45257E-001	2,54009E-001	2,55358E-001	2,53376E-001	2,56335E-001	2,58603E-001	2,68631E-001	2,76049E-001	2,79135E-001	2,80556E-001	2,78907E-001	2,78153E-001	2,81916E-001	2,87858E-001	2,95411E-001	2,96767E-001	2,97475E-001	2,98640E-001	2,99686E-001	3,00863E-001	3,01857E-001	3,02869E-001	3,04228E-001	3,05563E-001	3,06665E-001	3,07972E-001	3,09607E-001	3,11217E-001	3,12261E-001	3,13094E-001	3,13972E-001	3,14268E-001	3,13388E-001	3,11082E-001	3,07637E-001	3,04258E-001	3,01204E-001	2,98340E-001	2,95229E-001	2,78017E-001	2,83676E-001	2,96403E-001	2,97641E-001	2,99386E-001	3,01293E-001	3,03335E-001	3,05022E-001	3,05798E-001	3,06050E-001	3,05667E-001	3,04743E-001	3,03805E-001	3,02907E-001	3,01859E-001	3,00752E-001	2,99575E-001	2,98827E-001	2,98296E-001	
2,97876E-001	2,97607E-001	2,97195E-001	2,96800E-001	2,96899E-001	2,96444E-001	2,90383E-001	2,84505E-001	2,83507E-001	2,82412E-001	2,79190E-001	2,85574E-001	2,96829E-001	2,97883E-001	2,98303E-001	2,97674E-001	2,96397E-001	2,83527E-001	2,69925E-001	2,55837E-001	2,47498E-001	2,46664E-001	2,55967E-001	2,58917E-001	2,55652E-001	2,55267E-001	2,56665E-001	2,64764E-001	2,72712E-001	2,76094E-001	2,78278E-001	2,79148E-001	2,77289E-001	2,79306E-001	2,85038E-001	2,91546E-001	2,96520E-001	2,97132E-001	2,98120E-001	2,99206E-001	3,00242E-001	3,01339E-001	3,02334E-001	3,03330E-001	3,04899E-001	3,05978E-001	3,07124E-001	3,08542E-001	3,10257E-001	3,11749E-001	3,12605E-001	3,13431E-001	3,14258E-001	3,14101E-001	3,12725E-001	3,10014E-001	3,06505E-001	3,03329E-001	3,00371E-001	2,97675E-001	2,88092E-001	2,75619E-001	2,84162E-001	2,96522E-001	2,97864E-001	2,99737E-001	3,01634E-001	3,03651E-001	3,05236E-001	3,05950E-001	3,06009E-001	3,05574E-001	3,04653E-001	3,03728E-001	3,02844E-001	3,01814E-001	3,00728E-001	2,99567E-001	2,98799E-001	2,98280E-001	
2,97887E-001	2,97625E-001	2,97233E-001	2,96810E-001	2,96973E-001	2,96519E-001	2,91690E-001	2,85488E-001	2,83674E-001	2,82349E-001	2,78322E-001	2,84121E-001	2,96716E-001	2,97832E-001	2,98277E-001	2,97715E-001	2,96437E-001	2,85194E-001	2,72173E-001	2,58567E-001	2,50419E-001	2,50600E-001	2,59951E-001	2,62373E-001	2,58126E-001	2,56014E-001	2,56826E-001	2,64650E-001	2,71776E-001	2,75158E-001	2,78179E-001	2,79172E-001	2,77189E-001	2,79277E-001	2,85125E-001	2,91671E-001	2,96523E-001	2,97149E-001	2,98182E-001	2,99258E-001	3,00251E-001	3,01336E-001	3,02308E-001	3,03330E-001	3,04819E-001	3,05894E-001	3,07024E-001	3,08454E-001	3,10203E-001	3,11692E-001	3,12593E-001	3,13440E-001	3,14252E-001	3,14019E-001	3,12627E-001	3,09890E-001	3,06443E-001	3,03246E-001	3,00294E-001	2,97608E-001	2,87287E-001	2,73844E-001	2,81961E-001	2,96386E-001	2,97774E-001	2,99733E-001	3,01641E-001	3,03641E-001	3,05253E-001	3,05954E-001	3,05954E-001	3,05517E-001	3,04619E-001	3,03702E-001	3,02821E-001	3,01800E-001	3,00732E-001	2,99571E-001	2,98761E-001	2,98251E-001	
2,97882E-001	2,97623E-001	2,97243E-001	2,96816E-001	2,97028E-001	2,96556E-001	2,92469E-001	2,86508E-001	2,83895E-001	2,82074E-001	2,78019E-001	2,85065E-001	2,96826E-001	2,97981E-001	2,98260E-001	2,97589E-001	2,96314E-001	2,84361E-001	2,70675E-001	2,58670E-001	2,53354E-001	2,57318E-001	2,65054E-001	2,64633E-001	2,58914E-001	2,56522E-001	2,59264E-001	2,68286E-001	2,71810E-001	2,76419E-001	2,79985E-001	2,78022E-001	2,78148E-001	2,82504E-001	2,87871E-001	2,96024E-001	2,96803E-001	2,97647E-001	2,98822E-001	2,99782E-001	3,00817E-001	3,01800E-001	3,02809E-001	3,04099E-001	3,05323E-001	3,06400E-001	3,07678E-001	3,09382E-001	3,11077E-001	3,12196E-001	3,13088E-001	3,13946E-001	3,14117E-001	3,13146E-001	3,10719E-001	3,07400E-001	3,03997E-001	3,00945E-001	2,98175E-001	2,91812E-001	2,74954E-001	2,76945E-001	2,92082E-001	2,97355E-001	2,99345E-001	3,01344E-001	3,03288E-001	3,05063E-001	3,05883E-001	3,05915E-001	3,05493E-001	3,04639E-001	3,03721E-001	3,02834E-001	3,01810E-001	3,00762E-001	2,99587E-001	2,98716E-001	2,98208E-001	
2,97894E-001	2,97636E-001	2,97275E-001	2,96891E-001	2,97103E-001	2,96635E-001	2,94097E-001	2,88175E-001	2,85196E-001	2,82328E-001	2,79154E-001	2,87671E-001	2,97044E-001	2,98137E-001	2,98283E-001	2,97443E-001	2,95793E-001	2,84503E-001	2,71076E-001	2,61088E-001	2,57460E-001	2,65833E-001	2,70825E-001	2,67236E-001	2,61337E-001	2,58954E-001	2,64874E-001	2,71786E-001	2,73613E-001	2,79431E-001	2,82066E-001	2,79724E-001	2,81310E-001	2,86735E-001	2,92973E-001	2,96589E-001	2,97209E-001	2,98301E-001	2,99359E-001	3,00275E-001	3,01318E-001	3,02238E-001	3,03336E-001	3,04649E-001	3,05719E-001	3,06856E-001	3,08405E-001	3,10187E-001	3,11581E-001	3,12494E-001	3,13414E-001	3,13944E-001	3,13231E-001	3,11305E-001	3,08184E-001	3,04803E-001	3,01639E-001	2,98827E-001	2,96439E-001	2,78190E-001	2,73433E-001	2,87147E-001	2,96987E-001	2,98896E-001	3,01007E-001	3,02847E-001	3,04734E-001	3,05724E-001	3,05797E-001	3,05381E-001	3,04567E-001	3,03652E-001	3,02777E-001	3,01767E-001	3,00750E-001	2,99582E-001	2,98665E-001	2,98168E-001	
2,97917E-001	2,97664E-001	2,97342E-001	2,96998E-001	2,97209E-001	2,96756E-001	2,96299E-001	2,90799E-001	2,87476E-001	2,83775E-001	2,81883E-001	2,91980E-001	2,97332E-001	2,98278E-001	2,98313E-001	2,97327E-001	2,96350E-001	2,86235E-001	2,73151E-001	2,65131E-001	2,64305E-001	2,74473E-001	2,76657E-001	2,70553E-001	2,64280E-001	2,63862E-001	2,70921E-001	2,75296E-001	2,79349E-001	2,84894E-001	2,83907E-001	2,83236E-001	2,86912E-001	2,91689E-001	2,96479E-001	2,96977E-001	2,97831E-001	2,98960E-001	2,99836E-001	3,00716E-001	3,01687E-001	3,02645E-001	3,03886E-001	3,04968E-001	3,06000E-001	3,07328E-001	3,09068E-001	3,10640E-001	3,11710E-001	3,12633E-001	3,13402E-001	3,13014E-001	3,11578E-001	3,08722E-001	3,05498E-001	3,02299E-001	2,99500E-001	2,96993E-001	2,82500E-001	2,72448E-001	2,83781E-001	2,96660E-001	2,98471E-001	3,00666E-001	3,02397E-001	3,04275E-001	3,05474E-001	3,05595E-001	3,05171E-001	3,04408E-001	3,03507E-001	3,02651E-001	3,01674E-001	3,00696E-001	2,99555E-001	2,98616E-001	2,98135E-001	
2,97927E-001	2,97698E-001	2,97384E-001	2,97117E-001	2,97292E-001	2,96850E-001	2,96420E-001	2,93407E-001	2,89724E-001	2,85071E-001	2,85486E-001	2,96501E-001	2,97829E-001	2,98471E-001	2,98251E-001	2,97038E-001	2,96305E-001	2,84082E-001	2,73234E-001	2,68941E-001	2,76778E-001	2,82449E-001	2,79209E-001	2,70879E-001	2,66645E-001	2,72883E-001	2,78267E-001	2,80438E-001	2,87546E-001	2,88629E-001	2,86810E-001	2,89741E-001	2,94091E-001	2,96607E-001	2,97078E-001	2,97913E-001	2,99026E-001	2,99870E-001	3,00680E-001	3,01634E-001	3,02600E-001	3,03738E-001	3,04791E-001	3,05806E-001	3,07225E-001	3,08991E-001	3,10426E-001	3,11464E-001	3,12412E-001	3,12873E-001	3,12087E-001	3,10094E-001	3,07098E-001	3,03869E-001	3,00835E-001	2,98193E-001	2,92817E-001	2,76745E-001	2,77096E-001	2,93430E-001	2,97625E-001	2,99895E-001	3,01695E-001	3,03566E-001	3,05044E-001	3,05373E-001	3,04958E-001	3,04348E-001	3,03426E-001	3,02551E-001	3,01635E-001	3,00658E-001	2,99549E-001	2,98565E-001	2,98102E-001	
2,97926E-001	2,97715E-001	2,97394E-001	2,97249E-001	2,97353E-001	2,96942E-001	2,96543E-001	2,94777E-001	2,91509E-001	2,86631E-001	2,92233E-001	2,97207E-001	2,98409E-001	2,98575E-001	2,97690E-001	2,96800E-001	2,92945E-001	2,80835E-001	2,75404E-001	2,80813E-001	2,88140E-001	2,85416E-001	2,76462E-001	2,70809E-001	2,77364E-001	2,81898E-001	2,84682E-001	2,92533E-001	2,91985E-001	2,91378E-001	2,94916E-001	2,96503E-001	2,96943E-001	2,97470E-001	2,98551E-001	2,99518E-001	3,00275E-001	3,01159E-001	3,02028E-001	3,03167E-001	3,04168E-001	3,05164E-001	3,06443E-001	3,08187E-001	3,09736E-001	3,10868E-001	3,11857E-001	3,12306E-001	3,11480E-001	3,09396E-001	3,06416E-001	3,03174E-001	3,00193E-001	2,97633E-001	2,88261E-001	2,74545E-001	2,82175E-001	2,96610E-001	2,98551E-001	3,00784E-001	3,02471E-001	3,04280E-001	3,05090E-001	3,04831E-001	3,04270E-001	3,03418E-001	3,02508E-001	3,01641E-001	3,00646E-001	2,99573E-001	2,98512E-001	2,98057E-001	
2,97940E-001	2,97741E-001	2,97430E-001	2,97411E-001	2,97445E-001	2,97082E-001	2,96687E-001	2,96340E-001	2,93180E-001	2,91393E-001	2,96689E-001	2,98107E-001	2,98741E-001	2,98431E-001	2,97319E-001	2,96682E-001	2,89580E-001	2,82909E-001	2,85365E-001	2,94364E-001	2,92503E-001	2,83411E-001	2,76096E-001	2,82897E-001	2,86161E-001	2,89773E-001	2,96404E-001	2,96321E-001	2,96315E-001	2,96573E-001	2,96906E-001	2,97307E-001	2,98055E-001	2,99131E-001	2,99924E-001	3,00607E-001	3,01484E-001	3,02548E-001	3,03458E-001	3,04454E-001	3,05573E-001	3,07264E-001	3,08888E-001	3,10116E-001	3,11126E-001	3,11562E-001	3,10713E-001	3,08572E-001	3,05658E-001	3,02412E-001	2,99567E-001	2,97139E-001	2,85614E-001	2,75490E-001	2,88906E-001	2,97307E-001	2,99617E-001	3,01491E-001	3,03262E-001	3,04680E-001	3,04634E-001	3,04107E-001	3,03342E-001	3,02440E-001	3,01588E-001	3,00620E-001	2,99599E-001	2,98463E-001	2,98018E-001	
2,97970E-001	2,97791E-001	2,97495E-001	2,97586E-001	2,97569E-001	2,97263E-001	2,96876E-001	2,96588E-001	2,96285E-001	2,96448E-001	2,97501E-001	2,98682E-001	2,98899E-001	2,97976E-001	2,97233E-001	2,96435E-001	2,90699E-001	2,90853E-001	2,96590E-001	2,96536E-001	2,91045E-001	2,82602E-001	2,89656E-001	2,91371E-001	2,96023E-001	2,96820E-001	2,96696E-001	2,96770E-001	2,96972E-001	2,97332E-001	2,97742E-001	2,98733E-001	2,99618E-001	3,00221E-001	3,01020E-001	3,01868E-001	3,02742E-001	3,03711E-001	3,04685E-001	3,06234E-001	3,07918E-001	3,09220E-001	3,10243E-001	3,10665E-001	3,09797E-001	3,07637E-001	3,04845E-001	3,01660E-001	2,98999E-001	2,96762E-001	2,84221E-001	2,80315E-001	2,96357E-001	2,98253E-001	3,00520E-001	3,02131E-001	3,03819E-001	3,04351E-001	3,03812E-001	3,03247E-001	3,02329E-001	3,01480E-001	3,00558E-001	2,99612E-001	2,98495E-001	2,97985E-001	
2,97991E-001	2,97831E-001	2,97639E-001	2,97764E-001	2,97712E-001	2,97439E-001	2,97024E-001	2,96703E-001	2,96569E-001	2,97224E-001	2,98610E-001	2,99087E-001	2,98458E-001	2,97628E-001	2,96868E-001	2,96363E-001	2,96469E-001	2,97067E-001	2,96915E-001	2,94099E-001	2,91013E-001	2,96334E-001	2,96414E-001	2,97007E-001	2,97160E-001	2,97083E-001	2,97246E-001	2,97543E-001	2,97884E-001	2,98797E-001	2,99663E-001	3,00186E-001	3,00930E-001	3,01827E-001	3,02564E-001	3,03501E-001	3,04630E-001	3,06321E-001	3,07797E-001	3,09021E-001	3,09834E-001	3,09368E-001	3,07594E-001	3,04868E-001	3,01814E-001	2,99090E-001	2,96891E-001	2,86100E-001	2,83488E-001	2,96715E-001	2,98897E-001	3,00959E-001	3,02526E-001	3,03928E-001	3,03726E-001	3,03117E-001	3,02314E-001	3,01419E-001	3,00572E-001	2,99638E-001	2,98541E-001	2,97945E-001	
2,98017E-001	2,97916E-001	2,97826E-001	2,97983E-001	2,97909E-001	2,97616E-001	2,97201E-001	2,96961E-001	2,97198E-001	2,98331E-001	2,99176E-001	2,98921E-001	2,98049E-001	2,97328E-001	2,96839E-001	2,97062E-001	2,97560E-001	2,97268E-001	2,96371E-001	2,96566E-001	2,96696E-001	2,97009E-001	2,97577E-001	2,97505E-001	2,97592E-001	2,97786E-001	2,98061E-001	2,98879E-001	2,99706E-001	3,00156E-001	3,00834E-001	3,01750E-001	3,02348E-001	3,03252E-001	3,04576E-001	3,06227E-001	3,07647E-001	3,08712E-001	3,08708E-001	3,07300E-001	3,04834E-001	3,01935E-001	2,99200E-001	2,97072E-001	2,88915E-001	2,87689E-001	2,97194E-001	2,99503E-001	3,01314E-001	3,02872E-001	3,03544E-001	3,02895E-001	3,02296E-001	3,01375E-001	3,00556E-001	2,99642E-001	2,98598E-001	2,97929E-001	
2,98071E-001	2,98014E-001	2,98043E-001	2,98237E-001	2,98158E-001	2,97753E-001	2,97376E-001	2,97333E-001	2,98031E-001	2,99171E-001	2,99217E-001	2,98500E-001	2,97800E-001	2,97326E-001	2,97654E-001	2,98003E-001	2,97580E-001	2,96791E-001	2,97141E-001	2,97197E-001	2,97791E-001	2,97968E-001	2,97966E-001	2,98067E-001	2,98269E-001	2,98977E-001	2,99741E-001	3,00117E-001	3,00725E-001	3,01521E-001	3,02099E-001	3,03036E-001	3,04512E-001	3,06023E-001	3,07368E-001	3,07821E-001	3,06856E-001	3,04663E-001	3,02054E-001	2,99319E-001	2,97287E-001	2,92670E-001	2,92941E-001	2,97793E-001	3,00038E-001	3,01596E-001	3,02968E-001	3,02745E-001	3,02139E-001	3,01339E-001	3,00503E-001	2,99657E-001	2,98685E-001	2,97960E-001	
2,98142E-001	2,98097E-001	2,98240E-001	2,98497E-001	2,98339E-001	2,97830E-001	2,97666E-001	2,98047E-001	2,99186E-001	2,99394E-001	2,98774E-001	2,98071E-001	2,97765E-001	2,98322E-001	2,98313E-001	2,97452E-001	2,97444E-001	2,97505E-001	2,98038E-001	2,98329E-001	2,98333E-001	2,98418E-001	2,98628E-001	2,99460E-001	2,99977E-001	3,00272E-001	3,01101E-001	3,01501E-001	3,02409E-001	3,03839E-001	3,05365E-001	3,06716E-001	3,06692E-001	3,05125E-001	3,02879E-001	3,00098E-001	2,97934E-001	2,96450E-001	2,94730E-001	2,97970E-001	3,00200E-001	3,01664E-001	3,02663E-001	3,02063E-001	3,01422E-001	3,00533E-001	2,99732E-001	2,98821E-001	2,98001E-001	
2,98247E-001	2,98329E-001	2,98475E-001	2,98764E-001	2,98421E-001	2,97998E-001	2,98169E-001	2,99073E-001	2,99507E-001	2,99041E-001	2,98409E-001	2,98493E-001	2,98834E-001	2,98346E-001	2,97760E-001	2,97804E-001	2,98273E-001	2,98682E-001	2,98657E-001	2,98701E-001	2,99132E-001	2,99818E-001	3,00048E-001	3,00641E-001	3,01040E-001	3,01793E-001	3,03145E-001	3,04718E-001	3,05903E-001	3,05335E-001	3,03444E-001	3,01029E-001	2,98563E-001	2,96994E-001	2,96396E-001	2,98202E-001	3,00358E-001	3,01711E-001	3,02103E-001	3,01342E-001	3,00612E-001	2,99810E-001	2,98951E-001	2,98078E-001	
2,98385E-001	2,98615E-001	2,98810E-001	2,98973E-001	2,98405E-001	2,98404E-001	2,98967E-001	2,99557E-001	2,99236E-001	2,98778E-001	2,99141E-001	2,99128E-001	2,98336E-001	2,98110E-001	2,98484E-001	2,98998E-001	2,98980E-001	2,98982E-001	2,99577E-001	2,99952E-001	3,00161E-001	3,00624E-001	3,01204E-001	3,02464E-001	3,04118E-001	3,04880E-001	3,03638E-001	3,01725E-001	2,99288E-001	2,97604E-001	2,96786E-001	2,98439E-001	3,00501E-001	3,01570E-001	3,01372E-001	3,00706E-001	2,99883E-001	2,99091E-001	2,98294E-001	
2,98539E-001	2,98876E-001	2,99258E-001	2,98895E-001	2,98644E-001	2,98972E-001	2,99659E-001	2,99300E-001	2,99462E-001	2,99534E-001	2,98833E-001	2,98369E-001	2,98796E-001	2,99286E-001	2,99179E-001	2,99624E-001	2,99938E-001	3,00173E-001	3,00421E-001	3,01397E-001	3,02949E-001	3,04017E-001	3,02679E-001	3,00768E-001	2,98601E-001	2,97270E-001	2,98185E-001	3,00360E-001	3,01222E-001	3,00826E-001	3,00095E-001	2,99290E-001	2,98523E-001	
2,98749E-001	2,99206E-001	2,99424E-001	2,98872E-001	2,98986E-001	2,99748E-001	2,99664E-001	2,99942E-001	2,99290E-001	2,98588E-001	2,99101E-001	2,99426E-001	2,99678E-001	2,99935E-001	3,00001E-001	3,00383E-001	3,01760E-001	3,03135E-001	3,01770E-001	2,99884E-001	2,98121E-001	2,98021E-001	3,00217E-001	3,00819E-001	3,00295E-001	2,99512E-001	2,98824E-001	
2,99078E-001	2,99586E-001	2,99255E-001	2,98938E-001	2,99861E-001	3,00379E-001	2,99713E-001	2,98794E-001	2,99412E-001	2,99737E-001	2,99901E-001	2,99834E-001	3,00726E-001	3,02144E-001	3,00854E-001	2,99253E-001	2,98349E-001	3,00037E-001	3,00446E-001	2,99847E-001	2,99125E-001	
2,99451E-001	2,99583E-001	2,99008E-001	3,00517E-001	3,00082E-001	2,98949E-001	2,99759E-001	2,99928E-001	2,99998E-001	3,01053E-001	3,00070E-001	2,99061E-001	2,99634E-001	3,00101E-001	2,99464E-001	
2,99716E-001	2,99377E-001	3,00388E-001	2,99302E-001	2,99840E-001	3,00127E-001	2,99747E-001	2,99541E-001	2,99880E-001	
0,00000E000	0,00000E000	0,00000E000	
