40 80
2,99885E-001	3,00240E-001	3,00095E-001	
2,99853E-001	2,99619E-001	2,99841E-001	3,00111E-001	3,00575E-001	3,00461E-001	3,00682E-001	3,00065E-001	2,99643E-001	
2,99198E-001	2,99822E-001	3,00084E-001	2,99117E-001	2,99078E-001	3,00309E-001	3,00281E-001	3,00323E-001	3,01072E-001	3,00946E-001	3,00638E-001	3,01042E-001	2,99909E-001	2,99584E-001	2,99641E-001	
2,99031E-001	2,98904E-001	3,00092E-001	3,00345E-001	2,99229E-001	2,98012E-001	2,98758E-001	3,00360E-001	3,00367E-001	3,00015E-001	3,00118E-001	3,01063E-001	3,01693E-001	3,01511E-001	3,01303E-001	3,01034E-001	3,00558E-001	2,99839E-001	2,99809E-001	2,99780E-001	2,99433E-001	
2,98827E-001	2,98520E-001	2,98936E-001	3,00338E-001	3,00489E-001	2,99453E-001	2,98033E-001	2,97288E-001	2,98782E-001	3,00288E-001	3,00383E-001	3,00045E-001	2,99803E-001	2,99985E-001	3,00975E-001	3,01926E-001	3,02203E-001	3,02313E-001	3,02117E-001	3,01277E-001	3,00584E-001	3,00245E-001	2,99864E-001	3,00095E-001	3,00276E-001	2,99562E-001	2,99263E-001	
2,98598E-001	2,98399E-001	2,98300E-001	2,98995E-001	3,00421E-001	3,00572E-001	2,99653E-001	2,98195E-001	2,97154E-001	2,96926E-001	2,98715E-001	3,00040E-001	3,00289E-001	2,99927E-001	2,99694E-001	2,99599E-001	2,99918E-001	3,00899E-001	3,01830E-001	3,02746E-001	3,02858E-001	3,03135E-001	3,03075E-001	3,02009E-001	3,00396E-001	3,00156E-001	3,00027E-001	2,99985E-001	3,00397E-001	3,00681E-001	3,00145E-001	2,99411E-001	2,99113E-001	
2,98460E-001	2,98327E-001	2,98002E-001	2,98302E-001	2,99087E-001	3,00374E-001	3,00570E-001	2,99769E-001	2,98460E-001	2,97164E-001	2,96479E-001	2,96858E-001	2,98548E-001	2,99680E-001	3,00128E-001	2,99724E-001	2,99518E-001	2,99450E-001	2,99428E-001	2,99893E-001	3,00804E-001	3,01775E-001	3,02879E-001	3,03434E-001	3,03690E-001	3,04026E-001	3,04094E-001	3,02835E-001	3,00831E-001	2,99810E-001	2,99857E-001	2,99859E-001	3,00133E-001	3,00636E-001	3,01063E-001	3,00766E-001	2,99970E-001	2,99297E-001	2,98993E-001	
2,98312E-001	2,98159E-001	2,97882E-001	2,97830E-001	2,98323E-001	2,99207E-001	3,00281E-001	3,00464E-001	2,99641E-001	2,98325E-001	2,96957E-001	2,86433E-001	2,76978E-001	2,97331E-001	2,98692E-001	2,99529E-001	2,99825E-001	2,99395E-001	2,99203E-001	2,99164E-001	2,99223E-001	2,99363E-001	3,00385E-001	3,01283E-001	3,02292E-001	3,03440E-001	3,04110E-001	3,04508E-001	3,04881E-001	3,05196E-001	3,04283E-001	3,02240E-001	3,00260E-001	2,99391E-001	2,99590E-001	2,99743E-001	3,00107E-001	3,00860E-001	3,01432E-001	3,01401E-001	3,00688E-001	2,99846E-001	2,99204E-001	2,98872E-001	
2,98194E-001	2,97965E-001	2,97806E-001	2,97582E-001	2,97721E-001	2,98338E-001	2,99251E-001	3,00160E-001	3,00301E-001	2,99468E-001	2,98195E-001	2,96841E-001	2,76711E-001	2,60236E-001	2,89217E-001	2,97604E-001	2,98587E-001	2,99381E-001	2,99389E-001	2,99056E-001	2,98858E-001	2,98840E-001	2,98955E-001	2,99077E-001	2,99881E-001	3,00867E-001	3,01796E-001	3,02901E-001	3,04002E-001	3,04756E-001	3,05299E-001	3,05745E-001	3,06193E-001	3,05809E-001	3,03869E-001	3,01502E-001	2,99647E-001	2,98992E-001	2,99321E-001	2,99626E-001	3,00035E-001	3,01098E-001	3,01661E-001	3,01981E-001	3,01427E-001	3,00634E-001	2,99741E-001	2,99134E-001	2,98768E-001	
2,98128E-001	2,97843E-001	2,97751E-001	2,97459E-001	2,97350E-001	2,97732E-001	2,98319E-001	2,99173E-001	3,00002E-001	3,00123E-001	2,99282E-001	2,98075E-001	2,96767E-001	2,69984E-001	2,48663E-001	2,57551E-001	2,96584E-001	2,97692E-001	2,98346E-001	2,99154E-001	2,98943E-001	2,98694E-001	2,98496E-001	2,98495E-001	2,98650E-001	2,98835E-001	2,99291E-001	3,00387E-001	3,01303E-001	3,02317E-001	3,03530E-001	3,04545E-001	3,05374E-001	3,06052E-001	3,06511E-001	3,06986E-001	3,07050E-001	3,05513E-001	3,03057E-001	3,00790E-001	2,99059E-001	2,98631E-001	2,99051E-001	2,99474E-001	2,99916E-001	3,01244E-001	3,01904E-001	3,02439E-001	3,02139E-001	3,01409E-001	3,00573E-001	2,99658E-001	2,99085E-001	2,98687E-001	
2,98049E-001	2,97748E-001	2,97660E-001	2,97329E-001	2,97122E-001	2,97226E-001	2,97728E-001	2,98304E-001	2,99190E-001	2,99915E-001	2,99843E-001	2,98896E-001	2,97602E-001	2,96431E-001	2,54156E-001	2,34953E-001	2,42070E-001	2,78062E-001	2,97064E-001	2,97710E-001	2,98446E-001	2,98773E-001	2,98363E-001	2,98229E-001	2,98067E-001	2,98199E-001	2,98418E-001	2,98663E-001	2,99263E-001	3,00410E-001	3,01366E-001	3,02349E-001	3,03615E-001	3,04700E-001	3,05714E-001	3,06595E-001	3,07228E-001	3,07695E-001	3,08202E-001	3,07671E-001	3,05653E-001	3,02972E-001	3,00615E-001	2,98812E-001	2,98213E-001	2,98684E-001	2,99205E-001	2,99658E-001	3,01025E-001	3,02036E-001	3,02624E-001	3,02878E-001	3,02208E-001	3,01443E-001	3,00576E-001	2,99616E-001	2,99043E-001	2,98618E-001	
2,98003E-001	2,97697E-001	2,97515E-001	2,97250E-001	2,97030E-001	2,96875E-001	2,97244E-001	2,97626E-001	2,98216E-001	2,99210E-001	2,99779E-001	2,99537E-001	2,98493E-001	2,97212E-001	2,83370E-001	2,41707E-001	2,25262E-001	2,30997E-001	2,59822E-001	2,96490E-001	2,97157E-001	2,97683E-001	2,98388E-001	2,98165E-001	2,97918E-001	2,97729E-001	2,97713E-001	2,97924E-001	2,98230E-001	2,98530E-001	2,99264E-001	3,00427E-001	3,01392E-001	3,02347E-001	3,03639E-001	3,04792E-001	3,05870E-001	3,06888E-001	3,07749E-001	3,08250E-001	3,08787E-001	3,09147E-001	3,08032E-001	3,05549E-001	3,02855E-001	3,00428E-001	2,98575E-001	2,97815E-001	2,98284E-001	2,98879E-001	2,99477E-001	3,00641E-001	3,02088E-001	3,02791E-001	3,03321E-001	3,03025E-001	3,02236E-001	3,01439E-001	3,00568E-001	2,99579E-001	2,99016E-001	2,98564E-001	
2,97996E-001	2,97692E-001	2,97415E-001	2,97216E-001	2,97007E-001	2,96676E-001	2,96809E-001	2,97188E-001	2,97532E-001	2,98227E-001	2,99191E-001	2,99610E-001	2,99144E-001	2,98151E-001	2,96880E-001	2,73391E-001	2,33481E-001	2,19528E-001	2,24070E-001	2,49095E-001	2,75001E-001	2,96683E-001	2,97041E-001	2,97772E-001	2,97924E-001	2,97599E-001	2,97490E-001	2,97328E-001	2,97452E-001	2,97689E-001	2,98066E-001	2,98427E-001	2,99278E-001	3,00424E-001	3,01412E-001	3,02322E-001	3,03611E-001	3,04828E-001	3,05895E-001	3,06997E-001	3,08088E-001	3,08756E-001	3,09255E-001	3,09801E-001	3,09671E-001	3,08138E-001	3,05332E-001	3,02698E-001	3,00236E-001	2,98357E-001	2,97473E-001	2,97911E-001	2,98521E-001	2,99251E-001	3,00219E-001	3,01862E-001	3,02864E-001	3,03441E-001	3,03689E-001	3,03021E-001	3,02265E-001	3,01424E-001	3,00538E-001	2,99545E-001	2,99001E-001	2,98528E-001	
2,97985E-001	2,97658E-001	2,97315E-001	2,97190E-001	2,96962E-001	2,96582E-001	2,96500E-001	2,96822E-001	2,97028E-001	2,97441E-001	2,98446E-001	2,99228E-001	2,99450E-001	2,98580E-001	2,97512E-001	2,96331E-001	2,55463E-001	2,20041E-001	2,11936E-001	2,25386E-001	2,44696E-001	2,65091E-001	2,93176E-001	2,96647E-001	2,97336E-001	2,97533E-001	2,97262E-001	2,97130E-001	2,96969E-001	2,97048E-001	2,97309E-001	2,97689E-001	2,98076E-001	2,98760E-001	2,99804E-001	3,00967E-001	3,01933E-001	3,02942E-001	3,04383E-001	3,05461E-001	3,06582E-001	3,07775E-001	3,08914E-001	3,09546E-001	3,10096E-001	3,10632E-001	3,10449E-001	3,08852E-001	3,06024E-001	3,03234E-001	3,00687E-001	2,98555E-001	2,97232E-001	2,97411E-001	2,98015E-001	2,98779E-001	2,99695E-001	3,01212E-001	3,02731E-001	3,03480E-001	3,04013E-001	3,03867E-001	3,03097E-001	3,02343E-001	3,01470E-001	3,00550E-001	2,99539E-001	2,98979E-001	2,98491E-001	
2,97980E-001	2,97654E-001	2,97297E-001	2,97191E-001	2,96958E-001	2,96569E-001	2,91743E-001	2,96493E-001	2,96685E-001	2,96886E-001	2,97612E-001	2,98666E-001	2,99223E-001	2,98995E-001	2,98061E-001	2,96964E-001	2,77667E-001	2,37899E-001	2,12714E-001	2,07682E-001	2,29920E-001	2,43206E-001	2,57240E-001	2,79113E-001	2,91027E-001	2,96953E-001	2,97162E-001	2,96973E-001	2,96821E-001	2,96659E-001	2,96701E-001	2,96973E-001	2,97317E-001	2,97750E-001	2,98308E-001	2,99296E-001	3,00422E-001	3,01468E-001	3,02450E-001	3,03608E-001	3,05007E-001	3,06048E-001	3,07216E-001	3,08463E-001	3,09613E-001	3,10207E-001	3,10789E-001	3,11313E-001	3,11078E-001	3,09436E-001	3,06622E-001	3,03757E-001	3,01181E-001	2,98838E-001	2,97294E-001	2,96944E-001	2,97502E-001	2,98252E-001	2,99198E-001	3,00458E-001	3,02161E-001	3,03439E-001	3,04059E-001	3,04394E-001	3,03904E-001	3,03132E-001	3,02371E-001	3,01486E-001	3,00544E-001	2,99531E-001	2,98962E-001	2,98469E-001	
2,97995E-001	2,97684E-001	2,97319E-001	2,97151E-001	2,96991E-001	2,96619E-001	2,87701E-001	2,89487E-001	2,96465E-001	2,96556E-001	2,96898E-001	2,97909E-001	2,98797E-001	2,99167E-001	2,98533E-001	2,97554E-001	2,96545E-001	2,65348E-001	2,28045E-001	2,11989E-001	2,11454E-001	2,36371E-001	2,43472E-001	2,51962E-001	2,67567E-001	2,77851E-001	2,96636E-001	2,96854E-001	2,96713E-001	2,96580E-001	2,96003E-001	2,96426E-001	2,96675E-001	2,96998E-001	2,97447E-001	2,97932E-001	2,98807E-001	2,99830E-001	3,00993E-001	3,01947E-001	3,02896E-001	3,04301E-001	3,05481E-001	3,06551E-001	3,07739E-001	3,09038E-001	3,10163E-001	3,10739E-001	3,11316E-001	3,11823E-001	3,11529E-001	3,09894E-001	3,07167E-001	3,04221E-001	3,01654E-001	2,99225E-001	2,97443E-001	2,96621E-001	2,97038E-001	2,97760E-001	2,98656E-001	2,99838E-001	3,01406E-001	3,03028E-001	3,03934E-001	3,04480E-001	3,04509E-001	3,03877E-001	3,03110E-001	3,02349E-001	3,01466E-001	3,00520E-001	2,99519E-001	2,98949E-001	2,98460E-001	
2,97998E-001	2,97710E-001	2,97324E-001	2,97106E-001	2,97007E-001	2,96638E-001	2,86564E-001	2,81201E-001	2,88752E-001	2,90321E-001	2,96465E-001	2,97279E-001	2,98343E-001	2,98985E-001	2,98764E-001	2,97889E-001	2,96893E-001	2,80454E-001	2,44220E-001	2,15346E-001	2,12308E-001	2,26987E-001	2,43520E-001	2,41055E-001	2,52638E-001	2,57286E-001	2,76130E-001	2,96473E-001	2,96512E-001	2,96420E-001	2,91049E-001	2,83072E-001	2,86452E-001	2,96515E-001	2,96875E-001	2,97342E-001	2,97875E-001	2,98837E-001	2,99849E-001	3,01002E-001	3,01964E-001	3,02933E-001	3,04279E-001	3,05506E-001	3,06560E-001	3,07744E-001	3,09092E-001	3,10355E-001	3,11016E-001	3,11618E-001	3,12209E-001	3,12186E-001	3,10965E-001	3,08619E-001	3,05495E-001	3,02804E-001	3,00243E-001	2,98073E-001	2,96701E-001	2,96495E-001	2,97094E-001	2,97915E-001	2,99012E-001	3,00403E-001	3,02070E-001	3,03582E-001	3,04321E-001	3,04732E-001	3,04637E-001	3,03906E-001	3,03132E-001	3,02373E-001	3,01483E-001	3,00530E-001	2,99526E-001	2,98932E-001	2,98445E-001	
2,97989E-001	2,97712E-001	2,97313E-001	2,97054E-001	2,97011E-001	2,96632E-001	2,85015E-001	2,76213E-001	2,80253E-001	2,81020E-001	2,83214E-001	2,96863E-001	2,98016E-001	2,98747E-001	2,98809E-001	2,98005E-001	2,97036E-001	2,88130E-001	2,52853E-001	2,22104E-001	2,14516E-001	2,23798E-001	2,44022E-001	2,42656E-001	2,41955E-001	2,47438E-001	2,55972E-001	2,80805E-001	2,89058E-001	2,87055E-001	2,82688E-001	2,73616E-001	2,73545E-001	2,85835E-001	2,96526E-001	2,97010E-001	2,97525E-001	2,98325E-001	2,99348E-001	3,00416E-001	3,01486E-001	3,02503E-001	3,03528E-001	3,05055E-001	3,06096E-001	3,07222E-001	3,08526E-001	3,09934E-001	3,11047E-001	3,11658E-001	3,12273E-001	3,12750E-001	3,12309E-001	3,10623E-001	3,07873E-001	3,04761E-001	3,02082E-001	2,99550E-001	2,97524E-001	2,91274E-001	2,93433E-001	2,97031E-001	2,97942E-001	2,99215E-001	3,00735E-001	3,02440E-001	3,03914E-001	3,04611E-001	3,04947E-001	3,04735E-001	3,03987E-001	3,03203E-001	3,02435E-001	3,01533E-001	3,00570E-001	2,99549E-001	2,98910E-001	2,98422E-001	
2,97997E-001	2,97729E-001	2,97339E-001	2,97039E-001	2,97054E-001	2,96674E-001	2,86526E-001	2,74607E-001	2,75715E-001	2,75800E-001	2,73088E-001	2,96517E-001	2,97715E-001	2,98518E-001	2,98790E-001	2,98160E-001	2,97183E-001	2,96458E-001	2,66168E-001	2,32957E-001	2,19554E-001	2,25117E-001	2,48840E-001	2,50080E-001	2,40537E-001	2,43409E-001	2,43671E-001	2,65108E-001	2,78910E-001	2,80847E-001	2,79326E-001	2,70572E-001	2,65263E-001	2,73508E-001	2,89023E-001	2,96698E-001	2,97185E-001	2,97840E-001	2,98902E-001	2,99891E-001	3,01011E-001	3,01995E-001	3,03003E-001	3,04295E-001	3,05555E-001	3,06605E-001	3,07797E-001	3,09229E-001	3,10604E-001	3,11473E-001	3,12127E-001	3,12776E-001	3,12907E-001	3,12037E-001	3,09972E-001	3,06957E-001	3,04004E-001	3,01342E-001	2,98870E-001	2,97037E-001	2,76916E-001	2,89892E-001	2,97041E-001	2,98039E-001	2,99474E-001	3,01055E-001	3,02762E-001	3,04177E-001	3,04831E-001	3,05051E-001	3,04750E-001	3,03994E-001	3,03210E-001	3,02444E-001	3,01543E-001	3,00584E-001	2,99562E-001	2,98893E-001	2,98408E-001	
2,98025E-001	2,97767E-001	2,97401E-001	2,97060E-001	2,97134E-001	2,96763E-001	2,91372E-001	2,76361E-001	2,75274E-001	2,74399E-001	2,68189E-001	2,88819E-001	2,97376E-001	2,98324E-001	2,98757E-001	2,98335E-001	2,97387E-001	2,96706E-001	2,79379E-001	2,46637E-001	2,28634E-001	2,29145E-001	2,54994E-001	2,61167E-001	2,48490E-001	2,42415E-001	2,40424E-001	2,56585E-001	2,71994E-001	2,74628E-001	2,74712E-001	2,72440E-001	2,63701E-001	2,66686E-001	2,81086E-001	2,96470E-001	2,96953E-001	2,97513E-001	2,98415E-001	2,99425E-001	3,00416E-001	3,01478E-001	3,02468E-001	3,03461E-001	3,04921E-001	3,05962E-001	3,07035E-001	3,08307E-001	3,09791E-001	3,11054E-001	3,11752E-001	3,12386E-001	3,12980E-001	3,12728E-001	3,11442E-001	3,09039E-001	3,05972E-001	3,03192E-001	3,00615E-001	2,98290E-001	2,96618E-001	2,69142E-001	2,90209E-001	2,97123E-001	2,98214E-001	2,99758E-001	3,01337E-001	3,03026E-001	3,04358E-001	3,04961E-001	3,05024E-001	3,04682E-001	3,03927E-001	3,03154E-001	3,02400E-001	3,01513E-001	3,00571E-001	2,99562E-001	2,98878E-001	2,98402E-001	
2,98042E-001	2,97789E-001	2,97438E-001	2,97071E-001	2,97197E-001	2,96825E-001	2,94939E-001	2,78981E-001	2,75604E-001	2,74068E-001	2,65612E-001	2,84638E-001	2,97280E-001	2,98279E-001	2,98734E-001	2,98369E-001	2,97422E-001	2,96801E-001	2,85835E-001	2,54486E-001	2,37017E-001	2,40283E-001	2,66225E-001	2,70895E-001	2,55456E-001	2,44552E-001	2,40850E-001	2,56189E-001	2,69304E-001	2,71914E-001	2,74244E-001	2,72267E-001	2,63183E-001	2,66367E-001	2,81092E-001	2,96472E-001	2,96952E-001	2,97524E-001	2,98463E-001	2,99465E-001	3,00421E-001	3,01472E-001	3,02443E-001	3,03460E-001	3,04852E-001	3,05890E-001	3,06951E-001	3,08232E-001	3,09744E-001	3,11005E-001	3,11741E-001	3,12392E-001	3,12975E-001	3,12660E-001	3,11361E-001	3,08935E-001	3,05919E-001	3,03119E-001	3,00546E-001	2,98227E-001	2,96565E-001	2,63820E-001	2,83750E-001	2,97005E-001	2,98134E-001	2,99752E-001	3,01342E-001	3,03019E-001	3,04373E-001	3,04968E-001	3,04985E-001	3,04642E-001	3,03907E-001	3,03141E-001	3,02390E-001	3,01511E-001	3,00584E-001	2,99574E-001	2,98855E-001	2,98386E-001	
2,98045E-001	2,97794E-001	2,97452E-001	2,97080E-001	2,97246E-001	2,96859E-001	2,96436E-001	2,81979E-001	2,76430E-001	2,73573E-001	2,65094E-001	2,87644E-001	2,97380E-001	2,98415E-001	2,98736E-001	2,98286E-001	2,97345E-001	2,96784E-001	2,83340E-001	2,56341E-001	2,46224E-001	2,59184E-001	2,80005E-001	2,76221E-001	2,56182E-001	2,44080E-001	2,45365E-001	2,63868E-001	2,66891E-001	2,72928E-001	2,77080E-001	2,67409E-001	2,64514E-001	2,74405E-001	2,88377E-001	2,96719E-001	2,97204E-001	2,97971E-001	2,99042E-001	2,99960E-001	3,00963E-001	3,01939E-001	3,02946E-001	3,04181E-001	3,05350E-001	3,06378E-001	3,07548E-001	3,09037E-001	3,10483E-001	3,11415E-001	3,12118E-001	3,12752E-001	3,12781E-001	3,11836E-001	3,09669E-001	3,06757E-001	3,03780E-001	3,01112E-001	2,98712E-001	2,96823E-001	2,67149E-001	2,70125E-001	2,96690E-001	2,97786E-001	2,99429E-001	3,01094E-001	3,02726E-001	3,04217E-001	3,04912E-001	3,04957E-001	3,04628E-001	3,03932E-001	3,03166E-001	3,02411E-001	3,01530E-001	3,00619E-001	2,99598E-001	2,98828E-001	2,98360E-001	
2,98070E-001	2,97819E-001	2,97492E-001	2,97156E-001	2,97322E-001	2,96938E-001	2,96539E-001	2,87229E-001	2,80693E-001	2,74948E-001	2,68927E-001	2,95544E-001	2,97576E-001	2,98560E-001	2,98774E-001	2,98186E-001	2,97316E-001	2,96817E-001	2,85766E-001	2,64033E-001	2,57939E-001	2,82307E-001	2,94890E-001	2,81831E-001	2,60857E-001	2,48448E-001	2,58397E-001	2,71028E-001	2,69372E-001	2,79000E-001	2,81150E-001	2,70884E-001	2,72493E-001	2,85879E-001	2,96548E-001	2,97007E-001	2,97574E-001	2,98560E-001	2,99546E-001	3,00439E-001	3,01456E-001	3,02385E-001	3,03464E-001	3,04711E-001	3,05742E-001	3,06804E-001	3,08179E-001	3,09712E-001	3,10886E-001	3,11623E-001	3,12323E-001	3,12662E-001	3,11941E-001	3,10193E-001	3,07446E-001	3,04485E-001	3,01718E-001	2,99272E-001	2,97211E-001	2,76582E-001	2,60912E-001	2,96425E-001	2,97487E-001	2,99061E-001	3,00818E-001	3,02364E-001	3,03950E-001	3,04786E-001	3,04866E-001	3,04543E-001	3,03881E-001	3,03120E-001	3,02376E-001	3,01508E-001	3,00623E-001	2,99608E-001	2,98800E-001	2,98342E-001	
2,98110E-001	2,97864E-001	2,97570E-001	2,97267E-001	2,97432E-001	2,97060E-001	2,96695E-001	2,95580E-001	2,88070E-001	2,80007E-001	2,77488E-001	2,96659E-001	2,97833E-001	2,98696E-001	2,98819E-001	2,98110E-001	2,97418E-001	2,96933E-001	2,92368E-001	2,75588E-001	2,76493E-001	2,96592E-001	2,96677E-001	2,88838E-001	2,66518E-001	2,59337E-001	2,72571E-001	2,78225E-001	2,82854E-001	2,92261E-001	2,85082E-001	2,79918E-001	2,87823E-001	2,96491E-001	2,96914E-001	2,97364E-001	2,98135E-001	2,99164E-001	3,00008E-001	3,00879E-001	3,01840E-001	3,02799E-001	3,03988E-001	3,05033E-001	3,06016E-001	3,07218E-001	3,08729E-001	3,10065E-001	3,10947E-001	3,11667E-001	3,12219E-001	3,11780E-001	3,10446E-001	3,07924E-001	3,05095E-001	3,02296E-001	2,99853E-001	2,97687E-001	2,89167E-001	2,58925E-001	2,88094E-001	2,97228E-001	2,98719E-001	3,00544E-001	3,01999E-001	3,03578E-001	3,04588E-001	3,04708E-001	3,04380E-001	3,03761E-001	3,03012E-001	3,02286E-001	3,01446E-001	3,00596E-001	2,99604E-001	2,98779E-001	2,98335E-001	
2,98140E-001	2,97913E-001	2,97627E-001	2,97387E-001	2,97524E-001	2,97163E-001	2,96821E-001	2,96573E-001	2,95653E-001	2,85048E-001	2,88914E-001	2,97106E-001	2,98276E-001	2,98891E-001	2,98806E-001	2,97913E-001	2,97425E-001	2,96862E-001	2,94613E-001	2,87070E-001	2,96698E-001	2,96995E-001	2,96758E-001	2,85894E-001	2,68547E-001	2,79507E-001	2,88148E-001	2,87714E-001	2,96515E-001	2,96480E-001	2,90986E-001	2,96425E-001	2,96642E-001	2,97035E-001	2,97459E-001	2,98212E-001	2,99224E-001	3,00040E-001	3,00850E-001	3,01796E-001	3,02760E-001	3,03860E-001	3,04876E-001	3,05840E-001	3,07110E-001	3,08635E-001	3,09849E-001	3,10695E-001	3,11425E-001	3,11713E-001	3,10937E-001	3,09139E-001	3,06500E-001	3,03670E-001	3,01018E-001	2,98721E-001	2,96874E-001	2,72051E-001	2,70813E-001	2,96777E-001	2,98030E-001	2,99913E-001	3,01422E-001	3,02997E-001	3,04239E-001	3,04529E-001	3,04210E-001	3,03720E-001	3,02958E-001	3,02219E-001	3,01431E-001	3,00583E-001	2,99618E-001	2,98758E-001	2,98328E-001	
2,98160E-001	2,97949E-001	2,97658E-001	2,97520E-001	2,97600E-001	2,97266E-001	2,96951E-001	2,96680E-001	2,96536E-001	2,91204E-001	2,96681E-001	2,97733E-001	2,98803E-001	2,99031E-001	2,98404E-001	2,97784E-001	2,97298E-001	2,96756E-001	2,96552E-001	2,96895E-001	2,97290E-001	2,97087E-001	2,96505E-001	2,79466E-001	2,91291E-001	2,96443E-001	2,96469E-001	2,96782E-001	2,96662E-001	2,96565E-001	2,96719E-001	2,96961E-001	2,97339E-001	2,97820E-001	2,98788E-001	2,99691E-001	3,00446E-001	3,01326E-001	3,02207E-001	3,03311E-001	3,04289E-001	3,05243E-001	3,06406E-001	3,07918E-001	3,09233E-001	3,10162E-001	3,10930E-001	3,11210E-001	3,10401E-001	3,08528E-001	3,05903E-001	3,03064E-001	3,00459E-001	2,98238E-001	2,96608E-001	2,65540E-001	2,84609E-001	2,97208E-001	2,98809E-001	3,00670E-001	3,02093E-001	3,03612E-001	3,04299E-001	3,04108E-001	3,03664E-001	3,02963E-001	3,02198E-001	3,01454E-001	3,00592E-001	2,99658E-001	2,98734E-001	2,98312E-001	
2,98198E-001	2,97998E-001	2,97716E-001	2,97684E-001	2,97708E-001	2,97417E-001	2,97107E-001	2,96849E-001	2,96669E-001	2,96620E-001	2,97283E-001	2,98523E-001	2,99129E-001	2,98970E-001	2,98160E-001	2,97755E-001	2,97183E-001	2,96919E-001	2,97110E-001	2,97606E-001	2,97456E-001	2,96871E-001	2,93266E-001	2,96608E-001	2,96667E-001	2,96742E-001	2,97085E-001	2,96934E-001	2,96871E-001	2,97051E-001	2,97321E-001	2,97678E-001	2,98351E-001	2,99326E-001	3,00095E-001	3,00797E-001	3,01677E-001	3,02717E-001	3,03622E-001	3,04580E-001	3,05614E-001	3,07090E-001	3,08473E-001	3,09488E-001	3,10277E-001	3,10551E-001	3,09726E-001	3,07807E-001	3,05239E-001	3,02400E-001	2,99915E-001	2,97812E-001	2,96453E-001	2,67984E-001	2,96558E-001	2,97797E-001	2,99712E-001	3,01285E-001	3,02776E-001	3,03967E-001	3,03950E-001	3,03537E-001	3,02912E-001	3,02158E-001	3,01430E-001	3,00592E-001	2,99702E-001	2,98717E-001	2,98304E-001	
2,98253E-001	2,98072E-001	2,97804E-001	2,97866E-001	2,97851E-001	2,97608E-001	2,97307E-001	2,97098E-001	2,96887E-001	2,97072E-001	2,98002E-001	2,99049E-001	2,99315E-001	2,98653E-001	2,98153E-001	2,97617E-001	2,97293E-001	2,97368E-001	2,97930E-001	2,97845E-001	2,97268E-001	2,96696E-001	2,96966E-001	2,96943E-001	2,97081E-001	2,97431E-001	2,97254E-001	2,97265E-001	2,97407E-001	2,97709E-001	2,98083E-001	2,98966E-001	2,99792E-001	3,00412E-001	3,01215E-001	3,02070E-001	3,02945E-001	3,03881E-001	3,04798E-001	3,06161E-001	3,07600E-001	3,08681E-001	3,09487E-001	3,09755E-001	3,08919E-001	3,06989E-001	3,04527E-001	3,01746E-001	2,99422E-001	2,97487E-001	2,94066E-001	2,81413E-001	2,97036E-001	2,98600E-001	3,00489E-001	3,01849E-001	3,03265E-001	3,03724E-001	3,03301E-001	3,02846E-001	3,02082E-001	3,01360E-001	3,00564E-001	2,99738E-001	2,98770E-001	2,98305E-001	
2,98300E-001	2,98136E-001	2,97955E-001	2,98049E-001	2,98008E-001	2,97795E-001	2,97474E-001	2,97241E-001	2,97173E-001	2,97768E-001	2,98976E-001	2,99450E-001	2,99026E-001	2,98450E-001	2,97944E-001	2,97635E-001	2,97785E-001	2,98284E-001	2,98111E-001	2,97385E-001	2,97103E-001	2,97318E-001	2,97271E-001	2,97647E-001	2,97685E-001	2,97565E-001	2,97667E-001	2,97910E-001	2,98220E-001	2,99034E-001	2,99839E-001	3,00390E-001	3,01145E-001	3,02037E-001	3,02793E-001	3,03693E-001	3,04728E-001	3,06194E-001	3,07442E-001	3,08436E-001	3,09045E-001	3,08557E-001	3,06956E-001	3,04552E-001	3,01880E-001	2,99503E-001	2,97599E-001	2,96484E-001	2,90745E-001	2,97349E-001	2,99155E-001	3,00881E-001	3,02203E-001	3,03379E-001	3,03234E-001	3,02748E-001	3,02085E-001	3,01330E-001	3,00598E-001	2,99785E-001	2,98834E-001	2,98300E-001	
2,98354E-001	2,98242E-001	2,98147E-001	2,98271E-001	2,98215E-001	2,97988E-001	2,97670E-001	2,97506E-001	2,97747E-001	2,98738E-001	2,99506E-001	2,99384E-001	2,98768E-001	2,98291E-001	2,97993E-001	2,98235E-001	2,98645E-001	2,98352E-001	2,97520E-001	2,97570E-001	2,97567E-001	2,97716E-001	2,98085E-001	2,97960E-001	2,97993E-001	2,98143E-001	2,98391E-001	2,99120E-001	2,99887E-001	3,00372E-001	3,01068E-001	3,01970E-001	3,02602E-001	3,03464E-001	3,04646E-001	3,06061E-001	3,07241E-001	3,08081E-001	3,07993E-001	3,06707E-001	3,04526E-001	3,01986E-001	2,99601E-001	2,97756E-001	2,96649E-001	2,96552E-001	2,97766E-001	2,99683E-001	3,01206E-001	3,02515E-001	3,03088E-001	3,02573E-001	3,02084E-001	3,01312E-001	3,00609E-001	2,99814E-001	2,98910E-001	2,98317E-001	
2,98434E-001	2,98361E-001	2,98368E-001	2,98525E-001	2,98469E-001	2,98151E-001	2,97866E-001	2,97866E-001	2,98489E-001	2,99490E-001	2,99607E-001	2,99112E-001	2,98647E-001	2,98357E-001	2,98680E-001	2,98962E-001	2,98555E-001	2,97810E-001	2,97992E-001	2,97934E-001	2,98324E-001	2,98391E-001	2,98346E-001	2,98411E-001	2,98592E-001	2,99223E-001	2,99930E-001	3,00347E-001	3,00978E-001	3,01773E-001	3,02376E-001	3,03252E-001	3,04542E-001	3,05822E-001	3,06917E-001	3,07229E-001	3,06327E-001	3,04382E-001	3,02089E-001	2,99706E-001	2,97942E-001	2,96868E-001	2,96859E-001	2,98285E-001	3,00156E-001	3,01470E-001	3,02620E-001	3,02457E-001	3,01968E-001	3,01302E-001	3,00589E-001	2,99854E-001	2,99012E-001	2,98375E-001	
2,98525E-001	2,98464E-001	2,98569E-001	2,98783E-001	2,98664E-001	2,98263E-001	2,98156E-001	2,98510E-001	2,99505E-001	2,99750E-001	2,99335E-001	2,98866E-001	2,98702E-001	2,99193E-001	2,99157E-001	2,98370E-001	2,98261E-001	2,98210E-001	2,98553E-001	2,98715E-001	2,98677E-001	2,98735E-001	2,98929E-001	2,99671E-001	3,00184E-001	3,00543E-001	3,01358E-001	3,01814E-001	3,02666E-001	3,03917E-001	3,05205E-001	3,06299E-001	3,06208E-001	3,04802E-001	3,02813E-001	3,00387E-001	2,98500E-001	2,97222E-001	2,96977E-001	2,98453E-001	3,00316E-001	3,01549E-001	3,02391E-001	3,01916E-001	3,01387E-001	3,00637E-001	2,99944E-001	2,99153E-001	2,98440E-001	
2,98646E-001	2,98692E-001	2,98804E-001	2,99047E-001	2,98778E-001	2,98450E-001	2,98623E-001	2,99415E-001	2,99842E-001	2,99552E-001	2,99138E-001	2,99278E-001	2,99569E-001	2,99115E-001	2,98539E-001	2,98475E-001	2,98772E-001	2,99033E-001	2,98974E-001	2,99005E-001	2,99389E-001	3,00018E-001	3,00305E-001	3,00914E-001	3,01366E-001	3,02088E-001	3,03273E-001	3,04595E-001	3,05546E-001	3,04997E-001	3,03317E-001	3,01194E-001	2,99048E-001	2,97689E-001	2,97174E-001	2,98667E-001	3,00472E-001	3,01610E-001	3,01955E-001	3,01337E-001	3,00724E-001	3,00035E-001	2,99290E-001	2,98535E-001	
2,98796E-001	2,98965E-001	2,99121E-001	2,99264E-001	2,98808E-001	2,98831E-001	2,99334E-001	2,99883E-001	2,99712E-001	2,99432E-001	2,99781E-001	2,99755E-001	2,99028E-001	2,98746E-001	2,98969E-001	2,99319E-001	2,99271E-001	2,99274E-001	2,99803E-001	3,00183E-001	3,00459E-001	3,00956E-001	3,01533E-001	3,02638E-001	3,04024E-001	3,04617E-001	3,03505E-001	3,01807E-001	2,99680E-001	2,98211E-001	2,97513E-001	2,98885E-001	3,00614E-001	3,01517E-001	3,01372E-001	3,00822E-001	3,00123E-001	2,99436E-001	2,98746E-001	
2,98953E-001	2,99213E-001	2,99527E-001	2,99237E-001	2,99046E-001	2,99350E-001	2,99984E-001	2,99789E-001	2,99999E-001	3,00066E-001	2,99424E-001	2,98946E-001	2,99217E-001	2,99560E-001	2,99460E-001	2,99855E-001	3,00180E-001	3,00475E-001	3,00787E-001	3,01675E-001	3,02993E-001	3,03851E-001	3,02665E-001	3,00970E-001	2,99075E-001	2,97926E-001	2,98688E-001	3,00514E-001	3,01249E-001	3,00936E-001	3,00323E-001	2,99630E-001	2,98966E-001	
2,99157E-001	2,99516E-001	2,99696E-001	2,99250E-001	2,99375E-001	3,00079E-001	3,00110E-001	3,00374E-001	2,99788E-001	2,99113E-001	2,99461E-001	2,99690E-001	2,99913E-001	3,00186E-001	3,00338E-001	3,00750E-001	3,01944E-001	3,03072E-001	3,01868E-001	3,00196E-001	2,98648E-001	2,98561E-001	3,00409E-001	3,00936E-001	3,00509E-001	2,99843E-001	2,99245E-001	
2,99457E-001	2,99856E-001	2,99582E-001	2,99347E-001	3,00204E-001	3,00699E-001	3,00123E-001	2,99271E-001	2,99713E-001	2,99977E-001	3,00167E-001	3,00204E-001	3,01019E-001	3,02202E-001	3,01068E-001	2,99632E-001	2,98835E-001	3,00270E-001	3,00645E-001	3,00146E-001	2,99525E-001	
2,99789E-001	2,99868E-001	2,99421E-001	3,00768E-001	3,00411E-001	2,99388E-001	3,00010E-001	3,00199E-001	3,00339E-001	3,01249E-001	3,00379E-001	2,99442E-001	2,99946E-001	3,00373E-001	2,99837E-001	
3,00017E-001	2,99754E-001	3,00637E-001	2,99677E-001	3,00136E-001	3,00425E-001	3,00070E-001	2,99871E-001	3,00203E-001	
0,00000E000	0,00000E000	0,00000E000	
