40 80
3,00317E-001	3,00675E-001	3,00469E-001	
3,00231E-001	3,00059E-001	3,00422E-001	3,00611E-001	3,01006E-001	3,00859E-001	3,01073E-001	3,00384E-001	2,99987E-001	
2,99391E-001	3,00203E-001	3,00693E-001	2,99624E-001	2,99605E-001	3,00971E-001	3,00671E-001	3,00637E-001	3,01550E-001	3,01324E-001	3,00976E-001	3,01537E-001	3,00172E-001	2,99873E-001	3,00001E-001	
2,99201E-001	2,99017E-001	3,00614E-001	3,01075E-001	2,99821E-001	2,98385E-001	2,99313E-001	3,01142E-001	3,00894E-001	3,00306E-001	3,00329E-001	3,01449E-001	3,02155E-001	3,01874E-001	3,01717E-001	3,01534E-001	3,00984E-001	3,00075E-001	3,00098E-001	3,00130E-001	2,99727E-001	
2,98953E-001	2,98553E-001	2,99110E-001	3,01008E-001	3,01318E-001	3,00145E-001	2,98494E-001	2,97611E-001	2,99435E-001	3,01151E-001	3,01035E-001	3,00454E-001	3,00023E-001	3,00113E-001	3,01253E-001	3,02344E-001	3,02592E-001	3,02736E-001	3,02629E-001	3,01783E-001	3,01045E-001	3,00656E-001	3,00116E-001	3,00414E-001	3,00701E-001	2,99823E-001	2,99495E-001	
2,98662E-001	2,98428E-001	2,98318E-001	2,99260E-001	3,01195E-001	3,01494E-001	3,00448E-001	2,98744E-001	2,97550E-001	2,97260E-001	2,99428E-001	3,00927E-001	3,01034E-001	3,00413E-001	3,00007E-001	2,99745E-001	2,99983E-001	3,01079E-001	3,02110E-001	3,03160E-001	3,03224E-001	3,03625E-001	3,03726E-001	3,02614E-001	3,00771E-001	3,00599E-001	3,00440E-001	3,00295E-001	3,00773E-001	3,01157E-001	3,00498E-001	2,99599E-001	2,99286E-001	
2,98481E-001	2,98359E-001	2,97968E-001	2,98397E-001	2,99463E-001	3,01214E-001	3,01562E-001	3,00649E-001	2,99120E-001	2,97613E-001	2,96823E-001	2,97258E-001	2,99285E-001	3,00551E-001	3,00943E-001	3,00266E-001	2,99902E-001	2,99698E-001	2,99503E-001	2,99908E-001	3,00884E-001	3,01944E-001	3,03208E-001	3,03808E-001	3,04099E-001	3,04611E-001	3,04905E-001	3,03550E-001	3,01248E-001	3,00152E-001	3,00314E-001	3,00279E-001	3,00517E-001	3,01067E-001	3,01599E-001	3,01228E-001	3,00231E-001	2,99421E-001	2,99111E-001	
2,98284E-001	2,98159E-001	2,97851E-001	2,97833E-001	2,98521E-001	2,99720E-001	3,01194E-001	3,01526E-001	3,00581E-001	2,99033E-001	2,97430E-001	2,96606E-001	2,81333E-001	2,97918E-001	2,99498E-001	3,00397E-001	3,00613E-001	2,99923E-001	2,99583E-001	2,99413E-001	2,99319E-001	2,99280E-001	3,00380E-001	3,01305E-001	3,02391E-001	3,03703E-001	3,04452E-001	3,04928E-001	3,05479E-001	3,06084E-001	3,05179E-001	3,02856E-001	3,00612E-001	2,99714E-001	3,00063E-001	3,00210E-001	3,00544E-001	3,01379E-001	3,02041E-001	3,01984E-001	3,01069E-001	3,00021E-001	2,99264E-001	2,98931E-001	
2,98120E-001	2,97914E-001	2,97782E-001	2,97555E-001	2,97790E-001	2,98641E-001	2,99881E-001	3,01138E-001	3,01413E-001	3,00448E-001	2,98945E-001	2,97355E-001	2,90402E-001	2,51855E-001	2,96723E-001	2,98294E-001	2,99386E-001	3,00255E-001	3,00115E-001	2,99573E-001	2,99228E-001	2,99086E-001	2,99065E-001	2,98998E-001	2,99794E-001	3,00813E-001	3,01756E-001	3,02955E-001	3,04201E-001	3,05063E-001	3,05728E-001	3,06366E-001	3,07131E-001	3,06911E-001	3,04718E-001	3,02007E-001	2,99934E-001	2,99305E-001	2,99810E-001	3,00144E-001	3,00522E-001	3,01734E-001	3,02329E-001	3,02691E-001	3,01951E-001	3,00942E-001	2,99837E-001	2,99136E-001	2,98768E-001	
2,98020E-001	2,97757E-001	2,97733E-001	2,97430E-001	2,97356E-001	2,97909E-001	2,98717E-001	2,99880E-001	3,01029E-001	3,01276E-001	3,00293E-001	2,98865E-001	2,97323E-001	2,79664E-001	2,31961E-001	2,50430E-001	2,97143E-001	2,98421E-001	2,99100E-001	3,00013E-001	2,99609E-001	2,99195E-001	2,98853E-001	2,98735E-001	2,98769E-001	2,98787E-001	2,99117E-001	3,00268E-001	3,01170E-001	3,02212E-001	3,03552E-001	3,04685E-001	3,05646E-001	3,06490E-001	3,07137E-001	3,07918E-001	3,08274E-001	3,06599E-001	3,03772E-001	3,01214E-001	2,99294E-001	2,98946E-001	2,99556E-001	3,00032E-001	3,00444E-001	3,01989E-001	3,02669E-001	3,03266E-001	3,02824E-001	3,01863E-001	3,00807E-001	2,99681E-001	2,99034E-001	2,98634E-001	
2,97900E-001	2,97634E-001	2,97634E-001	2,97297E-001	2,97110E-001	2,97311E-001	2,98019E-001	2,98808E-001	3,00017E-001	3,01034E-001	3,01031E-001	2,99909E-001	2,98362E-001	2,96997E-001	2,48984E-001	2,06870E-001	2,21630E-001	2,96574E-001	2,97742E-001	2,98417E-001	2,99236E-001	2,99542E-001	2,98907E-001	2,98663E-001	2,98355E-001	2,98389E-001	2,98480E-001	2,98549E-001	2,99044E-001	3,00238E-001	3,01166E-001	3,02141E-001	3,03521E-001	3,04715E-001	3,05889E-001	3,06966E-001	3,07803E-001	3,08521E-001	3,09410E-001	3,09031E-001	3,06764E-001	3,03673E-001	3,01022E-001	2,99031E-001	2,98482E-001	2,99179E-001	2,99799E-001	3,00228E-001	3,01812E-001	3,02912E-001	3,03515E-001	3,03759E-001	3,02836E-001	3,01837E-001	3,00750E-001	2,99573E-001	2,98935E-001	2,98513E-001	
2,97821E-001	2,97563E-001	2,97453E-001	2,97220E-001	2,97032E-001	2,96907E-001	2,97451E-001	2,97989E-001	2,98796E-001	3,00151E-001	3,00967E-001	3,00741E-001	2,99490E-001	2,97953E-001	2,96735E-001	2,25224E-001	1,90219E-001	2,02194E-001	2,66474E-001	2,97110E-001	2,97827E-001	2,98370E-001	2,99179E-001	2,98791E-001	2,98397E-001	2,98076E-001	2,97944E-001	2,98059E-001	2,98241E-001	2,98360E-001	2,99012E-001	3,00209E-001	3,01130E-001	3,02045E-001	3,03437E-001	3,04694E-001	3,05922E-001	3,07149E-001	3,08251E-001	3,08967E-001	3,09838E-001	3,10591E-001	3,09481E-001	3,06631E-001	3,03548E-001	3,00820E-001	2,98779E-001	2,98036E-001	2,98753E-001	2,99486E-001	3,00116E-001	3,01430E-001	3,03087E-001	3,03789E-001	3,04342E-001	3,03868E-001	3,02796E-001	3,01766E-001	3,00682E-001	2,99474E-001	2,98859E-001	2,98411E-001	
2,97790E-001	2,97547E-001	2,97325E-001	2,97193E-001	2,97033E-001	2,96688E-001	2,96934E-001	2,97481E-001	2,97961E-001	2,98907E-001	3,00224E-001	3,00844E-001	3,00322E-001	2,99134E-001	2,97604E-001	2,96551E-001	2,10407E-001	1,81615E-001	1,91147E-001	2,46902E-001	2,96553E-001	2,97318E-001	2,97645E-001	2,98491E-001	2,98600E-001	2,98102E-001	2,97903E-001	2,97607E-001	2,97642E-001	2,97770E-001	2,98028E-001	2,98211E-001	2,99002E-001	3,00163E-001	3,01101E-001	3,01941E-001	3,03312E-001	3,04634E-001	3,05821E-001	3,07130E-001	3,08503E-001	3,09401E-001	3,10169E-001	3,11108E-001	3,11255E-001	3,09627E-001	3,06370E-001	3,03382E-001	3,00615E-001	2,98548E-001	2,97658E-001	2,98352E-001	2,99122E-001	2,99941E-001	3,01000E-001	3,02911E-001	3,03973E-001	3,04534E-001	3,04738E-001	3,03783E-001	3,02766E-001	3,01687E-001	3,00590E-001	2,99385E-001	2,98802E-001	2,98333E-001	
2,97756E-001	2,97493E-001	2,97198E-001	2,97179E-001	2,97005E-001	2,96611E-001	2,96585E-001	2,97068E-001	2,97372E-001	2,97939E-001	2,99299E-001	3,00382E-001	3,00750E-001	2,99698E-001	2,98414E-001	2,97116E-001	2,65442E-001	1,84588E-001	1,68873E-001	2,00038E-001	2,40189E-001	2,80657E-001	2,96951E-001	2,97202E-001	2,98001E-001	2,98180E-001	2,97761E-001	2,97540E-001	2,97253E-001	2,97237E-001	2,97406E-001	2,97675E-001	2,97898E-001	2,98469E-001	2,99485E-001	3,00644E-001	3,01534E-001	3,02498E-001	3,04072E-001	3,05217E-001	3,06489E-001	3,07933E-001	3,09386E-001	3,10253E-001	3,11108E-001	3,12051E-001	3,12143E-001	3,10442E-001	3,07170E-001	3,03989E-001	3,01131E-001	2,98769E-001	2,97354E-001	2,97764E-001	2,98577E-001	2,99472E-001	3,00481E-001	3,02231E-001	3,03951E-001	3,04685E-001	3,05202E-001	3,04890E-001	3,03807E-001	3,02801E-001	3,01686E-001	3,00551E-001	2,99329E-001	2,98732E-001	2,98252E-001	
2,97727E-001	2,97476E-001	2,97173E-001	2,97188E-001	2,97021E-001	2,96625E-001	2,85844E-001	2,96687E-001	2,96982E-001	2,97269E-001	2,98251E-001	2,99680E-001	3,00471E-001	3,00247E-001	2,99115E-001	2,97792E-001	2,96723E-001	2,27675E-001	1,71954E-001	1,61636E-001	2,14885E-001	2,39013E-001	2,63526E-001	2,96627E-001	2,96818E-001	2,97565E-001	2,97768E-001	2,97467E-001	2,97227E-001	2,96948E-001	2,96894E-001	2,97090E-001	2,97325E-001	2,97620E-001	2,98032E-001	2,98975E-001	3,00081E-001	3,01068E-001	3,01973E-001	3,03137E-001	3,04665E-001	3,05775E-001	3,07127E-001	3,08659E-001	3,10145E-001	3,10977E-001	3,11890E-001	3,12831E-001	3,12862E-001	3,11109E-001	3,07858E-001	3,04584E-001	3,01701E-001	2,99085E-001	2,97425E-001	2,97189E-001	2,97992E-001	2,98911E-001	2,99987E-001	3,01412E-001	3,03377E-001	3,04774E-001	3,05353E-001	3,05622E-001	3,04863E-001	3,03787E-001	3,02779E-001	3,01654E-001	3,00497E-001	2,99277E-001	2,98674E-001	2,98194E-001	
2,97726E-001	2,97501E-001	2,97192E-001	2,97133E-001	2,97071E-001	2,96707E-001	2,77706E-001	2,90207E-001	2,96737E-001	2,96883E-001	2,97350E-001	2,98713E-001	2,99925E-001	3,00475E-001	2,99715E-001	2,98525E-001	2,97317E-001	2,92930E-001	2,07349E-001	1,73441E-001	1,72819E-001	2,32295E-001	2,40319E-001	2,51169E-001	2,81004E-001	2,96511E-001	2,97197E-001	2,97421E-001	2,97193E-001	2,96984E-001	2,96706E-001	2,96630E-001	2,96811E-001	2,97033E-001	2,97367E-001	2,97696E-001	2,98501E-001	2,99474E-001	3,00617E-001	3,01477E-001	3,02341E-001	3,03845E-001	3,05099E-001	3,06267E-001	3,07665E-001	3,09283E-001	3,10752E-001	3,11576E-001	3,12496E-001	3,13423E-001	3,13378E-001	3,11632E-001	3,08497E-001	3,05111E-001	3,02241E-001	2,99526E-001	2,97583E-001	2,96772E-001	2,97441E-001	2,98368E-001	2,99414E-001	3,00759E-001	3,02561E-001	3,04404E-001	3,05321E-001	3,05818E-001	3,05700E-001	3,04764E-001	3,03704E-001	3,02705E-001	3,01588E-001	3,00429E-001	2,99230E-001	2,98628E-001	2,98157E-001	
2,97711E-001	2,97522E-001	2,97194E-001	2,97076E-001	2,97105E-001	2,96752E-001	2,77490E-001	2,71874E-001	2,96517E-001	2,96589E-001	2,96826E-001	2,97920E-001	2,99358E-001	3,00254E-001	3,00029E-001	2,98958E-001	2,97751E-001	2,96832E-001	2,46541E-001	1,80871E-001	1,77405E-001	2,13288E-001	2,48604E-001	2,31333E-001	2,51279E-001	2,53189E-001	2,93325E-001	2,97006E-001	2,97010E-001	2,96858E-001	2,96686E-001	2,87541E-001	2,85913E-001	2,96630E-001	2,96891E-001	2,97237E-001	2,97619E-001	2,98532E-001	2,99483E-001	3,00604E-001	3,01466E-001	3,02348E-001	3,03764E-001	3,05069E-001	3,06205E-001	3,07583E-001	3,09253E-001	3,10890E-001	3,11809E-001	3,12740E-001	3,13753E-001	3,14048E-001	3,12831E-001	3,10189E-001	3,06559E-001	3,03530E-001	3,00663E-001	2,98262E-001	2,96806E-001	2,96738E-001	2,97584E-001	2,98588E-001	2,99863E-001	3,01456E-001	3,03371E-001	3,05060E-001	3,05761E-001	3,06087E-001	3,05812E-001	3,04748E-001	3,03684E-001	3,02691E-001	3,01570E-001	3,00405E-001	2,99205E-001	2,98577E-001	2,98111E-001	
2,97682E-001	2,97516E-001	2,97180E-001	2,97015E-001	2,97126E-001	2,96767E-001	2,76524E-001	2,62455E-001	2,79466E-001	2,84966E-001	2,92238E-001	2,97413E-001	2,98962E-001	2,99972E-001	3,00111E-001	2,99126E-001	2,97944E-001	2,97031E-001	2,68710E-001	1,98380E-001	1,84564E-001	2,07600E-001	2,54190E-001	2,40501E-001	2,28408E-001	2,33199E-001	2,46417E-001	2,96584E-001	2,96754E-001	2,96674E-001	2,96538E-001	2,71418E-001	2,62649E-001	2,81250E-001	2,96576E-001	2,96963E-001	2,97336E-001	2,98041E-001	2,99006E-001	3,00011E-001	3,01006E-001	3,01932E-001	3,02891E-001	3,04561E-001	3,05635E-001	3,06891E-001	3,08457E-001	3,10236E-001	3,11708E-001	3,12598E-001	3,13588E-001	3,14492E-001	3,14268E-001	3,12470E-001	3,09317E-001	3,05726E-001	3,02725E-001	2,99898E-001	2,97675E-001	2,86973E-001	2,96643E-001	2,97552E-001	2,98650E-001	3,00137E-001	3,01884E-001	3,03833E-001	3,05465E-001	3,06107E-001	3,06330E-001	3,05897E-001	3,04810E-001	3,03733E-001	3,02730E-001	3,01595E-001	3,00420E-001	2,99201E-001	2,98518E-001	2,98057E-001	
2,97678E-001	2,97528E-001	2,97209E-001	2,96995E-001	2,97188E-001	2,96833E-001	2,81942E-001	2,60096E-001	2,69741E-001	2,73854E-001	2,68116E-001	2,96980E-001	2,98585E-001	2,99681E-001	3,00092E-001	2,99326E-001	2,98124E-001	2,97277E-001	2,96550E-001	2,24279E-001	1,95935E-001	2,11131E-001	2,68151E-001	2,62406E-001	2,27367E-001	2,25855E-001	2,17924E-001	2,66763E-001	2,96522E-001	2,96550E-001	2,95378E-001	2,69410E-001	2,48762E-001	2,58922E-001	2,82616E-001	2,96699E-001	2,97056E-001	2,97584E-001	2,98614E-001	2,99519E-001	3,00580E-001	3,01455E-001	3,02373E-001	3,03702E-001	3,05035E-001	3,06149E-001	3,07523E-001	3,09289E-001	3,11059E-001	3,12240E-001	3,13225E-001	3,14299E-001	3,14779E-001	3,14018E-001	3,11738E-001	3,08253E-001	3,04882E-001	3,01904E-001	2,99147E-001	2,97155E-001	2,58316E-001	2,96606E-001	2,97592E-001	2,98784E-001	3,00466E-001	3,02282E-001	3,04223E-001	3,05777E-001	3,06365E-001	3,06434E-001	3,05884E-001	3,04788E-001	3,03713E-001	3,02713E-001	3,01582E-001	3,00413E-001	2,99195E-001	2,98475E-001	2,98020E-001	
2,97703E-001	2,97567E-001	2,97281E-001	2,97014E-001	2,97288E-001	2,96945E-001	2,94436E-001	2,64698E-001	2,68830E-001	2,70690E-001	2,55806E-001	2,96652E-001	2,98135E-001	2,99417E-001	3,00035E-001	2,99536E-001	2,98361E-001	2,97562E-001	2,96848E-001	2,55212E-001	2,15341E-001	2,18617E-001	2,82865E-001	2,91190E-001	2,48448E-001	2,23853E-001	2,10545E-001	2,45860E-001	2,81139E-001	2,85620E-001	2,84741E-001	2,77386E-001	2,49568E-001	2,48130E-001	2,71494E-001	2,96522E-001	2,96900E-001	2,97329E-001	2,98165E-001	2,99112E-001	3,00014E-001	3,00996E-001	3,01885E-001	3,02799E-001	3,04375E-001	3,05443E-001	3,06622E-001	3,08135E-001	3,10003E-001	3,11659E-001	3,12647E-001	3,13639E-001	3,14674E-001	3,14672E-001	3,13379E-001	3,10666E-001	3,07117E-001	3,03975E-001	3,01099E-001	2,98515E-001	2,96705E-001	2,44339E-001	2,96645E-001	2,97704E-001	2,98997E-001	3,00814E-001	3,02618E-001	3,04533E-001	3,05981E-001	3,06508E-001	3,06375E-001	3,05773E-001	3,04683E-001	3,03624E-001	3,02643E-001	3,01530E-001	3,00386E-001	2,99186E-001	2,98444E-001	2,98000E-001	
2,97717E-001	2,97589E-001	2,97324E-001	2,97026E-001	2,97370E-001	2,97028E-001	2,96580E-001	2,71828E-001	2,69917E-001	2,70011E-001	2,49115E-001	2,96541E-001	2,98005E-001	2,99353E-001	2,99997E-001	2,99570E-001	2,98391E-001	2,97669E-001	2,96994E-001	2,72985E-001	2,34039E-001	2,44257E-001	2,96627E-001	2,96674E-001	2,63798E-001	2,26965E-001	2,09786E-001	2,43473E-001	2,73290E-001	2,78330E-001	2,83953E-001	2,77698E-001	2,49131E-001	2,48290E-001	2,72540E-001	2,96536E-001	2,96909E-001	2,97352E-001	2,98239E-001	2,99175E-001	3,00028E-001	3,00997E-001	3,01861E-001	3,02804E-001	3,04291E-001	3,05357E-001	3,06521E-001	3,08047E-001	3,09954E-001	3,11608E-001	3,12647E-001	3,13664E-001	3,14685E-001	3,14600E-001	3,13289E-001	3,10546E-001	3,07063E-001	3,03893E-001	3,01020E-001	2,98444E-001	2,96647E-001	2,31618E-001	2,94827E-001	2,97560E-001	2,98904E-001	3,00818E-001	3,02635E-001	3,04533E-001	3,06009E-001	3,06520E-001	3,06322E-001	3,05716E-001	3,04650E-001	3,03599E-001	3,02620E-001	3,01517E-001	3,00392E-001	2,99191E-001	2,98403E-001	2,97969E-001	
2,97716E-001	2,97593E-001	2,97344E-001	2,97042E-001	2,97441E-001	2,97079E-001	2,96647E-001	2,80210E-001	2,72267E-001	2,68564E-001	2,47309E-001	2,96614E-001	2,98132E-001	2,99528E-001	2,99995E-001	2,99456E-001	2,98288E-001	2,97645E-001	2,96925E-001	2,76733E-001	2,55786E-001	2,89487E-001	2,96934E-001	2,96753E-001	2,60027E-001	2,20557E-001	2,17345E-001	2,60174E-001	2,64739E-001	2,80142E-001	2,91279E-001	2,63591E-001	2,49729E-001	2,64407E-001	2,83994E-001	2,96758E-001	2,97110E-001	2,97788E-001	2,98828E-001	2,99638E-001	3,00543E-001	3,01407E-001	3,02323E-001	3,03575E-001	3,04789E-001	3,05878E-001	3,07225E-001	3,09070E-001	3,10939E-001	3,12207E-001	3,13262E-001	3,14320E-001	3,14667E-001	3,13804E-001	3,11389E-001	3,08037E-001	3,04629E-001	3,01639E-001	2,98973E-001	2,96909E-001	2,36482E-001	2,58508E-001	2,97169E-001	2,98488E-001	3,00444E-001	3,02365E-001	3,04203E-001	3,05853E-001	3,06484E-001	3,06309E-001	3,05709E-001	3,04686E-001	3,03629E-001	3,02641E-001	3,01533E-001	3,00428E-001	2,99211E-001	2,98357E-001	2,97926E-001	
2,97747E-001	2,97623E-001	2,97393E-001	2,97139E-001	2,97535E-001	2,97175E-001	2,96773E-001	2,92638E-001	2,81661E-001	2,69909E-001	2,54838E-001	2,96796E-001	2,98364E-001	2,99694E-001	3,00020E-001	2,99299E-001	2,98227E-001	2,97667E-001	2,96962E-001	2,93340E-001	2,80844E-001	2,96974E-001	2,97244E-001	2,96820E-001	2,64852E-001	2,25313E-001	2,45618E-001	2,74001E-001	2,67741E-001	2,93554E-001	2,96534E-001	2,68800E-001	2,64864E-001	2,86516E-001	2,96657E-001	2,97009E-001	2,97449E-001	2,98400E-001	2,99317E-001	3,00086E-001	3,01009E-001	3,01817E-001	3,02846E-001	3,04145E-001	3,05211E-001	3,06388E-001	3,08052E-001	3,10004E-001	3,11563E-001	3,12628E-001	3,13740E-001	3,14464E-001	3,13869E-001	3,11986E-001	3,08835E-001	3,05436E-001	3,02310E-001	2,99592E-001	2,97320E-001	2,54917E-001	2,31110E-001	2,96821E-001	2,98115E-001	2,99994E-001	3,02048E-001	3,03777E-001	3,05551E-001	3,06363E-001	3,06224E-001	3,05622E-001	3,04638E-001	3,03583E-001	3,02605E-001	3,01510E-001	3,00438E-001	2,99226E-001	2,98321E-001	2,97901E-001	
2,97801E-001	2,97681E-001	2,97489E-001	2,97273E-001	2,97664E-001	2,97315E-001	2,96950E-001	2,96654E-001	2,96513E-001	2,78938E-001	2,72845E-001	2,97090E-001	2,98658E-001	2,99829E-001	3,00035E-001	2,99154E-001	2,98319E-001	2,97776E-001	2,97087E-001	2,96713E-001	2,96756E-001	2,97478E-001	2,97523E-001	2,96907E-001	2,70620E-001	2,45757E-001	2,75092E-001	2,86570E-001	2,96525E-001	2,96783E-001	2,96584E-001	2,85815E-001	2,96506E-001	2,96670E-001	2,97012E-001	2,97333E-001	2,98031E-001	2,99030E-001	2,99757E-001	3,00499E-001	3,01358E-001	3,02225E-001	3,03433E-001	3,04500E-001	3,05549E-001	3,06959E-001	3,08853E-001	3,10594E-001	3,11817E-001	3,12917E-001	3,13887E-001	3,13629E-001	3,12263E-001	3,09381E-001	3,06137E-001	3,02952E-001	3,00233E-001	2,97834E-001	2,78912E-001	2,20433E-001	2,96568E-001	2,97774E-001	2,99561E-001	3,01720E-001	3,03339E-001	3,05110E-001	3,06150E-001	3,06061E-001	3,05444E-001	3,04513E-001	3,03470E-001	3,02512E-001	3,01451E-001	3,00419E-001	2,99236E-001	2,98303E-001	2,97897E-001	
2,97845E-001	2,97748E-001	2,97563E-001	2,97428E-001	2,97776E-001	2,97434E-001	2,97094E-001	2,96849E-001	2,96675E-001	2,87532E-001	2,96520E-001	2,97633E-001	2,99199E-001	3,00045E-001	2,99981E-001	2,98863E-001	2,98306E-001	2,97658E-001	2,97110E-001	2,96952E-001	2,97556E-001	2,97894E-001	2,97509E-001	2,96713E-001	2,65302E-001	2,89029E-001	2,96617E-001	2,96596E-001	2,96965E-001	2,96919E-001	2,96656E-001	2,96718E-001	2,96858E-001	2,97172E-001	2,97469E-001	2,98151E-001	2,99136E-001	2,99832E-001	3,00501E-001	3,01347E-001	3,02228E-001	3,03328E-001	3,04370E-001	3,05407E-001	3,06922E-001	3,08851E-001	3,10450E-001	3,11646E-001	3,12783E-001	3,13426E-001	3,12742E-001	3,10777E-001	3,07753E-001	3,04511E-001	3,01514E-001	2,98964E-001	2,96938E-001	2,44084E-001	2,53066E-001	2,97190E-001	2,98701E-001	3,00961E-001	3,02668E-001	3,04436E-001	3,05777E-001	3,05900E-001	3,05277E-001	3,04505E-001	3,03434E-001	3,02451E-001	3,01453E-001	3,00419E-001	2,99268E-001	2,98284E-001	2,97895E-001	
2,97878E-001	2,97801E-001	2,97608E-001	2,97606E-001	2,97872E-001	2,97559E-001	2,97247E-001	2,96960E-001	2,96808E-001	2,96526E-001	2,97010E-001	2,98413E-001	2,99854E-001	3,00197E-001	2,99423E-001	2,98684E-001	2,98137E-001	2,97507E-001	2,97291E-001	2,97741E-001	2,98214E-001	2,97876E-001	2,97037E-001	2,87582E-001	2,96677E-001	2,96805E-001	2,96836E-001	2,97266E-001	2,97104E-001	2,96927E-001	2,97029E-001	2,97185E-001	2,97462E-001	2,97817E-001	2,98769E-001	2,99599E-001	3,00205E-001	3,00966E-001	3,01732E-001	3,02823E-001	3,03795E-001	3,04802E-001	3,06156E-001	3,08053E-001	3,09771E-001	3,11066E-001	3,12244E-001	3,12872E-001	3,12142E-001	3,10078E-001	3,07073E-001	3,03819E-001	3,00881E-001	2,98419E-001	2,96654E-001	2,28873E-001	2,86212E-001	2,97677E-001	2,99608E-001	3,01808E-001	3,03381E-001	3,05080E-001	3,05707E-001	3,05226E-001	3,04489E-001	3,03484E-001	3,02454E-001	3,01506E-001	3,00448E-001	2,99333E-001	2,98262E-001	2,97881E-001	
2,97938E-001	2,97871E-001	2,97684E-001	2,97817E-001	2,97999E-001	2,97734E-001	2,97416E-001	2,97133E-001	2,96923E-001	2,96861E-001	2,97740E-001	2,99399E-001	3,00233E-001	3,00072E-001	2,99070E-001	2,98627E-001	2,97960E-001	2,97674E-001	2,97929E-001	2,98545E-001	2,98280E-001	2,97438E-001	2,96699E-001	2,96982E-001	2,97024E-001	2,97122E-001	2,97597E-001	2,97387E-001	2,97247E-001	2,97370E-001	2,97551E-001	2,97784E-001	2,98382E-001	2,99334E-001	2,99982E-001	3,00518E-001	3,01287E-001	3,02287E-001	3,03151E-001	3,04149E-001	3,05318E-001	3,07150E-001	3,08944E-001	3,10339E-001	3,11535E-001	3,12143E-001	3,11384E-001	3,09253E-001	3,06319E-001	3,03057E-001	3,00265E-001	2,97937E-001	2,95136E-001	2,34151E-001	2,96828E-001	2,98341E-001	3,00654E-001	3,02447E-001	3,04111E-001	3,05392E-001	3,05121E-001	3,04397E-001	3,03474E-001	3,02447E-001	3,01509E-001	3,00476E-001	2,99414E-001	2,98258E-001	2,97885E-001	
2,98023E-001	2,97972E-001	2,97796E-001	2,98042E-001	2,98160E-001	2,97947E-001	2,97627E-001	2,97395E-001	2,97131E-001	2,97375E-001	2,98612E-001	3,00024E-001	3,00419E-001	2,99602E-001	2,99025E-001	2,98408E-001	2,98048E-001	2,98160E-001	2,98870E-001	2,98695E-001	2,97867E-001	2,97053E-001	2,97361E-001	2,97299E-001	2,97485E-001	2,97968E-001	2,97718E-001	2,97667E-001	2,97729E-001	2,97940E-001	2,98187E-001	2,99057E-001	2,99812E-001	3,00263E-001	3,00946E-001	3,01703E-001	3,02522E-001	3,03480E-001	3,04482E-001	3,06151E-001	3,08004E-001	3,09472E-001	3,10675E-001	3,11262E-001	3,10475E-001	3,08316E-001	3,05510E-001	3,02308E-001	2,99709E-001	2,97572E-001	2,85928E-001	2,64873E-001	2,97360E-001	2,99261E-001	3,01513E-001	3,03015E-001	3,04594E-001	3,04936E-001	3,04176E-001	3,03459E-001	3,02405E-001	3,01466E-001	3,00478E-001	2,99495E-001	2,98353E-001	2,97904E-001	
2,98097E-001	2,98063E-001	2,97998E-001	2,98275E-001	2,98346E-001	2,98159E-001	2,97796E-001	2,97515E-001	2,97428E-001	2,98216E-001	2,99836E-001	3,00501E-001	2,99997E-001	2,99317E-001	2,98738E-001	2,98395E-001	2,98601E-001	2,99224E-001	2,98934E-001	2,97908E-001	2,97484E-001	2,97724E-001	2,97645E-001	2,98162E-001	2,98217E-001	2,98015E-001	2,98047E-001	2,98201E-001	2,98382E-001	2,99176E-001	2,99915E-001	3,00286E-001	3,00914E-001	3,01734E-001	3,02412E-001	3,03347E-001	3,04532E-001	3,06371E-001	3,08008E-001	3,09409E-001	3,10403E-001	3,10038E-001	3,08285E-001	3,05535E-001	3,02465E-001	2,99787E-001	2,97684E-001	2,96131E-001	2,83212E-001	2,97686E-001	2,99888E-001	3,01907E-001	3,03360E-001	3,04636E-001	3,04208E-001	3,03414E-001	3,02471E-001	3,01472E-001	3,00560E-001	2,99584E-001	2,98460E-001	2,97914E-001	
2,98181E-001	2,98207E-001	2,98247E-001	2,98550E-001	2,98586E-001	2,98364E-001	2,97985E-001	2,97782E-001	2,98097E-001	2,99422E-001	3,00471E-001	3,00363E-001	2,99625E-001	2,99084E-001	2,98752E-001	2,99074E-001	2,99577E-001	2,99128E-001	2,97967E-001	2,97985E-001	2,97945E-001	2,98145E-001	2,98655E-001	2,98469E-001	2,98435E-001	2,98492E-001	2,98613E-001	2,99315E-001	3,00022E-001	3,00320E-001	3,00886E-001	3,01739E-001	3,02276E-001	3,03189E-001	3,04601E-001	3,06409E-001	3,08002E-001	3,09250E-001	3,09368E-001	3,07994E-001	3,05508E-001	3,02592E-001	2,99887E-001	2,97850E-001	2,96663E-001	2,96620E-001	2,98137E-001	3,00468E-001	3,02209E-001	3,03658E-001	3,04158E-001	3,03285E-001	3,02545E-001	3,01506E-001	3,00619E-001	2,99659E-001	2,98589E-001	2,97958E-001	
2,98299E-001	2,98366E-001	2,98528E-001	2,98860E-001	2,98876E-001	2,98514E-001	2,98160E-001	2,98162E-001	2,98990E-001	3,00343E-001	3,00545E-001	2,99962E-001	2,99434E-001	2,99106E-001	2,99530E-001	2,99861E-001	2,99267E-001	2,98225E-001	2,98422E-001	2,98328E-001	2,98863E-001	2,98955E-001	2,98843E-001	2,98815E-001	2,98875E-001	2,99471E-001	3,00122E-001	3,00353E-001	3,00853E-001	3,01588E-001	3,02117E-001	3,03082E-001	3,04674E-001	3,06343E-001	3,07873E-001	3,08469E-001	3,07554E-001	3,05343E-001	3,02725E-001	2,99999E-001	2,98050E-001	2,96887E-001	2,96938E-001	2,98714E-001	3,00969E-001	3,02437E-001	3,03695E-001	3,03256E-001	3,02478E-001	3,01559E-001	3,00645E-001	2,99753E-001	2,98755E-001	2,98057E-001	
2,98431E-001	2,98508E-001	2,98786E-001	2,99177E-001	2,99091E-001	2,98597E-001	2,98462E-001	2,98930E-001	3,00270E-001	3,00642E-001	3,00166E-001	2,99626E-001	2,99446E-001	3,00075E-001	2,99980E-001	2,98883E-001	2,98693E-001	2,98601E-001	2,99072E-001	2,99293E-001	2,99191E-001	2,99151E-001	2,99222E-001	2,99961E-001	3,00351E-001	3,00507E-001	3,01274E-001	3,01604E-001	3,02532E-001	3,04072E-001	3,05758E-001	3,07300E-001	3,07380E-001	3,05818E-001	3,03564E-001	3,00767E-001	2,98662E-001	2,97255E-001	2,97018E-001	2,98866E-001	3,01106E-001	3,02473E-001	3,03336E-001	3,02518E-001	3,01740E-001	3,00754E-001	2,99905E-001	2,98967E-001	2,98161E-001	
2,98602E-001	2,98810E-001	2,99083E-001	2,99492E-001	2,99185E-001	2,98764E-001	2,98992E-001	3,00058E-001	3,00670E-001	3,00359E-001	2,99881E-001	3,00077E-001	3,00430E-001	2,99782E-001	2,98972E-001	2,98862E-001	2,99267E-001	2,99622E-001	2,99494E-001	2,99414E-001	2,99735E-001	3,00323E-001	3,00412E-001	3,00918E-001	3,01242E-001	3,01998E-001	3,03451E-001	3,05190E-001	3,06556E-001	3,06047E-001	3,04141E-001	3,01714E-001	2,99260E-001	2,97764E-001	2,97198E-001	2,99076E-001	3,01239E-001	3,02492E-001	3,02716E-001	3,01757E-001	3,00924E-001	3,00063E-001	2,99176E-001	2,98306E-001	
2,98806E-001	2,99169E-001	2,99480E-001	2,99732E-001	2,99155E-001	2,99187E-001	2,99862E-001	3,00631E-001	3,00473E-001	3,00153E-001	3,00601E-001	3,00533E-001	2,99530E-001	2,99129E-001	2,99435E-001	2,99912E-001	2,99799E-001	2,99680E-001	3,00191E-001	3,00450E-001	3,00536E-001	3,00929E-001	3,01491E-001	3,02842E-001	3,04675E-001	3,05583E-001	3,04344E-001	3,02426E-001	2,99975E-001	2,98342E-001	2,97560E-001	2,99291E-001	3,01358E-001	3,02314E-001	3,01923E-001	3,01117E-001	3,00218E-001	2,99396E-001	2,98602E-001	
2,99022E-001	2,99496E-001	2,99998E-001	2,99650E-001	2,99402E-001	2,99814E-001	3,00696E-001	3,00499E-001	3,00777E-001	3,00837E-001	2,99960E-001	2,99314E-001	2,99696E-001	3,00146E-001	2,99928E-001	3,00288E-001	3,00489E-001	3,00611E-001	3,00782E-001	3,01800E-001	3,03502E-001	3,04738E-001	3,03393E-001	3,01478E-001	2,99308E-001	2,98007E-001	2,98999E-001	3,01206E-001	3,01944E-001	3,01355E-001	3,00516E-001	2,99668E-001	2,98903E-001	
2,99296E-001	2,99893E-001	3,00191E-001	2,99611E-001	2,99784E-001	3,00758E-001	3,00817E-001	3,01129E-001	3,00345E-001	2,99466E-001	2,99957E-001	3,00223E-001	3,00387E-001	3,00536E-001	3,00482E-001	3,00818E-001	3,02307E-001	3,03872E-001	3,02497E-001	3,00604E-001	2,98829E-001	2,98789E-001	3,01053E-001	3,01518E-001	3,00815E-001	2,99963E-001	2,99279E-001	
2,99695E-001	3,00332E-001	2,99997E-001	2,99696E-001	3,00848E-001	3,01446E-001	3,00687E-001	2,99622E-001	3,00228E-001	3,00487E-001	3,00545E-001	3,00356E-001	3,01280E-001	3,02881E-001	3,01594E-001	2,99979E-001	2,99078E-001	3,00860E-001	3,01130E-001	3,00384E-001	2,99650E-001	
3,00134E-001	3,00329E-001	2,99756E-001	3,01463E-001	3,00957E-001	2,99736E-001	3,00541E-001	3,00614E-001	3,00589E-001	3,01772E-001	3,00829E-001	2,99768E-001	3,00422E-001	3,00776E-001	3,00056E-001	
3,00434E-001	3,00153E-001	3,01174E-001	3,00069E-001	3,00548E-001	3,00837E-001	3,00502E-001	3,00276E-001	3,00577E-001	
0,00000E000	0,00000E000	0,00000E000	
