40 80 50
0,230307734733699 0,223577861682145 0,218122126217942 
0,230924983428601 0,241562876610189 0,244064563216249 0,236933212957975 0,223677045543907 0,210884552583932 0,204504083261355 0,207122357493706 0,217413163847667 
0,231098651525745 0,243483383322445 0,252837677860953 0,257295088873327 0,255817232133301 0,248550450784666 0,236872767674739 0,223075191346475 0,20978569870341 0,199354527304369 0,193413146945371 0,192706098258875 0,197149380048532 0,205981461679183 0,217890489818483 
0,231933146529649 0,244335544395771 0,255332625357788 0,263830737333212 0,268880974255017 0,269830844397555 0,266453056917527 0,259015375374463 0,248268074259603 0,235346203969986 0,221606145884982 0,208432732020941 0,19705921422163 0,188435882077288 0,183166580217417 0,181511483466332 0,183436272793745 0,188678218903466 0,196801395845445 0,207225043502612 0,21922616312711 
0,233714252355611 0,245658416125274 0,256846877300545 0,266624697109485 0,274349842852952 0,279452244955437 0,281497206672369 0,280242796468162 0,275680905031108 0,268053793888524 0,257841816021676 0,245722804317955 0,232508447760656 0,219066846537003 0,206242587439684 0,194785695168035 0,185298718100492 0,178207456122389 0,173756225417166 0,172024039514663 0,172954590042841 0,176391126791641 0,182107582271671 0,189829439266883 0,199241369821111 0,209982757092793 0,22163591050808 
0,236672003643144 0,247936701906856 0,258741551597398 0,268675803336864 0,277314143867561 0,284241561164802 0,289083071591603 0,291535124744013 0,291394993395216 0,28858444754287 0,283164514991366 0,275339085386968 0,265446395122241 0,253938865044899 0,241353156856554 0,228273477675989 0,21529193737471 0,20297004585839 0,191805192029223 0,182205210868956 0,174473026026988 0,168802011394144 0,165281335304672 0,163909327305719 0,164612007692751 0,167263464141445 0,171704802791464 0,177758925795307 0,185239306885017 0,193952107561637 0,203692220070758 0,214234950765169 0,225325897949506 
0,240978332033512 0,251429653446931 0,26156261827775 0,271110557818344 0,279788630966817 0,287305066837688 0,293375618964617 0,297740146803084 0,300179946125606 0,300534289165115 0,298714626710874 0,294715051008197 0,288617907614167 0,280593849002681 0,270896103498018 0,259849242933659 0,247833221014205 0,235263873435038 0,222571378996128 0,210178347976525 0,198479213813442 0,187822456412863 0,178496895734578 0,170722892438494 0,164648819265556 0,160352670293008 0,157848205237105 0,157094629328361 0,158008525061748 0,160476607440593 0,164367881871229 0,169543940439437 0,175866419332129 0,183201025656571 0,191417983734652 0,200389201373725 0,209982867123636 0,220056515999561 0,230449808366079 
0,247329610470637 0,257312440648021 0,267018864973554 0,27625450178527 0,284807260233701 0,292453608650595 0,298967128899301 0,304128858194034 0,307738743433003 0,309627408027512 0,309667368337026 0,307782842025143 0,303957364300402 0,298238564957567 0,290739649112672 0,28163735298472 0,271166395244605 0,259610694928663 0,247291859069313 0,23455563881786 0,221757196625914 0,209246107744747 0,197352030724816 0,186371922986743 0,176559553760829 0,168117887734177 0,161194692966122 0,155881483566584 0,152215660624524 0,15018548342599 0,149737305346107 0,150784360262417 0,153216297280946 0,156908640317258 0,161731395602147 0,167556139845606 0,174261084905295 0,181733817352912 0,189871636075846 0,19857963908494 0,207766922848306 0,21734143594075 0,227204158621444 0,237243350174796 
0,2553210399718 0,264614358171036 0,273644268457074 0,282270455686359 0,29033700460377 0,297675893601282 0,304112080211183 0,309469942651982 0,313580738313775 0,316290657475165 0,31746899445332 0,317015932734441 0,314869447409163 0,311010867289013 0,305468708175302 0,298320483654021 0,289692314611154 0,279756286173649 0,268725632894128 0,256847961357484 0,244396835777527 0,231662149206475 0,218939774456417 0,20652103025207 0,194682506822321 0,183676770618905 0,173724411727932 0,165007813473426 0,157666917126366 0,151797132405636 0,14744941445736 0,144632398535021 0,143316362976025 0,143438686906039 0,144910387988406 0,147623272490781 0,15145720814607 0,156287040873405 0,161988718386899 0,168444254014735 0,175545257778564 0,183194872500355 0,191308072924048 0,199810407399843 0,208635376420734 0,217720742489781 0,227004144704603 0,236418443766433 0,245887245306809 
0,261699010402669 0,269977695060776 0,278522923571432 0,286299232943989 0,293995041501136 0,301528624900904 0,30885290604548 0,314501461677648 0,31844703039933 0,320461563380413 0,321540508825555 0,320521660727595 0,318509965656169 0,315873505335742 0,312457883405279 0,309715798546588 0,305979018805733 0,300005642326296 0,291655869172225 0,280632657032076 0,267909749398651 0,253985234958797 0,239339634501908 0,227366005734975 0,215503233973537 0,204197159850727 0,19290346152156 0,180831329068346 0,169773797616376 0,159640885767882 0,151509062285437 0,145728296200853 0,141939070640017 0,140097625667232 0,139382046502636 0,139395996952788 0,140692781207226 0,142422749947821 0,146043050939168 0,150582485075644 0,155420160266562 0,160946268890916 0,166866894591937 0,173451580729969 0,179952203382878 0,183910114770705 0,189989975050836 0,198450340779272 0,207394783902014 0,216477538899528 0,226107530046674 0,237121356420741 0,246932504190876 0,254768069100712 
0,266873776640429 0,274827682741869 0,282066656094078 0,290686436356726 0,298967848173626 0,30595604765866 0,311987722266593 0,316321747760345 0,320325171543249 0,323567084370736 0,322896965004984 0,321181485462274 0,319194028924408 0,31636042003025 0,315923930447267 0,31523095208409 0,313108487918399 0,309604477174935 0,304785392886714 0,298377806468723 0,28915956775986 0,278523452074036 0,266237645492442 0,252442865328462 0,238623210261949 0,224181138224639 0,208551598945086 0,195538877735132 0,183026444811422 0,170731006947933 0,159459491272425 0,150815523145248 0,143242131730167 0,137091460370128 0,13309482218536 0,130793278858093 0,13053506879495 0,133012981768432 0,137928711693332 0,143095524532731 0,147950359941459 0,152813845081323 0,157142054542955 0,16173111955302 0,167652504833647 0,173321589428306 0,17476500842795 0,178472218495018 0,18531345467964 0,192477271616559 0,198525596991412 0,20439602839306 0,210665891439589 0,217609037104657 0,225682623007197 0,233969090384136 0,24338126104604 0,25544855141606 
0,261316887309554 0,277559262329983 0,288454183643005 0,296501377868184 0,303324135840615 0,310853169283132 0,315633566218657 0,31885702676406 0,320333336926964 0,320216931419773 0,320096247678053 0,320603013676078 0,319231727418953 0,318061811418841 0,318844517831174 0,318329287027737 0,31653589960409 0,313501052640494 0,309277234160639 0,303931310610773 0,297542877629514 0,290428521420722 0,283455692591067 0,274277725260799 0,265182541319863 0,253537467857243 0,239266021741016 0,222119018233761 0,205041607244691 0,18729978247861 0,17311843296817 0,162312092873504 0,152984743386906 0,14415361649153 0,136544548137256 0,130395039826505 0,125815967533657 0,123851123522749 0,12408631595518 0,127200021308449 0,131687392594983 0,138156922805894 0,145573185124216 0,152878103912056 0,159150677387425 0,165596492411912 0,171399607492086 0,1727209069658 0,174027238138009 0,178254809758898 0,185740962261217 0,192846084978594 0,198746760101615 0,202856592693487 0,20632285600869 0,208878965077118 0,212759702667262 0,216868431061986 0,220752144483387 0,227070974776685 0,235941337407775 0,247383513974208 
0,25329482552999 0,268555200942383 0,285808992456228 0,301329294831829 0,310228618051216 0,314334637058951 0,318323710745833 0,321722842519366 0,322060347999637 0,32023450371784 0,318228099883052 0,316435149208015 0,314670404797875 0,318353611968198 0,320524443011407 0,319817041594034 0,317978252921994 0,315038249560283 0,311040479794872 0,30604066612822 0,300105595210954 0,293522177261792 0,287992863386499 0,282426474895849 0,277455108902708 0,271365477917533 0,262718922865409 0,250812073021263 0,235808365926911 0,219430237801535 0,201886874238384 0,184923336643394 0,169549067003075 0,156591484447029 0,147180394577155 0,138744200478408 0,131254798710443 0,12491331001179 0,12089396205012 0,118761458997169 0,119365568779489 0,12280095763806 0,127635318859552 0,13315805149553 0,138930727130393 0,14701336513276 0,156049557404054 0,165250648110056 0,172993435731515 0,17457092164161 0,177290840997306 0,182122344803851 0,189234341833575 0,196804773205836 0,202743411749242 0,206097590618231 0,208820844888464 0,210593464673566 0,212287378169866 0,213597544775587 0,211374656913989 0,212258465881989 0,215684325708855 0,221438847476221 0,229626229182666 0,240267083350626 
0,2466938749364 0,261219527275979 0,277745539425762 0,295983054547712 0,312795102920209 0,320330777998018 0,324901493973505 0,324323203167699 0,324146395921742 0,322950909528978 0,320627319177506 0,316455879530913 0,315340583290041 0,317084607683748 0,318646922107682 0,320188840876725 0,318873923158513 0,315386032470346 0,310937771417207 0,305582898870722 0,299385059437867 0,293033335869235 0,287882650264042 0,282931340048473 0,278975598864291 0,275087129365605 0,270334221504709 0,262388643711037 0,251132357029638 0,239182325442781 0,225111467219121 0,208616481015606 0,193027376074692 0,17804773395667 0,162727811492767 0,147181567258278 0,136975736387791 0,128869419090446 0,122284429002665 0,117583328069035 0,1146212318985 0,114967437568011 0,117110284319097 0,120377635368179 0,124993949070482 0,131059963933007 0,138073499484663 0,145387407860527 0,154716416385043 0,165380411913443 0,170599337401934 0,175087264088753 0,182188194187033 0,193345554170374 0,20181229413228 0,208267163782008 0,212272718235646 0,215063553219842 0,216293255424251 0,216718163752482 0,216754671855624 0,21469715414053 0,212001729687821 0,210135720093055 0,209076794534819 0,211717537053926 0,21687951766274 0,224427087017556 0,234384027278865 
0,241094615751946 0,254640779063941 0,270152808033502 0,285391526143209 0,301916050468974 0,319795972320706 0,32714529853941 0,328880118779903 0,326562301379983 0,325135315384278 0,322591235917021 0,318939150531087 0,319113090225373 0,31837911203658 0,317367430772697 0,316253027530472 0,315208250606675 0,314396524808129 0,30953306522297 0,303641283550333 0,29700118461916 0,290656289810953 0,285613646825182 0,28098702934861 0,277641265838173 0,274559071851463 0,270788072525816 0,264579120441912 0,25715204826014 0,249560016462559 0,238722890876145 0,226940337836308 0,215120514284113 0,201823348487023 0,187145061454679 0,171550722169709 0,15673837363292 0,141831734356984 0,127843227206601 0,12134207229343 0,116227717612705 0,112686434302985 0,112795448608542 0,11374253832672 0,115627381320598 0,118688730898027 0,123140067540422 0,129160779770342 0,136746738945258 0,14535244672313 0,154273346793658 0,159021408661607 0,165906862455287 0,176634226400427 0,190421388429474 0,202874685986066 0,213938140886148 0,221015110529377 0,224169875895426 0,225043768059608 0,225796929418514 0,22511938424372 0,223336253617787 0,218609460610269 0,214195398850445 0,210995594081294 0,209586002863512 0,20896713975989 0,209316564834089 0,213805916728324 0,2205936531558 0,229705549071362 
0,236665051491675 0,249042524277703 0,261597589584628 0,275361647971594 0,290848539102943 0,306012836694616 0,32059057705826 0,32905448773563 0,330669273360078 0,328394535993929 0,324207780129473 0,323293638321943 0,323830697231749 0,322275797158729 0,318769297847069 0,315063614509837 0,311340736919378 0,3077779841923 0,30454252606167 0,300797678533866 0,293528370710147 0,287061335951928 0,281889651473491 0,27731494274824 0,27421705935062 0,271621266006227 0,268526984377809 0,263494299115273 0,256956073212626 0,250417268833921 0,243500286579257 0,236066122200365 0,226782191477818 0,218098282143229 0,208504477356609 0,195923795833613 0,181369139710368 0,166713887665659 0,151882809268624 0,137752884833243 0,124820981333338 0,11659120346547 0,113216621792182 0,112682912047275 0,112646946556007 0,113355325741808 0,115047238032631 0,117945943789288 0,122250623849237 0,128128834307523 0,135629764637381 0,144888367209754 0,150023200887578 0,154693583835192 0,163972603433119 0,17943969915708 0,196556271622321 0,211706472787754 0,223476707947863 0,231371398420916 0,236261369839482 0,237686593548151 0,236273956396031 0,23464393962983 0,231342939311765 0,224711904969269 0,218892548612164 0,214576443427323 0,211325436708082 0,209712546506032 0,209548627070446 0,21019539751664 0,212255669323715 0,218200652784224 0,226349881356778 
0,233647197178108 0,243571972042323 0,254549489363255 0,267519669963995 0,281116102002036 0,293887174538561 0,307394216171856 0,321431607104124 0,330806783778899 0,331576926411008 0,329044547755772 0,328936331860892 0,32852893265957 0,326484687316988 0,322849752700838 0,316535236003685 0,310139835428058 0,303855517920855 0,297866661133602 0,292345037972861 0,287366028816701 0,282016239121857 0,276616002753198 0,271953192687483 0,269356535377875 0,266778195151686 0,263851411342433 0,2585630916089 0,25257167445475 0,246719692885116 0,240515714457859 0,234050650812777 0,227776682943854 0,223444603460909 0,21584326927525 0,206661216620545 0,196369770640252 0,183550330704452 0,169106031249338 0,154502519832255 0,141281907339826 0,129103615917039 0,11783349454109 0,113427323127127 0,112439996477228 0,111934007638295 0,112151853541088 0,113330328577004 0,115692617420195 0,119440670209262 0,124748073990167 0,131753621585237 0,139237309363971 0,14221770761725 0,150021548248195 0,161244272993223 0,178132541621669 0,195984493994809 0,213520695288155 0,228599951577139 0,237895061379322 0,24453760927188 0,248527078953727 0,249047654336522 0,246626487987823 0,240464836471962 0,233502129366765 0,226852510320121 0,220764435098924 0,21603203646243 0,212738325389011 0,210665654516211 0,210509435525125 0,211531757186549 0,213353223004534 0,217000322601582 0,224270657947581 
0,230739150964417 0,238878243840763 0,249224037939217 0,260989477018295 0,271697087019934 0,283476416907565 0,296015386356633 0,309699261635999 0,323352312527888 0,331060907675769 0,336221503552803 0,336778882831312 0,333720314878759 0,330390252562677 0,325437932273894 0,318983907383069 0,309909552553348 0,300823754476043 0,292035156719592 0,283669538991559 0,277489256972263 0,274170705071425 0,270059856473522 0,266135838617495 0,263436336871791 0,260582323693552 0,256778076283835 0,250831294246188 0,245229761565503 0,239884031168592 0,233923545281247 0,228318051677912 0,223788413337641 0,220435627045231 0,216072364006872 0,208973563240844 0,200129153524374 0,19033911261909 0,178361295444232 0,164620281295669 0,151484817569373 0,138956209417804 0,128740057269064 0,120362508900058 0,112539224302499 0,111393932755283 0,110870736249849 0,111213783061722 0,112658175603135 0,115422299043541 0,11970050632502 0,125656359785675 0,130205488066903 0,132945715359212 0,140682834233616 0,155093052550401 0,173360011038954 0,190878597715992 0,208756456319629 0,224774596663603 0,238487672076619 0,248958912923077 0,254988532422349 0,258315211592024 0,258896291120417 0,254047024644889 0,245414174980386 0,237086687178561 0,23032925299128 0,224124478781033 0,218700949915223 0,215063424967574 0,212819889821954 0,211914710152304 0,213118888131259 0,21527894546008 0,218204613050953 0,223395776641729 
0,227969462052554 0,235330025754084 0,244817796624054 0,252999688562928 0,26247026505176 0,273003809600625 0,284873971345785 0,297277709213836 0,309665668225817 0,326382554094673 0,338682413154317 0,341675705350783 0,339397873895372 0,333374601763401 0,327142000771198 0,31937081013083 0,310204553040756 0,298636135410841 0,287118796397642 0,276485164393666 0,269170111287321 0,264119345867338 0,261360460641504 0,260184260630596 0,257016977514493 0,253813592299298 0,248336844263468 0,242632549674144 0,237390120911843 0,232121311205876 0,226860015668159 0,222098408085451 0,21945921721907 0,216649219039252 0,212910370575164 0,208264542624483 0,20274505134752 0,194128092996079 0,184386557437417 0,175021547745168 0,162691494780927 0,150749287132945 0,140950615941015 0,132304948993194 0,123643490951563 0,115032611236736 0,111525189655165 0,111135710866859 0,111742075698177 0,113571594717945 0,116832263396062 0,121705903291636 0,123505024629346 0,125740759159923 0,133501963166851 0,147932461157158 0,166635476470553 0,186100304081118 0,20471369124151 0,219600229937812 0,234132879154828 0,246766056866464 0,257424118553599 0,263494269321831 0,266135964777296 0,264158544490933 0,258193433899822 0,250428000587008 0,241554578251632 0,234200725788462 0,228008762891688 0,222571095421609 0,2181283505521 0,215768872981732 0,214706418084449 0,21507372904691 0,217552026793296 0,220752831569341 0,223820200630113 
0,226985806728011 0,232921101524061 0,238794738162406 0,245577828566579 0,253638144347341 0,263132177578119 0,273664870614922 0,284533740816283 0,298229196294387 0,315717335092931 0,332383591069354 0,34170665470751 0,341873200498867 0,336760985059631 0,327916501535957 0,318975045741257 0,308638799630491 0,29707122405062 0,28297531051478 0,271831152815429 0,262839017433021 0,256103609013468 0,252701143231562 0,251754234293567 0,250582570716249 0,246131291598744 0,239983655607701 0,23448421594018 0,229553601779582 0,224350206891451 0,219773389219281 0,216318529615537 0,214740625428863 0,212407737547728 0,209252730890647 0,205664086833887 0,201721351244884 0,196902955411953 0,188887975145784 0,18107365484152 0,173056394839721 0,16309918593144 0,154646164348938 0,145656562663629 0,13654079777493 0,127855071803114 0,119374448741311 0,11306780911931 0,112956534379482 0,113950440451688 0,116263648610989 0,120089002687997 0,119330804818074 0,12107456407521 0,128281277974036 0,142514286938525 0,160462572440035 0,179333652055303 0,199230620284137 0,215672098462595 0,229638375869458 0,241857594638767 0,253255367259338 0,262683590031054 0,269755565737483 0,26964149222086 0,266024956512959 0,261277153096653 0,254740616289443 0,246890265217711 0,238268677813734 0,232215117731933 0,226873477339115 0,222433060625911 0,219327509053141 0,218140740439945 0,218268572389937 0,21999751244803 0,222993039454805 0,224541268140376 
0,22825794251594 0,22975111076078 0,233722422263147 0,239242607488617 0,246284407091577 0,254755689857631 0,263848005876614 0,274952112359282 0,291349582169352 0,307297583333884 0,322440082977744 0,33643403176617 0,340827666169835 0,337307350458215 0,328470598407986 0,316809828358751 0,304960173320175 0,291688122390666 0,279411017199756 0,267013711271532 0,256812195129796 0,249679225865115 0,24547193983553 0,242799968068865 0,241259384813131 0,236419917035527 0,230450445580095 0,225219130755832 0,22000231584019 0,21542753137331 0,211745248514341 0,210725562590989 0,209122642280879 0,206839590510291 0,204079126390846 0,201203919057151 0,197496849891558 0,193268599063623 0,189187867343501 0,182664245030579 0,175992893605306 0,171107472633238 0,163255761807019 0,15421998959611 0,144805121948616 0,135695249999774 0,127205694561143 0,119239622476407 0,114903179076991 0,115924000285231 0,118306698937585 0,117208150741676 0,116694249712974 0,121642457760145 0,133336796396999 0,149934298379549 0,167911916534604 0,187010248447785 0,204068783863378 0,220644795767813 0,234720095969568 0,246129223264699 0,256059092604649 0,264826006648494 0,270114585255642 0,270771513060826 0,268083463315098 0,264239483325963 0,259401137834914 0,25272876293157 0,245057645135244 0,237249344622009 0,231901367124034 0,227402612935404 0,223913635337429 0,221993335138264 0,2218752066679 0,223066816913678 0,223391821715298 0,225402283066599 
0,227915179118725 0,228327040556451 0,229319570396496 0,233826168396338 0,24007891147412 0,247196478095763 0,256086208700805 0,271144760945901 0,286073776355036 0,300511017162486 0,31409982068538 0,326498055069339 0,337066557010785 0,334203200500117 0,325932701394654 0,312335493185657 0,297880078832643 0,285040826339819 0,273019677344597 0,261194935399167 0,251188240975794 0,243922809812615 0,238290730044881 0,233500537935825 0,228498329990976 0,225727102861628 0,220123471095776 0,214546658472273 0,209963414959769 0,206997860383891 0,206074991621855 0,204711696369151 0,202791822748564 0,20075458455999 0,198428995083021 0,195335456722735 0,19218493927666 0,189463597679391 0,186808531148951 0,18239892250755 0,178961477674801 0,174237295966022 0,16692895774164 0,157577081939228 0,148026957121443 0,138753522045655 0,13052254414857 0,123041008945833 0,117770502554203 0,11943647217162 0,114825510554496 0,115625825595351 0,121992901171401 0,136152222360464 0,152489589284396 0,170288601789955 0,188273856321618 0,204672531809484 0,219976728059432 0,234759397897072 0,247052553509121 0,256516539103624 0,264241415816127 0,267107122893078 0,269209510597495 0,26981624266394 0,26706791134746 0,26324637835283 0,258528766598585 0,252055108364225 0,244728963182664 0,23757214617375 0,232923847477408 0,229236921627839 0,226646288004319 0,225785703105254 0,224541623305097 0,224358669009735 0,226252181524701 
0,225979137164596 0,22632529194282 0,226875344327711 0,229020969256813 0,233797329750306 0,240046117355581 0,253211964219688 0,266562380609814 0,279742970259101 0,292396692413122 0,304173210626382 0,314738112937719 0,323781763675641 0,327397496917496 0,319794225399255 0,306487297775516 0,291760946028635 0,279129703136068 0,267181398910951 0,257218106188 0,247348555560806 0,238681843423949 0,230531672396423 0,222786028227786 0,21740868434262 0,21422027479855 0,210389568871672 0,205643615690273 0,203169620256675 0,202156023388195 0,200870808937784 0,199181906165683 0,197757433678369 0,195900760058895 0,193374256040214 0,191342077288784 0,189528610254833 0,187826114653417 0,187512780723677 0,186462024879568 0,182652854946079 0,177690249655186 0,171220837230496 0,161855444504918 0,152496774530149 0,143430396277071 0,135777024241077 0,129120288106075 0,119112073394823 0,115357742863197 0,117479808978866 0,126524652448724 0,140601499339898 0,156419485825616 0,173764423441633 0,189571937490089 0,204902510425402 0,219570300844356 0,233236636417945 0,24563347683104 0,255830148199043 0,260609595424682 0,263034227558506 0,265709574188721 0,267684790646593 0,268299224735855 0,265612927201205 0,261962521452753 0,257534954509088 0,251463157099681 0,244702144634236 0,238414599683941 0,234618671498259 0,231852648139944 0,228613636947733 0,226409245972016 0,226098508264748 0,226216933416556 
0,223606129145945 0,223659735639456 0,224661032002489 0,225476311754682 0,227713061374499 0,238540456240283 0,249835415796951 0,261265871870678 0,272488670597969 0,283158953884418 0,292939634219405 0,301510708989279 0,308578164389775 0,313882229654911 0,309998941054064 0,300360776607415 0,287315427269889 0,273789412268328 0,26337392251435 0,253738192591248 0,244156467800651 0,232683293488713 0,222199648428651 0,214142337308486 0,208208159033733 0,204204031546166 0,20272503403086 0,200798723646426 0,199493272919191 0,198101476821809 0,196561397278139 0,195521830832349 0,194009985252142 0,192136610495564 0,191032738920436 0,190059418070901 0,189256819414397 0,190530536649231 0,191206948237012 0,190698326431508 0,186702080644553 0,181725179904951 0,175980072363101 0,167368400507355 0,158539747319045 0,150226332323784 0,143278660659881 0,129720083300437 0,120994945337541 0,122216167736852 0,133293139664801 0,146595014614028 0,161656075704999 0,176926591832914 0,191267601657327 0,205299077928786 0,218734351793662 0,231304448092422 0,242764647310918 0,251556956748659 0,256161741139377 0,259083685081408 0,261195542318937 0,263714633426833 0,265599577512702 0,26632686794692 0,263830653163249 0,260497235377565 0,256516495256249 0,251046823915338 0,245041125920692 0,239742477598094 0,235761072058403 0,231534327079705 0,228706824265806 0,22738135545208 0,22503660024118 
0,221511103505022 0,220895769205433 0,221507403362837 0,222312405388277 0,229103499412194 0,237512848177947 0,24707383309273 0,256693627578293 0,266028803487262 0,27473618556757 0,282483036270576 0,288956998341911 0,293875512350497 0,297175458880893 0,300134031033359 0,292131393148549 0,281007116438306 0,268563215894186 0,258361128084937 0,248167108797104 0,235750289883025 0,223478577376972 0,213283141924705 0,204928597737427 0,199211150852631 0,196931890173751 0,198229140194953 0,197567802398683 0,19583514846673 0,194721042983818 0,193562759733848 0,192048335254194 0,191368937517404 0,190982198786162 0,190832341383037 0,192533335536408 0,1941321299054 0,194779828026627 0,194513334647579 0,192909513583778 0,188381629890465 0,183166976265163 0,177365733820374 0,168949581800371 0,160173985228553 0,145684104362302 0,136543352031252 0,132786580381517 0,136532176256776 0,148559007970136 0,162458746474669 0,175882743981957 0,189038727868844 0,20202917796481 0,21455825761679 0,22634479190824 0,237129653618911 0,243941155429395 0,249052801626152 0,253854386204938 0,256996347028912 0,258734906079786 0,261300505435247 0,263266623984327 0,264737618443768 0,26261938000147 0,259729107328771 0,256278371295966 0,251596653702192 0,245841972227309 0,238805591872171 0,234576300309567 0,231477371340224 0,226725491846054 0,22358644969485 
0,219584206283648 0,218135694706131 0,218101541727474 0,224793203279831 0,231051392696782 0,236675601897494 0,244421499270658 0,252264859662722 0,259699369066359 0,266373241277082 0,271950218104713 0,276120802241002 0,279880341578967 0,283881461345877 0,287383807720887 0,28393063742958 0,274817875004814 0,262264243682696 0,24878963530766 0,235926756638413 0,224294473865379 0,212581293509128 0,202883015618966 0,19678092348928 0,19476456129968 0,194449418005901 0,195552175286542 0,194787641004216 0,193494983841398 0,192186465107282 0,191917932416894 0,192010176318294 0,192569725120169 0,195391678359857 0,19737002272756 0,19846052369617 0,198674099003972 0,198076151662092 0,196784035572416 0,192800523360744 0,187901402793645 0,182837733782874 0,169006152479266 0,157040296983242 0,149795112061462 0,150618538981648 0,153920389729121 0,159635531129136 0,171672391972373 0,183655821810916 0,195720027968309 0,207548854094707 0,218834939112333 0,229288660080487 0,235233187912895 0,240711143008456 0,245861258887848 0,250521560797628 0,254265283210369 0,256448229198131 0,258479297222977 0,260667941298607 0,262369020033745 0,261760138354355 0,259392861463266 0,256514187476617 0,250456257701438 0,243751402248613 0,237613946531176 0,231708205313825 0,226381033079515 0,221892813599583 
0,217211620620733 0,216245351801651 0,220819728044708 0,225845864060404 0,231424604786268 0,236245797661222 0,240538543638597 0,246406974593879 0,251741290275693 0,256189531319366 0,259545301290157 0,263775694084785 0,267745250838095 0,271899292637932 0,276411015311732 0,276551719138094 0,266255444619912 0,251727721816646 0,237522313133738 0,225165238851194 0,214132687352026 0,204819979560238 0,19892122112334 0,195106040864064 0,193125842256087 0,193571857607892 0,195262885953206 0,194213957180069 0,19403879904111 0,194395144325375 0,196199053701301 0,199119659083667 0,201343612976705 0,202791219013246 0,203441906439613 0,20333468421767 0,202566349158087 0,20128751151021 0,198641179312831 0,189654896080296 0,17947429193554 0,17154901522648 0,169113120427419 0,169504547692876 0,172588242149954 0,176137387300299 0,180103121868478 0,190856555911298 0,201629454990613 0,212097128683684 0,221225342367968 0,226853547013311 0,232327860485375 0,237554442238097 0,242448935574375 0,246594538592222 0,250898101259895 0,253647514387204 0,255155937781557 0,257552896985405 0,259473313126253 0,260343144972045 0,256943544130774 0,252424333771115 0,247559108043016 0,239831935795366 0,231229226551866 0,225381313948784 0,220952517644325 
0,217229254402809 0,219386817137642 0,222592815064794 0,226296437555031 0,230093987512936 0,233988018960738 0,236807288789574 0,239185601425454 0,242229489788573 0,245644322428842 0,249504133523251 0,253264313307263 0,258290723657073 0,262421230792854 0,264721878397568 0,264220179693004 0,254747958211868 0,241585424545116 0,227480020180269 0,217221014457651 0,210030814419311 0,20362372344666 0,1981895800537 0,195393928879558 0,194275681593065 0,1952571178861 0,198155635149599 0,198537628002231 0,20120916993272 0,203982316265493 0,206259159671688 0,207922088994074 0,208914852365017 0,209244555422668 0,208981015200573 0,208253496568188 0,204210401321679 0,196709076577123 0,189893413540481 0,188462771376208 0,188982340302192 0,189436932335713 0,190105535099046 0,191749564245869 0,194497931778394 0,197760657178895 0,206576748113416 0,213829378502262 0,219187617190824 0,224497695752444 0,229656614475101 0,234569492959731 0,239152170015256 0,243333399590982 0,246959949362072 0,250233584868232 0,252178746378318 0,253936934879516 0,254986182221465 0,254544476851961 0,251845994620423 0,246456118823701 0,239841854439765 0,232074947851472 0,224719692683627 0,219216246267039 
0,220829495549009 0,222051318342528 0,223679902818761 0,225845872685004 0,228191701555034 0,230188714266419 0,231814669470932 0,232676700103881 0,234915362200463 0,23833590038046 0,243151941627334 0,247496267767558 0,250089159262518 0,250495198424665 0,250129818374579 0,248450471164104 0,241494467896464 0,231210591396382 0,220498224059408 0,21298538705836 0,207255008318776 0,202531562900797 0,199084564694733 0,198323095212211 0,199595342299732 0,20408183641261 0,208651388630951 0,210970355616856 0,212950699515786 0,214455924341883 0,215418124293145 0,215840828281923 0,215798415028215 0,209612078445214 0,203880743634859 0,201783209680219 0,203363563290302 0,204357267740917 0,205702023180166 0,206238562518712 0,206232804082299 0,207008714485469 0,208855493521789 0,209194237064057 0,210986988692377 0,216112852577951 0,221224819892093 0,226210863095088 0,230968014798734 0,235405545206309 0,239447609127381 0,24303526515211 0,246090953427744 0,248300011703342 0,24780608672918 0,247696911295464 0,246176508427385 0,242890446986125 0,237040804620962 0,231263230368999 0,224722525226675 0,22132512267931 
0,224939619908515 0,223609861364445 0,224005997750566 0,224559305930973 0,224966750722823 0,225748250992878 0,227055358829039 0,228976486343053 0,231661594123107 0,23472166156073 0,236839862547325 0,237845684029618 0,238074156697828 0,237258747535295 0,23645097394548 0,236213181664749 0,234724213077787 0,226583173959073 0,218055765988446 0,211961981400994 0,208539927938969 0,206684256753436 0,207408288471041 0,209980717723804 0,213653200704321 0,217917739712076 0,220875972202984 0,222164648273505 0,22307521232381 0,220737548916407 0,215420961582729 0,211936182695948 0,212053084259811 0,213413032389641 0,215220228358359 0,217132005056731 0,218142807072304 0,219316304821669 0,220085673315608 0,217744718148939 0,215775670303368 0,21500076144964 0,214841916401093 0,218490838489875 0,223242330990166 0,227788205282581 0,232031659043074 0,235892893558279 0,238960399980074 0,240078550757941 0,240602228920779 0,239414986795498 0,236534341280329 0,233863811043522 0,231242144563867 0,227916709344619 0,227053872766562 0,226247938118393 
0,226780756976809 0,225769157992994 0,224169480943228 0,223162783650841 0,223464012543661 0,224778965580155 0,22660618678314 0,227882957234218 0,228272613845784 0,228304120152066 0,227480653453416 0,227876137047309 0,228539454291258 0,228666161874318 0,228562573402735 0,227897798884094 0,227080972855559 0,225770002680738 0,22127606025455 0,218277786883639 0,218061591172136 0,219305566362757 0,221148653652963 0,223517115255979 0,226398005861974 0,226756520782118 0,224876721663139 0,222472740817882 0,221650506476654 0,221661983898629 0,22161302322768 0,222183937946476 0,223319703345303 0,224908869673454 0,225467993239914 0,225313353732865 0,224315261299157 0,223608389905957 0,222236051646844 0,221415359706818 0,221494146198646 0,222276451692562 0,225122385015389 0,228294875631933 0,230548192815914 0,231678982099698 0,231173787030845 0,229819633029888 0,227904262334158 0,225574398223009 0,225825827996515 0,226119037054455 0,226984479067841 0,227636813153849 
0 0 0 0 0 0 0 0 0 0 0 0 0 0 0 0 0 0 0 0 0 0 0 0 0 0 0 0 0 0 0 0 0 0 0 0 0 0 0 0 0 0 0 0 0 0 0 0 0 
0 0 0 0 0 0 0 0 0 0 0 0 0 0 0 0 0 0 0 0 0 0 0 0 0 0 0 0 0 0 0 0 0 0 0 0 0 0 0 0 0 0 0 0 
0 0 0 0 0 0 0 0 0 0 0 0 0 0 0 0 0 0 0 0 0 0 0 0 0 0 0 0 0 0 0 0 0 0 0 0 0 0 0 
0 0 0 0 0 0 0 0 0 0 0 0 0 0 0 0 0 0 0 0 0 0 0 0 0 0 0 0 0 0 0 0 0 
0 0 0 0 0 0 0 0 0 0 0 0 0 0 0 0 0 0 0 0 0 0 0 0 0 0 0 
0 0 0 0 0 0 0 0 0 0 0 0 0 0 0 0 0 0 0 0 0 
0 0 0 0 0 0 0 0 0 0 0 0 0 0 0 
0 0 0 0 0 0 0 0 0 
0 0 0 
