40 80
3,00337E-001	3,00681E-001	3,00494E-001	
3,00262E-001	3,00103E-001	3,00391E-001	3,00614E-001	3,01000E-001	3,00861E-001	3,01072E-001	3,00426E-001	3,00023E-001	
2,99515E-001	3,00245E-001	3,00648E-001	2,99676E-001	2,99663E-001	3,00898E-001	3,00697E-001	3,00696E-001	3,01492E-001	3,01308E-001	3,01019E-001	3,01476E-001	3,00235E-001	2,99918E-001	3,00012E-001	
2,99325E-001	2,99197E-001	3,00589E-001	3,00970E-001	2,99847E-001	2,98575E-001	2,99403E-001	3,01020E-001	3,00856E-001	3,00388E-001	3,00440E-001	3,01437E-001	3,02075E-001	3,01838E-001	3,01685E-001	3,01500E-001	3,00975E-001	3,00137E-001	3,00118E-001	3,00118E-001	2,99761E-001	
2,99087E-001	2,98764E-001	2,99267E-001	3,00912E-001	3,01169E-001	3,00127E-001	2,98671E-001	2,97901E-001	2,99491E-001	3,01004E-001	3,00945E-001	3,00478E-001	3,00144E-001	3,00264E-001	3,01293E-001	3,02279E-001	3,02522E-001	3,02639E-001	3,02510E-001	3,01741E-001	3,01048E-001	3,00665E-001	3,00156E-001	3,00391E-001	3,00617E-001	2,99843E-001	2,99548E-001	
2,98815E-001	2,98626E-001	2,98550E-001	2,99379E-001	3,01054E-001	3,01307E-001	3,00384E-001	2,98889E-001	2,97842E-001	2,97595E-001	2,99469E-001	3,00789E-001	3,00912E-001	3,00405E-001	3,00088E-001	2,99903E-001	3,00162E-001	3,01165E-001	3,02113E-001	3,03063E-001	3,03137E-001	3,03464E-001	3,03499E-001	3,02481E-001	3,00842E-001	3,00627E-001	3,00449E-001	3,00294E-001	3,00695E-001	3,01016E-001	3,00434E-001	2,99641E-001	2,99354E-001	
2,98640E-001	2,98538E-001	2,98214E-001	2,98598E-001	2,99533E-001	3,01051E-001	3,01351E-001	3,00552E-001	2,99215E-001	2,97901E-001	2,97216E-001	2,97585E-001	2,99332E-001	3,00446E-001	3,00803E-001	3,00242E-001	2,99955E-001	2,99815E-001	2,99695E-001	3,00106E-001	3,01016E-001	3,01998E-001	3,03148E-001	3,03702E-001	3,03959E-001	3,04371E-001	3,04562E-001	3,03321E-001	3,01277E-001	3,00269E-001	3,00345E-001	3,00281E-001	3,00468E-001	3,00941E-001	3,01398E-001	3,01071E-001	3,00197E-001	2,99480E-001	2,99192E-001	
2,98451E-001	2,98338E-001	2,98079E-001	2,98074E-001	2,98682E-001	2,99733E-001	3,01013E-001	3,01302E-001	3,00482E-001	2,99135E-001	2,97744E-001	2,97029E-001	2,96805E-001	2,98136E-001	2,99506E-001	3,00295E-001	3,00492E-001	2,99916E-001	2,99649E-001	2,99537E-001	2,99506E-001	2,99539E-001	3,00563E-001	3,01442E-001	3,02456E-001	3,03651E-001	3,04336E-001	3,04754E-001	3,05201E-001	3,05658E-001	3,04796E-001	3,02709E-001	3,00709E-001	2,99864E-001	3,00101E-001	3,00195E-001	3,00472E-001	3,01196E-001	3,01774E-001	3,01726E-001	3,00931E-001	3,00011E-001	2,99335E-001	2,99023E-001	
2,98292E-001	2,98103E-001	2,97988E-001	2,97797E-001	2,98011E-001	2,98763E-001	2,99850E-001	3,00945E-001	3,01189E-001	3,00357E-001	2,99056E-001	2,97680E-001	2,96894E-001	2,96557E-001	2,97105E-001	2,98447E-001	2,99399E-001	3,00151E-001	3,00036E-001	2,99584E-001	2,99310E-001	2,99221E-001	2,99252E-001	2,99262E-001	3,00028E-001	3,00995E-001	3,01899E-001	3,03017E-001	3,04158E-001	3,04940E-001	3,05522E-001	3,06047E-001	3,06644E-001	3,06366E-001	3,04381E-001	3,01956E-001	3,00099E-001	2,99482E-001	2,99853E-001	3,00110E-001	3,00432E-001	3,01485E-001	3,02014E-001	3,02333E-001	3,01699E-001	3,00820E-001	2,99847E-001	2,99217E-001	2,98872E-001	
2,98191E-001	2,97946E-001	2,97917E-001	2,97656E-001	2,97598E-001	2,98089E-001	2,98806E-001	2,99828E-001	3,00834E-001	3,01057E-001	3,00215E-001	2,98984E-001	2,97655E-001	2,96807E-001	2,50835E-001	2,96531E-001	2,97450E-001	2,98546E-001	2,99138E-001	2,99918E-001	2,99571E-001	2,99226E-001	2,98954E-001	2,98884E-001	2,98960E-001	2,99041E-001	2,99408E-001	3,00492E-001	3,01368E-001	3,02363E-001	3,03604E-001	3,04649E-001	3,05517E-001	3,06255E-001	3,06790E-001	3,07405E-001	3,07623E-001	3,06078E-001	3,03538E-001	3,01244E-001	2,99517E-001	2,99142E-001	2,99604E-001	2,99985E-001	3,00342E-001	3,01685E-001	3,02293E-001	3,02822E-001	3,02453E-001	3,01626E-001	3,00703E-001	2,99709E-001	2,99123E-001	2,98746E-001	
2,98073E-001	2,97818E-001	2,97804E-001	2,97509E-001	2,97349E-001	2,97533E-001	2,98161E-001	2,98864E-001	2,99929E-001	3,00823E-001	3,00833E-001	2,99876E-001	2,98549E-001	2,97376E-001	2,96549E-001	1,77770E-001	2,13041E-001	2,96958E-001	2,97948E-001	2,98532E-001	2,99228E-001	2,99481E-001	2,98938E-001	2,98740E-001	2,98500E-001	2,98566E-001	2,98699E-001	2,98833E-001	2,99351E-001	3,00479E-001	3,01387E-001	3,02334E-001	3,03621E-001	3,04730E-001	3,05794E-001	3,06746E-001	3,07459E-001	3,08035E-001	3,08722E-001	3,08294E-001	3,06227E-001	3,03451E-001	3,01069E-001	2,99276E-001	2,98726E-001	2,99258E-001	2,99756E-001	3,00127E-001	3,01507E-001	3,02481E-001	3,03024E-001	3,03251E-001	3,02469E-001	3,01606E-001	3,00653E-001	2,99613E-001	2,99031E-001	2,98631E-001	
2,97991E-001	2,97739E-001	2,97625E-001	2,97414E-001	2,97248E-001	2,97146E-001	2,97630E-001	2,98117E-001	2,98839E-001	3,00030E-001	3,00753E-001	3,00576E-001	2,99512E-001	2,98197E-001	2,97155E-001	2,35756E-001	1,30897E-001	1,57319E-001	2,96643E-001	2,97398E-001	2,98010E-001	2,98469E-001	2,99147E-001	2,98804E-001	2,98469E-001	2,98209E-001	2,98124E-001	2,98266E-001	2,98485E-001	2,98669E-001	2,99327E-001	3,00465E-001	3,01373E-001	3,02277E-001	3,03582E-001	3,04755E-001	3,05879E-001	3,06972E-001	3,07927E-001	3,08517E-001	3,09206E-001	3,09759E-001	3,08689E-001	3,06113E-001	3,03336E-001	3,00883E-001	2,99044E-001	2,98327E-001	2,98872E-001	2,99460E-001	3,00000E-001	3,01151E-001	3,02606E-001	3,03242E-001	3,03741E-001	3,03354E-001	3,02442E-001	3,01548E-001	3,00594E-001	2,99526E-001	2,98960E-001	2,98535E-001	
2,97956E-001	2,97712E-001	2,97497E-001	2,97366E-001	2,97220E-001	2,96925E-001	2,97147E-001	2,97638E-001	2,98079E-001	2,98922E-001	3,00083E-001	3,00640E-001	3,00211E-001	2,99205E-001	2,97900E-001	2,97004E-001	1,94698E-001	1,08821E-001	1,27990E-001	2,80721E-001	2,96919E-001	2,97564E-001	2,97836E-001	2,98542E-001	2,98616E-001	2,98183E-001	2,98018E-001	2,97783E-001	2,97845E-001	2,98004E-001	2,98293E-001	2,98538E-001	2,99322E-001	3,00433E-001	3,01361E-001	3,02206E-001	3,03499E-001	3,04736E-001	3,05834E-001	3,07009E-001	3,08210E-001	3,08972E-001	3,09590E-001	3,10319E-001	3,10339E-001	3,08814E-001	3,05882E-001	3,03183E-001	3,00694E-001	2,98830E-001	2,97986E-001	2,98510E-001	2,99124E-001	2,99821E-001	3,00753E-001	3,02429E-001	3,03379E-001	3,03893E-001	3,04093E-001	3,03292E-001	3,02423E-001	3,01483E-001	3,00517E-001	2,99448E-001	2,98908E-001	2,98463E-001	
2,97916E-001	2,97652E-001	2,97369E-001	2,97331E-001	2,97168E-001	2,96826E-001	2,96811E-001	2,97245E-001	2,97532E-001	2,98053E-001	2,99254E-001	3,00215E-001	3,00557E-001	2,99675E-001	2,98589E-001	2,97488E-001	2,96707E-001	1,21545E-001	7,28654E-002	1,54317E-001	2,59187E-001	2,96736E-001	2,97239E-001	2,97440E-001	2,98102E-001	2,98230E-001	2,97860E-001	2,97672E-001	2,97441E-001	2,97455E-001	2,97646E-001	2,97941E-001	2,98217E-001	2,98810E-001	2,99798E-001	3,00919E-001	3,01814E-001	3,02769E-001	3,04237E-001	3,05320E-001	3,06487E-001	3,07773E-001	3,09038E-001	3,09768E-001	3,10454E-001	3,11180E-001	3,11147E-001	3,09555E-001	3,06603E-001	3,03730E-001	3,01151E-001	2,99025E-001	2,97727E-001	2,98002E-001	2,98642E-001	2,99389E-001	3,00272E-001	3,01809E-001	3,03329E-001	3,03998E-001	3,04474E-001	3,04234E-001	3,03322E-001	3,02460E-001	3,01487E-001	3,00485E-001	2,99399E-001	2,98844E-001	2,98387E-001	
2,97885E-001	2,97628E-001	2,97333E-001	2,97321E-001	2,97160E-001	2,96813E-001	2,96621E-001	2,96884E-001	2,97161E-001	2,97441E-001	2,98320E-001	2,99581E-001	3,00293E-001	3,00129E-001	2,99180E-001	2,98063E-001	2,97159E-001	2,51233E-001	8,81191E-002	5,31124E-002	1,98759E-001	2,55009E-001	2,96585E-001	2,96954E-001	2,97099E-001	2,97712E-001	2,97857E-001	2,97583E-001	2,97374E-001	2,97146E-001	2,97124E-001	2,97333E-001	2,97594E-001	2,97927E-001	2,98379E-001	2,99303E-001	3,00378E-001	3,01357E-001	3,02269E-001	3,03396E-001	3,04822E-001	3,05871E-001	3,07101E-001	3,08458E-001	3,09745E-001	3,10440E-001	3,11171E-001	3,11891E-001	3,11802E-001	3,10161E-001	3,07224E-001	3,04265E-001	3,01656E-001	2,99303E-001	2,97792E-001	2,97511E-001	2,98134E-001	2,98886E-001	2,99814E-001	3,01070E-001	3,02801E-001	3,04047E-001	3,04583E-001	3,04847E-001	3,04224E-001	3,03315E-001	3,02447E-001	3,01464E-001	3,00440E-001	2,99356E-001	2,98793E-001	2,98334E-001	
2,97882E-001	2,97644E-001	2,97342E-001	2,97262E-001	2,97188E-001	2,96865E-001	2,96529E-001	2,96647E-001	2,96921E-001	2,97077E-001	2,97514E-001	2,98721E-001	2,99798E-001	3,00303E-001	2,99680E-001	2,98683E-001	2,97665E-001	2,96955E-001	1,95541E-001	9,67778E-002	8,84061E-002	2,51205E-001	2,59009E-001	2,79704E-001	2,96712E-001	2,96827E-001	2,97386E-001	2,97545E-001	2,97328E-001	2,97144E-001	2,96912E-001	2,96867E-001	2,97058E-001	2,97301E-001	2,97662E-001	2,98037E-001	2,98837E-001	2,99795E-001	3,00906E-001	3,01781E-001	3,02658E-001	3,04074E-001	3,05260E-001	3,06352E-001	3,07615E-001	3,09040E-001	3,10307E-001	3,10990E-001	3,11723E-001	3,12428E-001	3,12273E-001	3,10637E-001	3,07797E-001	3,04741E-001	3,02137E-001	2,99692E-001	2,97934E-001	2,97159E-001	2,97662E-001	2,98409E-001	2,99296E-001	3,00476E-001	3,02066E-001	3,03698E-001	3,04530E-001	3,04995E-001	3,04927E-001	3,04151E-001	3,03253E-001	3,02389E-001	3,01411E-001	3,00385E-001	2,99316E-001	2,98754E-001	2,98301E-001	
2,97866E-001	2,97657E-001	2,97335E-001	2,97202E-001	2,97203E-001	2,96886E-001	2,89680E-001	2,75558E-001	2,96707E-001	2,96797E-001	2,97037E-001	2,98016E-001	2,99289E-001	3,00094E-001	2,99934E-001	2,99045E-001	2,98034E-001	2,97265E-001	2,96576E-001	1,22421E-001	1,10703E-001	2,06549E-001	2,95090E-001	2,27662E-001	2,76666E-001	2,73394E-001	2,96776E-001	2,97199E-001	2,97169E-001	2,97019E-001	2,96867E-001	2,96643E-001	2,96652E-001	2,96888E-001	2,97169E-001	2,97543E-001	2,97967E-001	2,98863E-001	2,99803E-001	3,00900E-001	3,01779E-001	3,02674E-001	3,04018E-001	3,05252E-001	3,06321E-001	3,07573E-001	3,09048E-001	3,10466E-001	3,11237E-001	3,11987E-001	3,12775E-001	3,12916E-001	3,11738E-001	3,09321E-001	3,06051E-001	3,03302E-001	3,00710E-001	2,98546E-001	2,97212E-001	2,97079E-001	2,97741E-001	2,98570E-001	2,99671E-001	3,01075E-001	3,02768E-001	3,04270E-001	3,04917E-001	3,05235E-001	3,05034E-001	3,04147E-001	3,03243E-001	3,02384E-001	3,01400E-001	3,00368E-001	2,99298E-001	2,98711E-001	2,98260E-001	
2,97839E-001	2,97646E-001	2,97315E-001	2,97139E-001	2,97207E-001	2,96884E-001	2,80567E-001	2,40435E-001	2,96529E-001	2,96605E-001	2,96704E-001	2,97561E-001	2,98932E-001	2,99838E-001	2,99995E-001	2,99184E-001	2,98197E-001	2,97438E-001	2,96769E-001	1,77522E-001	1,37147E-001	1,96680E-001	2,96591E-001	2,60692E-001	2,11133E-001	2,15184E-001	2,44015E-001	2,96838E-001	2,96946E-001	2,96850E-001	2,96721E-001	2,80268E-001	2,59528E-001	2,96612E-001	2,96853E-001	2,97255E-001	2,97665E-001	2,98378E-001	2,99331E-001	3,00326E-001	3,01321E-001	3,02260E-001	3,03221E-001	3,04781E-001	3,05812E-001	3,06975E-001	3,08379E-001	3,09937E-001	3,11200E-001	3,11934E-001	3,12721E-001	3,13401E-001	3,13086E-001	3,11398E-001	3,08537E-001	3,05296E-001	3,02569E-001	3,00015E-001	2,98007E-001	2,96839E-001	2,96965E-001	2,97686E-001	2,98604E-001	2,99896E-001	3,01439E-001	3,03165E-001	3,04620E-001	3,05218E-001	3,05450E-001	3,05115E-001	3,04208E-001	3,03293E-001	3,02424E-001	3,01428E-001	3,00385E-001	2,99298E-001	2,98663E-001	2,98214E-001	
2,97836E-001	2,97656E-001	2,97337E-001	2,97118E-001	2,97254E-001	2,96932E-001	2,93290E-001	2,29166E-001	2,63601E-001	2,85322E-001	2,81014E-001	2,97175E-001	2,98595E-001	2,99577E-001	2,99970E-001	2,99350E-001	2,98350E-001	2,97650E-001	2,97050E-001	2,57315E-001	1,75481E-001	2,14207E-001	2,96734E-001	2,96632E-001	2,13078E-001	1,96905E-001	1,61307E-001	2,95313E-001	2,96753E-001	2,96742E-001	2,96674E-001	2,68922E-001	2,10306E-001	2,49294E-001	2,96637E-001	2,96984E-001	2,97371E-001	2,97926E-001	2,98928E-001	2,99835E-001	3,00885E-001	3,01781E-001	3,02713E-001	3,03989E-001	3,05253E-001	3,06309E-001	3,07563E-001	3,09128E-001	3,10666E-001	3,11669E-001	3,12470E-001	3,13316E-001	3,13621E-001	3,12835E-001	3,10729E-001	3,07578E-001	3,04525E-001	3,01821E-001	2,99332E-001	2,97528E-001	2,96564E-001	2,96907E-001	2,97701E-001	2,98708E-001	3,00176E-001	3,01783E-001	3,03506E-001	3,04893E-001	3,05444E-001	3,05546E-001	3,05111E-001	3,04196E-001	3,03282E-001	3,02416E-001	3,01422E-001	3,00385E-001	2,99296E-001	2,98629E-001	2,98184E-001	
2,97862E-001	2,97694E-001	2,97402E-001	2,97136E-001	2,97340E-001	2,97027E-001	2,96622E-001	2,41589E-001	2,58858E-001	2,73179E-001	2,40957E-001	2,96885E-001	2,98201E-001	2,99343E-001	2,99915E-001	2,99525E-001	2,98552E-001	2,97895E-001	2,97308E-001	2,96684E-001	2,37136E-001	2,42839E-001	2,96883E-001	2,96902E-001	2,83066E-001	1,96200E-001	1,44230E-001	2,37247E-001	2,96619E-001	2,96619E-001	2,96585E-001	2,91069E-001	2,08720E-001	2,10518E-001	2,92281E-001	2,96796E-001	2,97192E-001	2,97652E-001	2,98480E-001	2,99416E-001	3,00324E-001	3,01309E-001	3,02217E-001	3,03142E-001	3,04621E-001	3,05650E-001	3,06751E-001	3,08113E-001	3,09753E-001	3,11181E-001	3,12006E-001	3,12803E-001	3,13604E-001	3,13486E-001	3,12238E-001	3,09757E-001	3,06551E-001	3,03697E-001	3,01087E-001	2,98755E-001	2,97114E-001	2,58928E-001	2,96919E-001	2,97784E-001	2,98888E-001	3,00478E-001	3,02079E-001	3,03781E-001	3,05077E-001	3,05574E-001	3,05504E-001	3,05024E-001	3,04113E-001	3,03212E-001	3,02361E-001	3,01383E-001	3,00366E-001	2,99293E-001	2,98607E-001	2,98173E-001	
2,97879E-001	2,97716E-001	2,97442E-001	2,97147E-001	2,97411E-001	2,97098E-001	2,96704E-001	2,62709E-001	2,61680E-001	2,70628E-001	2,20319E-001	2,96788E-001	2,98088E-001	2,99288E-001	2,99883E-001	2,99558E-001	2,98581E-001	2,97992E-001	2,97441E-001	2,96845E-001	2,96263E-001	2,96601E-001	2,97112E-001	2,97100E-001	2,96627E-001	2,07460E-001	1,43064E-001	2,30586E-001	2,96552E-001	2,96555E-001	2,96576E-001	2,91100E-001	2,06284E-001	2,09690E-001	2,93995E-001	2,96804E-001	2,97196E-001	2,97668E-001	2,98539E-001	2,99466E-001	3,00333E-001	3,01307E-001	3,02193E-001	3,03144E-001	3,04548E-001	3,05574E-001	3,06661E-001	3,08035E-001	3,09708E-001	3,11134E-001	3,12003E-001	3,12821E-001	3,13609E-001	3,13420E-001	3,12157E-001	3,09649E-001	3,06500E-001	3,03621E-001	3,01013E-001	2,98687E-001	2,97057E-001	2,18767E-001	2,96780E-001	2,97657E-001	2,98805E-001	3,00479E-001	3,02092E-001	3,03781E-001	3,05102E-001	3,05587E-001	3,05461E-001	3,04979E-001	3,04089E-001	3,03195E-001	3,02346E-001	3,01378E-001	3,00377E-001	2,99304E-001	2,98578E-001	2,98151E-001	
2,97883E-001	2,97723E-001	2,97461E-001	2,97163E-001	2,97473E-001	2,97143E-001	2,96764E-001	2,88640E-001	2,69838E-001	2,67827E-001	2,16910E-001	2,96858E-001	2,98205E-001	2,99447E-001	2,99892E-001	2,99470E-001	2,98504E-001	2,97984E-001	2,97395E-001	2,96891E-001	2,96719E-001	2,96986E-001	2,97367E-001	2,97159E-001	2,96588E-001	1,86031E-001	1,62205E-001	2,76453E-001	2,75148E-001	2,96560E-001	2,96633E-001	2,48434E-001	2,09517E-001	2,61627E-001	2,96636E-001	2,97022E-001	2,97406E-001	2,98089E-001	2,99100E-001	2,99926E-001	3,00843E-001	3,01731E-001	3,02662E-001	3,03872E-001	3,05034E-001	3,06068E-001	3,07299E-001	3,08931E-001	3,10554E-001	3,11631E-001	3,12492E-001	3,13323E-001	3,13512E-001	3,12639E-001	3,10414E-001	3,07377E-001	3,04291E-001	3,01575E-001	2,99162E-001	2,97297E-001	2,37602E-001	2,79993E-001	2,97326E-001	2,98444E-001	3,00149E-001	3,01851E-001	3,03490E-001	3,04963E-001	3,05553E-001	3,05448E-001	3,04973E-001	3,04122E-001	3,03226E-001	3,02371E-001	3,01398E-001	3,00416E-001	2,99328E-001	2,98544E-001	2,98120E-001	
2,97917E-001	2,97757E-001	2,97512E-001	2,97253E-001	2,97562E-001	2,97234E-001	2,96880E-001	2,96621E-001	2,96542E-001	2,75941E-001	2,43897E-001	2,97027E-001	2,98417E-001	2,99603E-001	2,99926E-001	2,99349E-001	2,98464E-001	2,98015E-001	2,97440E-001	2,97044E-001	2,96938E-001	2,97444E-001	2,97626E-001	2,97210E-001	2,96625E-001	1,98505E-001	2,44604E-001	2,96580E-001	2,81576E-001	2,96672E-001	2,96705E-001	2,66895E-001	2,59774E-001	2,96637E-001	2,96902E-001	2,97274E-001	2,97743E-001	2,98668E-001	2,99578E-001	3,00373E-001	3,01308E-001	3,02147E-001	3,03171E-001	3,04412E-001	3,05435E-001	3,06530E-001	3,08017E-001	3,09723E-001	3,11061E-001	3,11944E-001	3,12833E-001	3,13358E-001	3,12722E-001	3,10960E-001	3,08098E-001	3,05020E-001	3,02184E-001	2,99718E-001	2,97667E-001	2,96533E-001	2,03359E-001	2,97038E-001	2,98129E-001	2,99761E-001	3,01574E-001	3,03120E-001	3,04700E-001	3,05446E-001	3,05374E-001	3,04898E-001	3,04082E-001	3,03188E-001	3,02344E-001	3,01384E-001	3,00430E-001	2,99348E-001	2,98521E-001	2,98106E-001	
2,97975E-001	2,97818E-001	2,97607E-001	2,97382E-001	2,97687E-001	2,97370E-001	2,97049E-001	2,96799E-001	2,96694E-001	2,96564E-001	2,96549E-001	2,97297E-001	2,98687E-001	2,99735E-001	2,99954E-001	2,99239E-001	2,98557E-001	2,98122E-001	2,97560E-001	2,97258E-001	2,97287E-001	2,97870E-001	2,97857E-001	2,97280E-001	2,96673E-001	2,58704E-001	2,96628E-001	2,96685E-001	2,96747E-001	2,96941E-001	2,96761E-001	2,96605E-001	2,96717E-001	2,96894E-001	2,97244E-001	2,97597E-001	2,98293E-001	2,99264E-001	3,00014E-001	3,00787E-001	3,01666E-001	3,02551E-001	3,03718E-001	3,04748E-001	3,05740E-001	3,07019E-001	3,08686E-001	3,10192E-001	3,11223E-001	3,12115E-001	3,12863E-001	3,12529E-001	3,11220E-001	3,08596E-001	3,05653E-001	3,02767E-001	3,00296E-001	2,98129E-001	2,96759E-001	1,78632E-001	2,96840E-001	2,97847E-001	2,99393E-001	3,01292E-001	3,02743E-001	3,04321E-001	3,05263E-001	3,05233E-001	3,04745E-001	3,03975E-001	3,03094E-001	3,02268E-001	3,01338E-001	3,00421E-001	2,99364E-001	2,98514E-001	2,98113E-001	
2,98023E-001	2,97887E-001	2,97682E-001	2,97528E-001	2,97798E-001	2,97489E-001	2,97191E-001	2,96986E-001	2,96855E-001	2,96662E-001	2,96790E-001	2,97788E-001	2,99175E-001	2,99945E-001	2,99932E-001	2,99010E-001	2,98565E-001	2,98041E-001	2,97596E-001	2,97467E-001	2,97960E-001	2,98204E-001	2,97824E-001	2,97098E-001	2,96612E-001	2,96772E-001	2,96891E-001	2,96833E-001	2,97118E-001	2,97065E-001	2,96841E-001	2,96909E-001	2,97062E-001	2,97384E-001	2,97713E-001	2,98393E-001	2,99350E-001	3,00071E-001	3,00779E-001	3,01644E-001	3,02539E-001	3,03609E-001	3,04613E-001	3,05591E-001	3,06955E-001	3,08646E-001	3,10023E-001	3,11024E-001	3,11939E-001	3,12398E-001	3,11692E-001	3,09865E-001	3,07116E-001	3,04179E-001	3,01461E-001	2,99149E-001	2,97320E-001	2,62143E-001	2,67820E-001	2,97365E-001	2,98657E-001	3,00633E-001	3,02156E-001	3,03734E-001	3,04936E-001	3,05088E-001	3,04596E-001	3,03965E-001	3,03063E-001	3,02218E-001	3,01345E-001	3,00428E-001	2,99400E-001	2,98507E-001	2,98121E-001	
2,98062E-001	2,97943E-001	2,97732E-001	2,97692E-001	2,97894E-001	2,97612E-001	2,97342E-001	2,97104E-001	2,96996E-001	2,96787E-001	2,97243E-001	2,98489E-001	2,99770E-001	3,00107E-001	2,99483E-001	2,98883E-001	2,98447E-001	2,97936E-001	2,97763E-001	2,98129E-001	2,98492E-001	2,98152E-001	2,97389E-001	2,96814E-001	2,96995E-001	2,97063E-001	2,97050E-001	2,97390E-001	2,97239E-001	2,97092E-001	2,97198E-001	2,97370E-001	2,97668E-001	2,98053E-001	2,98971E-001	2,99799E-001	3,00449E-001	3,01238E-001	3,02035E-001	3,03102E-001	3,04053E-001	3,05010E-001	3,06242E-001	3,07911E-001	3,09396E-001	3,10486E-001	3,11440E-001	3,11888E-001	3,11143E-001	3,09230E-001	3,06499E-001	3,03551E-001	3,00887E-001	2,98657E-001	2,97059E-001	2,12143E-001	2,96722E-001	2,97789E-001	2,99460E-001	3,01397E-001	3,02810E-001	3,04324E-001	3,04909E-001	3,04542E-001	3,03945E-001	3,03104E-001	3,02224E-001	3,01396E-001	3,00460E-001	2,99465E-001	2,98498E-001	2,98119E-001	
2,98126E-001	2,98017E-001	2,97813E-001	2,97891E-001	2,98024E-001	2,97785E-001	2,97513E-001	2,97282E-001	2,97127E-001	2,97110E-001	2,97905E-001	2,99371E-001	3,00129E-001	3,00032E-001	2,99209E-001	2,98861E-001	2,98321E-001	2,98093E-001	2,98299E-001	2,98788E-001	2,98513E-001	2,97747E-001	2,97071E-001	2,97271E-001	2,97266E-001	2,97313E-001	2,97693E-001	2,97505E-001	2,97391E-001	2,97520E-001	2,97718E-001	2,97984E-001	2,98583E-001	2,99506E-001	3,00182E-001	3,00773E-001	3,01569E-001	3,02560E-001	3,03421E-001	3,04376E-001	3,05453E-001	3,07073E-001	3,08629E-001	3,09808E-001	3,10782E-001	3,11217E-001	3,10449E-001	3,08481E-001	3,05812E-001	3,02862E-001	3,00329E-001	2,98223E-001	2,96907E-001	2,25601E-001	2,97090E-001	2,98377E-001	3,00393E-001	3,01991E-001	3,03478E-001	3,04627E-001	3,04440E-001	3,03858E-001	3,03092E-001	3,02218E-001	3,01404E-001	3,00491E-001	2,99543E-001	2,98505E-001	2,98134E-001	
2,98213E-001	2,98121E-001	2,97928E-001	2,98107E-001	2,98188E-001	2,97997E-001	2,97725E-001	2,97543E-001	2,97344E-001	2,97590E-001	2,98693E-001	2,99945E-001	3,00323E-001	2,99660E-001	2,99198E-001	2,98701E-001	2,98414E-001	2,98503E-001	2,99078E-001	2,98883E-001	2,98130E-001	2,97391E-001	2,97613E-001	2,97521E-001	2,97646E-001	2,98036E-001	2,97816E-001	2,97782E-001	2,97862E-001	2,98091E-001	2,98373E-001	2,99211E-001	2,99966E-001	3,00474E-001	3,01189E-001	3,01970E-001	3,02793E-001	3,03717E-001	3,04655E-001	3,06139E-001	3,07751E-001	3,09000E-001	3,09984E-001	3,10406E-001	3,09619E-001	3,07631E-001	3,05077E-001	3,02184E-001	2,99825E-001	2,97894E-001	2,96822E-001	2,96587E-001	2,97558E-001	2,99197E-001	3,01174E-001	3,02525E-001	3,03932E-001	3,04270E-001	3,03659E-001	3,03073E-001	3,02181E-001	3,01369E-001	3,00499E-001	2,99621E-001	2,98597E-001	2,98163E-001	
2,98291E-001	2,98215E-001	2,98119E-001	2,98328E-001	2,98372E-001	2,98208E-001	2,97904E-001	2,97684E-001	2,97642E-001	2,98356E-001	2,99785E-001	3,00395E-001	3,00000E-001	2,99450E-001	2,98986E-001	2,98714E-001	2,98881E-001	2,99380E-001	2,99089E-001	2,98168E-001	2,97762E-001	2,97927E-001	2,97824E-001	2,98237E-001	2,98271E-001	2,98101E-001	2,98149E-001	2,98323E-001	2,98542E-001	2,99308E-001	3,00046E-001	3,00482E-001	3,01148E-001	3,01977E-001	3,02674E-001	3,03570E-001	3,04655E-001	3,06273E-001	3,07686E-001	3,08860E-001	3,09647E-001	3,09234E-001	3,07603E-001	3,05101E-001	3,02324E-001	2,99897E-001	2,97996E-001	2,96917E-001	2,96756E-001	2,97857E-001	2,99763E-001	3,01548E-001	3,02854E-001	3,03996E-001	3,03673E-001	3,03025E-001	3,02234E-001	3,01377E-001	3,00576E-001	2,99707E-001	2,98700E-001	2,98185E-001	
2,98379E-001	2,98357E-001	2,98353E-001	2,98588E-001	2,98608E-001	2,98417E-001	2,98105E-001	2,97956E-001	2,98261E-001	2,99435E-001	3,00373E-001	3,00316E-001	2,99716E-001	2,99285E-001	2,99021E-001	2,99286E-001	2,99683E-001	2,99258E-001	2,98222E-001	2,98195E-001	2,98124E-001	2,98265E-001	2,98680E-001	2,98517E-001	2,98502E-001	2,98584E-001	2,98744E-001	2,99425E-001	3,00129E-001	3,00498E-001	3,01105E-001	3,01957E-001	3,02524E-001	3,03391E-001	3,04661E-001	3,06239E-001	3,07596E-001	3,08620E-001	3,08638E-001	3,07344E-001	3,05077E-001	3,02436E-001	2,99989E-001	2,98146E-001	2,97067E-001	2,96985E-001	2,98268E-001	3,00294E-001	3,01846E-001	3,03142E-001	3,03615E-001	3,02903E-001	3,02292E-001	3,01407E-001	3,00632E-001	2,99779E-001	2,98822E-001	2,98235E-001	
2,98497E-001	2,98513E-001	2,98618E-001	2,98882E-001	2,98890E-001	2,98583E-001	2,98297E-001	2,98327E-001	2,99072E-001	3,00268E-001	3,00476E-001	3,00008E-001	2,99587E-001	2,99326E-001	2,99677E-001	2,99928E-001	2,99381E-001	2,98448E-001	2,98577E-001	2,98464E-001	2,98898E-001	2,98966E-001	2,98876E-001	2,98878E-001	2,98976E-001	2,99559E-001	3,00207E-001	3,00511E-001	3,01055E-001	3,01797E-001	3,02348E-001	3,03247E-001	3,04657E-001	3,06101E-001	3,07387E-001	3,07834E-001	3,06950E-001	3,04929E-001	3,02551E-001	3,00091E-001	2,98326E-001	2,97271E-001	2,97277E-001	2,98792E-001	3,00761E-001	3,02078E-001	3,03203E-001	3,02866E-001	3,02227E-001	3,01450E-001	3,00659E-001	2,99869E-001	2,98976E-001	2,98335E-001	
2,98626E-001	2,98652E-001	2,98861E-001	2,99181E-001	2,99106E-001	2,98692E-001	2,98600E-001	2,99033E-001	3,00216E-001	3,00569E-001	3,00193E-001	2,99762E-001	2,99618E-001	3,00136E-001	3,00022E-001	2,99043E-001	2,98839E-001	2,98728E-001	2,99108E-001	2,99285E-001	2,99204E-001	2,99196E-001	2,99309E-001	3,00016E-001	3,00444E-001	3,00685E-001	3,01452E-001	3,01833E-001	3,02702E-001	3,04068E-001	3,05524E-001	3,06815E-001	3,06813E-001	3,05367E-001	3,03308E-001	3,00784E-001	2,98877E-001	2,97608E-001	2,97369E-001	2,98947E-001	3,00905E-001	3,02133E-001	3,02917E-001	3,02250E-001	3,01602E-001	3,00756E-001	3,00007E-001	2,99170E-001	2,98437E-001	
2,98789E-001	2,98931E-001	2,99139E-001	2,99481E-001	2,99221E-001	2,98877E-001	2,99099E-001	3,00045E-001	3,00602E-001	3,00368E-001	2,99989E-001	3,00156E-001	3,00434E-001	2,99846E-001	2,99110E-001	2,98980E-001	2,99305E-001	2,99596E-001	2,99493E-001	2,99453E-001	2,99782E-001	3,00363E-001	3,00535E-001	3,01073E-001	3,01448E-001	3,02169E-001	3,03460E-001	3,04959E-001	3,06094E-001	3,05580E-001	3,03835E-001	3,01632E-001	2,99419E-001	2,98066E-001	2,97546E-001	2,99152E-001	3,01046E-001	3,02171E-001	3,02404E-001	3,01609E-001	3,00902E-001	3,00151E-001	2,99361E-001	2,98576E-001	
2,98982E-001	2,99259E-001	2,99506E-001	2,99718E-001	2,99232E-001	2,99280E-001	2,99888E-001	3,00579E-001	3,00477E-001	3,00229E-001	3,00601E-001	3,00520E-001	2,99621E-001	2,99239E-001	2,99479E-001	2,99874E-001	2,99784E-001	2,99712E-001	3,00207E-001	3,00507E-001	3,00676E-001	3,01106E-001	3,01661E-001	3,02863E-001	3,04439E-001	3,05175E-001	3,04030E-001	3,02274E-001	3,00063E-001	2,98582E-001	2,97879E-001	2,99363E-001	3,01174E-001	3,02041E-001	3,01740E-001	3,01065E-001	3,00291E-001	2,99561E-001	2,98845E-001	
2,99182E-001	2,99556E-001	2,99972E-001	2,99677E-001	2,99481E-001	2,99861E-001	3,00651E-001	3,00519E-001	3,00763E-001	3,00796E-001	3,00009E-001	2,99413E-001	2,99720E-001	3,00098E-001	2,99929E-001	3,00286E-001	3,00531E-001	3,00727E-001	3,00960E-001	3,01891E-001	3,03370E-001	3,04398E-001	3,03163E-001	3,01412E-001	2,99452E-001	2,98282E-001	2,99132E-001	3,01057E-001	3,01738E-001	3,01262E-001	3,00550E-001	2,99806E-001	2,99117E-001	
2,99432E-001	2,99914E-001	3,00162E-001	2,99675E-001	2,99849E-001	3,00721E-001	3,00805E-001	3,01062E-001	3,00359E-001	2,99559E-001	2,99961E-001	3,00190E-001	3,00368E-001	3,00563E-001	3,00605E-001	3,00968E-001	3,02281E-001	3,03602E-001	3,02345E-001	3,00618E-001	2,99012E-001	2,98969E-001	3,00938E-001	3,01386E-001	3,00805E-001	3,00070E-001	2,99454E-001	
2,99788E-001	3,00306E-001	3,00020E-001	2,99785E-001	3,00822E-001	3,01346E-001	3,00673E-001	2,99707E-001	3,00209E-001	3,00452E-001	3,00563E-001	3,00483E-001	3,01334E-001	3,02701E-001	3,01523E-001	3,00041E-001	2,99228E-001	3,00785E-001	3,01064E-001	3,00437E-001	2,99787E-001	
3,00177E-001	3,00318E-001	2,99847E-001	3,01363E-001	3,00922E-001	2,99816E-001	3,00498E-001	3,00617E-001	3,00670E-001	3,01700E-001	3,00823E-001	2,99839E-001	3,00423E-001	3,00769E-001	3,00150E-001	
3,00442E-001	3,00205E-001	3,01117E-001	3,00114E-001	3,00558E-001	3,00846E-001	3,00509E-001	3,00306E-001	3,00600E-001	
0,00000E000	0,00000E000	0,00000E000	
