40 80
2,99624E-001	2,99982E-001	2,99865E-001	
2,99615E-001	2,99343E-001	2,99517E-001	2,99817E-001	3,00321E-001	3,00234E-001	3,00450E-001	2,99857E-001	2,99429E-001	
2,99031E-001	2,99574E-001	2,99742E-001	2,98805E-001	2,98758E-001	2,99949E-001	3,00032E-001	3,00115E-001	3,00820E-001	3,00733E-001	3,00431E-001	3,00773E-001	2,99721E-001	2,99395E-001	2,99429E-001	
2,98880E-001	2,98757E-001	2,99789E-001	2,99955E-001	2,98875E-001	2,97730E-001	2,98411E-001	2,99947E-001	3,00060E-001	2,99807E-001	2,99953E-001	3,00847E-001	3,01454E-001	3,01307E-001	3,01081E-001	3,00768E-001	3,00312E-001	2,99663E-001	2,99623E-001	2,99579E-001	2,99250E-001	
2,98700E-001	2,98410E-001	2,98760E-001	2,99978E-001	3,00058E-001	2,99056E-001	2,97706E-001	2,97001E-001	2,98382E-001	2,99833E-001	3,00022E-001	2,99787E-001	2,99629E-001	2,99857E-001	3,00804E-001	3,01708E-001	3,01994E-001	3,02094E-001	3,01869E-001	3,01020E-001	3,00328E-001	3,00006E-001	2,99685E-001	2,99900E-001	3,00052E-001	2,99398E-001	2,99108E-001	
2,98501E-001	2,98300E-001	2,98188E-001	2,98782E-001	3,00019E-001	3,00104E-001	2,99214E-001	2,97827E-001	2,96827E-001	2,96612E-001	2,98277E-001	2,99562E-001	2,99882E-001	2,99630E-001	2,99479E-001	2,99460E-001	2,99820E-001	3,00770E-001	3,01667E-001	3,02535E-001	3,02661E-001	3,02898E-001	3,02785E-001	3,01729E-001	3,00179E-001	2,99906E-001	2,99791E-001	2,99790E-001	3,00186E-001	3,00442E-001	2,99953E-001	2,99278E-001	2,98985E-001	
2,98385E-001	2,98237E-001	2,97920E-001	2,98158E-001	2,98830E-001	2,99943E-001	3,00072E-001	2,99293E-001	2,98044E-001	2,96807E-001	2,90237E-001	2,96501E-001	2,98086E-001	2,99193E-001	2,99683E-001	2,99395E-001	2,99266E-001	2,99267E-001	2,99323E-001	2,99821E-001	3,00717E-001	3,01659E-001	3,02706E-001	3,03242E-001	3,03483E-001	3,03761E-001	3,03755E-001	3,02526E-001	3,00611E-001	2,99601E-001	2,99604E-001	2,99623E-001	2,99916E-001	3,00408E-001	3,00806E-001	3,00540E-001	2,99816E-001	2,99192E-001	2,98891E-001	
2,98262E-001	2,98091E-001	2,97810E-001	2,97729E-001	2,98136E-001	2,98895E-001	2,99816E-001	2,99932E-001	2,99134E-001	2,97879E-001	2,96574E-001	2,81419E-001	2,76130E-001	2,96890E-001	2,98196E-001	2,99035E-001	2,99383E-001	2,99065E-001	2,98950E-001	2,98980E-001	2,99112E-001	2,99328E-001	3,00335E-001	3,01227E-001	3,02208E-001	3,03296E-001	3,03933E-001	3,04302E-001	3,04616E-001	3,04835E-001	3,03920E-001	3,01967E-001	3,00063E-001	2,99191E-001	2,99334E-001	2,99494E-001	2,99876E-001	3,00607E-001	3,01152E-001	3,01135E-001	3,00496E-001	2,99728E-001	2,99129E-001	2,98798E-001	
2,98168E-001	2,97923E-001	2,97741E-001	2,97502E-001	2,97589E-001	2,98108E-001	2,98890E-001	2,99664E-001	2,99742E-001	2,98935E-001	2,97721E-001	2,96429E-001	2,74705E-001	2,65033E-001	2,81536E-001	2,97116E-001	2,98084E-001	2,98879E-001	2,98962E-001	2,98726E-001	2,98604E-001	2,98655E-001	2,98839E-001	2,99044E-001	2,99863E-001	3,00845E-001	3,01771E-001	3,02840E-001	3,03886E-001	3,04599E-001	3,05095E-001	3,05475E-001	3,05820E-001	3,05382E-001	3,03526E-001	3,01267E-001	2,99473E-001	2,98797E-001	2,99063E-001	2,99363E-001	2,99789E-001	3,00807E-001	3,01364E-001	3,01673E-001	3,01188E-001	3,00475E-001	2,99658E-001	2,99087E-001	2,98721E-001	
2,98122E-001	2,97821E-001	2,97694E-001	2,97390E-001	2,97252E-001	2,97556E-001	2,98049E-001	2,98779E-001	2,99480E-001	2,99540E-001	2,98729E-001	2,97576E-001	2,95688E-001	2,69906E-001	2,57186E-001	2,62286E-001	2,89213E-001	2,97180E-001	2,97851E-001	2,98650E-001	2,98531E-001	2,98365E-001	2,98244E-001	2,98310E-001	2,98531E-001	2,98793E-001	2,99307E-001	3,00393E-001	3,01318E-001	3,02321E-001	3,03487E-001	3,04456E-001	3,05233E-001	3,05851E-001	3,06244E-001	3,06616E-001	3,06585E-001	3,05095E-001	3,02761E-001	3,00584E-001	2,98904E-001	2,98439E-001	2,98791E-001	2,99199E-001	2,99658E-001	3,00920E-001	3,01576E-001	3,02094E-001	3,01847E-001	3,01201E-001	3,00446E-001	2,99606E-001	2,99062E-001	2,98665E-001	
2,98065E-001	2,97744E-001	2,97615E-001	2,97271E-001	2,97039E-001	2,97090E-001	2,97503E-001	2,97986E-001	2,98743E-001	2,99349E-001	2,99234E-001	2,98325E-001	2,97095E-001	2,84911E-001	2,59653E-001	2,48035E-001	2,52059E-001	2,72850E-001	2,96543E-001	2,97205E-001	2,97942E-001	2,98303E-001	2,97997E-001	2,97931E-001	2,97848E-001	2,98041E-001	2,98328E-001	2,98652E-001	2,99303E-001	3,00444E-001	3,01414E-001	3,02399E-001	3,03621E-001	3,04662E-001	3,05615E-001	3,06423E-001	3,06983E-001	3,07364E-001	3,07744E-001	3,07165E-001	3,05232E-001	3,02686E-001	3,00420E-001	2,98667E-001	2,98041E-001	2,98430E-001	2,98920E-001	2,99388E-001	3,00688E-001	3,01673E-001	3,02259E-001	3,02520E-001	3,01943E-001	3,01262E-001	3,00476E-001	2,99594E-001	2,99046E-001	2,98621E-001	
2,98036E-001	2,97708E-001	2,97490E-001	2,97200E-001	2,96952E-001	2,96768E-001	2,97057E-001	2,97365E-001	2,97861E-001	2,98713E-001	2,99178E-001	2,98909E-001	2,97913E-001	2,96694E-001	2,76039E-001	2,51471E-001	2,41322E-001	2,44492E-001	2,61268E-001	2,84825E-001	2,96640E-001	2,97189E-001	2,97889E-001	2,97750E-001	2,97583E-001	2,97470E-001	2,97523E-001	2,97795E-001	2,98167E-001	2,98548E-001	2,99324E-001	3,00486E-001	3,01471E-001	3,02438E-001	3,03692E-001	3,04801E-001	3,05820E-001	3,06761E-001	3,07535E-001	3,07959E-001	3,08383E-001	3,08614E-001	3,07500E-001	3,05142E-001	3,02575E-001	3,00242E-001	2,98441E-001	2,97663E-001	2,98043E-001	2,98592E-001	2,99185E-001	3,00305E-001	3,01687E-001	3,02392E-001	3,02918E-001	3,02686E-001	3,01999E-001	3,01287E-001	3,00495E-001	2,99584E-001	2,99042E-001	2,98591E-001	
2,98043E-001	2,97713E-001	2,97409E-001	2,97173E-001	2,96932E-001	2,96585E-001	2,96660E-001	2,96962E-001	2,97238E-001	2,97827E-001	2,98651E-001	2,98981E-001	2,98512E-001	2,97561E-001	2,96353E-001	2,69401E-001	2,45849E-001	2,37054E-001	2,39492E-001	2,54042E-001	2,69808E-001	2,90545E-001	2,96552E-001	2,97274E-001	2,97470E-001	2,97234E-001	2,97186E-001	2,97102E-001	2,97286E-001	2,97588E-001	2,98029E-001	2,98470E-001	2,99355E-001	3,00506E-001	3,01515E-001	3,02448E-001	3,03704E-001	3,04878E-001	3,05896E-001	3,06920E-001	3,07909E-001	3,08494E-001	3,08900E-001	3,09314E-001	3,09094E-001	3,07596E-001	3,04942E-001	3,02425E-001	3,00058E-001	2,98232E-001	2,97339E-001	2,97684E-001	2,98239E-001	2,98943E-001	2,99886E-001	3,01445E-001	3,02429E-001	3,03014E-001	3,03282E-001	3,02715E-001	3,02053E-001	3,01299E-001	3,00490E-001	2,99574E-001	2,99047E-001	2,98574E-001	
2,98047E-001	2,97692E-001	2,97324E-001	2,97151E-001	2,96888E-001	2,96495E-001	2,96373E-001	2,96620E-001	2,96771E-001	2,97110E-001	2,97973E-001	2,98632E-001	2,98783E-001	2,97950E-001	2,96929E-001	2,82188E-001	2,57931E-001	2,36990E-001	2,31605E-001	2,39066E-001	2,50679E-001	2,63487E-001	2,80683E-001	2,90738E-001	2,96844E-001	2,97078E-001	2,96888E-001	2,96819E-001	2,96733E-001	2,96876E-001	2,97197E-001	2,97641E-001	2,98105E-001	2,98843E-001	2,99909E-001	3,01081E-001	3,02075E-001	3,03096E-001	3,04485E-001	3,05532E-001	3,06593E-001	3,07693E-001	3,08719E-001	3,09266E-001	3,09710E-001	3,10110E-001	3,09837E-001	3,08278E-001	3,05602E-001	3,02942E-001	3,00493E-001	2,98428E-001	2,97125E-001	2,97219E-001	2,97749E-001	2,98470E-001	2,99360E-001	3,00805E-001	3,02260E-001	3,03016E-001	3,03558E-001	3,03472E-001	3,02813E-001	3,02151E-001	3,01366E-001	3,00525E-001	2,99591E-001	2,99046E-001	2,98557E-001	
2,98054E-001	2,97699E-001	2,97315E-001	2,97155E-001	2,96885E-001	2,96480E-001	2,92245E-001	2,95408E-001	2,96453E-001	2,96602E-001	2,97220E-001	2,98125E-001	2,98581E-001	2,98327E-001	2,97435E-001	2,96387E-001	2,70597E-001	2,47043E-001	2,31813E-001	2,28397E-001	2,40745E-001	2,49212E-001	2,58576E-001	2,72355E-001	2,80852E-001	2,96469E-001	2,96711E-001	2,96591E-001	2,96503E-001	2,96413E-001	2,96519E-001	2,96847E-001	2,97256E-001	2,97759E-001	2,98386E-001	2,99403E-001	3,00545E-001	3,01616E-001	3,02623E-001	3,03774E-001	3,05122E-001	3,06131E-001	3,07227E-001	3,08370E-001	3,09400E-001	3,09907E-001	3,10374E-001	3,10759E-001	3,10437E-001	3,08836E-001	3,06170E-001	3,03443E-001	3,00966E-001	2,98707E-001	2,97192E-001	2,96794E-001	2,97264E-001	2,97956E-001	2,98861E-001	3,00073E-001	3,01692E-001	3,02932E-001	3,03569E-001	3,03928E-001	3,03534E-001	3,02870E-001	3,02199E-001	3,01401E-001	3,00540E-001	2,99601E-001	2,99047E-001	2,98552E-001	
2,98078E-001	2,97734E-001	2,97342E-001	2,97126E-001	2,96918E-001	2,96527E-001	2,90060E-001	2,89617E-001	2,93395E-001	2,94913E-001	2,96577E-001	2,97448E-001	2,98204E-001	2,98490E-001	2,97873E-001	2,96939E-001	2,85003E-001	2,62759E-001	2,40696E-001	2,30633E-001	2,29908E-001	2,43844E-001	2,49032E-001	2,55361E-001	2,65674E-001	2,73173E-001	2,90756E-001	2,96408E-001	2,95744E-001	2,93524E-001	2,90543E-001	2,92903E-001	2,96537E-001	2,96922E-001	2,97435E-001	2,97993E-001	2,98908E-001	2,99959E-001	3,01136E-001	3,02124E-001	3,03099E-001	3,04464E-001	3,05611E-001	3,06638E-001	3,07746E-001	3,08928E-001	3,09930E-001	3,10417E-001	3,10876E-001	3,11242E-001	3,10867E-001	3,09272E-001	3,06685E-001	3,03888E-001	3,01419E-001	2,99080E-001	2,97343E-001	2,96508E-001	2,96833E-001	2,97483E-001	2,98330E-001	2,99463E-001	3,00956E-001	3,02508E-001	3,03413E-001	3,03976E-001	3,04059E-001	3,03534E-001	3,02872E-001	3,02198E-001	3,01400E-001	3,00532E-001	2,99604E-001	2,99048E-001	2,98556E-001	
2,98090E-001	2,97765E-001	2,97352E-001	2,97089E-001	2,96934E-001	2,96543E-001	2,89343E-001	2,85004E-001	2,87818E-001	2,87685E-001	2,91328E-001	2,96879E-001	2,97794E-001	2,98327E-001	2,98082E-001	2,97247E-001	2,94717E-001	2,71364E-001	2,49803E-001	2,32552E-001	2,29968E-001	2,37901E-001	2,47713E-001	2,47932E-001	2,55929E-001	2,60318E-001	2,72277E-001	2,86266E-001	2,88702E-001	2,87526E-001	2,85940E-001	2,83286E-001	2,87144E-001	2,96390E-001	2,96812E-001	2,97344E-001	2,97947E-001	2,98943E-001	2,99986E-001	3,01157E-001	3,02154E-001	3,03150E-001	3,04466E-001	3,05658E-001	3,06676E-001	3,07784E-001	3,09014E-001	3,10144E-001	3,10712E-001	3,11198E-001	3,11646E-001	3,11519E-001	3,10299E-001	3,08056E-001	3,05104E-001	3,02527E-001	3,00063E-001	2,97964E-001	2,96611E-001	2,96349E-001	2,96860E-001	2,97618E-001	2,98659E-001	2,99986E-001	3,01574E-001	3,03029E-001	3,03782E-001	3,04224E-001	3,04195E-001	3,03580E-001	3,02910E-001	3,02236E-001	3,01431E-001	3,00556E-001	2,99624E-001	2,99045E-001	2,98553E-001	
2,98091E-001	2,97773E-001	2,97345E-001	2,97044E-001	2,96935E-001	2,96533E-001	2,88315E-001	2,82072E-001	2,82956E-001	2,82344E-001	2,82680E-001	2,96496E-001	2,97492E-001	2,98107E-001	2,98117E-001	2,97347E-001	2,96421E-001	2,75495E-001	2,54441E-001	2,36094E-001	2,30830E-001	2,35651E-001	2,47197E-001	2,47861E-001	2,49189E-001	2,53948E-001	2,60362E-001	2,75366E-001	2,81219E-001	2,81398E-001	2,80288E-001	2,76908E-001	2,78755E-001	2,87705E-001	2,96441E-001	2,96984E-001	2,97570E-001	2,98420E-001	2,99477E-001	3,00575E-001	3,01674E-001	3,02721E-001	3,03763E-001	3,05236E-001	3,06256E-001	3,07327E-001	3,08534E-001	3,09807E-001	3,10791E-001	3,11303E-001	3,11789E-001	3,12122E-001	3,11610E-001	3,09965E-001	3,07354E-001	3,04405E-001	3,01834E-001	2,99395E-001	2,97427E-001	2,92786E-001	2,91923E-001	2,96788E-001	2,97634E-001	2,98840E-001	3,00287E-001	3,01914E-001	3,03338E-001	3,04056E-001	3,04431E-001	3,04299E-001	3,03669E-001	3,02990E-001	3,02308E-001	3,01492E-001	3,00607E-001	2,99658E-001	2,99038E-001	2,98543E-001	
2,98104E-001	2,97793E-001	2,97372E-001	2,97033E-001	2,96974E-001	2,96570E-001	2,89074E-001	2,81125E-001	2,80408E-001	2,79396E-001	2,77112E-001	2,91399E-001	2,97222E-001	2,97902E-001	2,98102E-001	2,97490E-001	2,96561E-001	2,81307E-001	2,61950E-001	2,42227E-001	2,33702E-001	2,36253E-001	2,49468E-001	2,51333E-001	2,47815E-001	2,51084E-001	2,52993E-001	2,66183E-001	2,75031E-001	2,77270E-001	2,77622E-001	2,74259E-001	2,73116E-001	2,79699E-001	2,90680E-001	2,96646E-001	2,97201E-001	2,97919E-001	2,99008E-001	3,00037E-001	3,01183E-001	3,02205E-001	3,03241E-001	3,04515E-001	3,05741E-001	3,06760E-001	3,07880E-001	3,09190E-001	3,10422E-001	3,11179E-001	3,11716E-001	3,12221E-001	3,12235E-001	3,11332E-001	3,09342E-001	3,06489E-001	3,03678E-001	3,01120E-001	2,98738E-001	2,96950E-001	2,84150E-001	2,89455E-001	2,96788E-001	2,97721E-001	2,99075E-001	3,00582E-001	3,02214E-001	3,03585E-001	3,04263E-001	3,04536E-001	3,04324E-001	3,03686E-001	3,03007E-001	3,02327E-001	3,01511E-001	3,00628E-001	2,99677E-001	2,99031E-001	2,98538E-001	
2,98132E-001	2,97831E-001	2,97431E-001	2,97055E-001	2,97049E-001	2,96653E-001	2,91767E-001	2,82154E-001	2,80249E-001	2,78711E-001	2,74558E-001	2,84827E-001	2,96925E-001	2,97737E-001	2,98084E-001	2,97660E-001	2,96761E-001	2,88594E-001	2,69755E-001	2,50271E-001	2,39165E-001	2,38800E-001	2,52910E-001	2,57219E-001	2,51881E-001	2,50247E-001	2,50864E-001	2,61168E-001	2,70896E-001	2,73503E-001	2,74637E-001	2,74576E-001	2,71397E-001	2,74936E-001	2,85073E-001	2,96389E-001	2,96933E-001	2,97560E-001	2,98501E-001	2,99546E-001	3,00576E-001	3,01669E-001	3,02691E-001	3,03707E-001	3,05120E-001	3,06142E-001	3,07170E-001	3,08351E-001	3,09695E-001	3,10818E-001	3,11412E-001	3,11921E-001	3,12366E-001	3,12031E-001	3,10750E-001	3,08455E-001	3,05554E-001	3,02896E-001	3,00418E-001	2,98174E-001	2,96540E-001	2,79289E-001	2,89299E-001	2,96861E-001	2,97883E-001	2,99339E-001	3,00847E-001	3,02463E-001	3,03757E-001	3,04388E-001	3,04520E-001	3,04269E-001	3,03632E-001	3,02961E-001	3,02291E-001	3,01486E-001	3,00620E-001	2,99681E-001	2,99020E-001	2,98536E-001	
2,98149E-001	2,97851E-001	2,97465E-001	2,97066E-001	2,97105E-001	2,96708E-001	2,93676E-001	2,83556E-001	2,80431E-001	2,78549E-001	2,73208E-001	2,82642E-001	2,96842E-001	2,97700E-001	2,98068E-001	2,97697E-001	2,96799E-001	2,91396E-001	2,73498E-001	2,54807E-001	2,44035E-001	2,45182E-001	2,59353E-001	2,62826E-001	2,55978E-001	2,51706E-001	2,51340E-001	2,61146E-001	2,69578E-001	2,72105E-001	2,74381E-001	2,74442E-001	2,71058E-001	2,74690E-001	2,84993E-001	2,96389E-001	2,96929E-001	2,97566E-001	2,98541E-001	2,99578E-001	3,00577E-001	3,01660E-001	3,02666E-001	3,03702E-001	3,05055E-001	3,06074E-001	3,07091E-001	3,08279E-001	3,09648E-001	3,10769E-001	3,11396E-001	3,11920E-001	3,12354E-001	3,11962E-001	3,10670E-001	3,08356E-001	3,05500E-001	3,02826E-001	3,00352E-001	2,98113E-001	2,96489E-001	2,76316E-001	2,85706E-001	2,96751E-001	2,97807E-001	2,99329E-001	3,00847E-001	3,02452E-001	3,03768E-001	3,04392E-001	3,04484E-001	3,04234E-001	3,03615E-001	3,02951E-001	3,02283E-001	3,01487E-001	3,00633E-001	2,99694E-001	2,99002E-001	2,98524E-001	
2,98152E-001	2,97855E-001	2,97476E-001	2,97071E-001	2,97147E-001	2,96735E-001	2,94825E-001	2,85072E-001	2,80811E-001	2,78250E-001	2,72927E-001	2,84260E-001	2,96931E-001	2,97821E-001	2,98068E-001	2,97620E-001	2,96727E-001	2,90814E-001	2,72045E-001	2,55791E-001	2,49151E-001	2,55783E-001	2,67414E-001	2,66522E-001	2,57243E-001	2,52332E-001	2,54580E-001	2,66010E-001	2,68903E-001	2,73149E-001	2,76352E-001	2,72414E-001	2,72509E-001	2,79940E-001	2,90077E-001	2,96656E-001	2,97208E-001	2,98026E-001	2,99122E-001	3,00088E-001	3,01130E-001	3,02145E-001	3,03179E-001	3,04402E-001	3,05547E-001	3,06545E-001	3,07644E-001	3,09003E-001	3,10298E-001	3,11109E-001	3,11688E-001	3,12178E-001	3,12100E-001	3,11130E-001	3,09050E-001	3,06290E-001	3,03459E-001	3,00900E-001	2,98585E-001	2,96748E-001	2,78557E-001	2,78490E-001	2,96461E-001	2,97482E-001	2,99021E-001	3,00604E-001	3,02170E-001	3,03611E-001	3,04329E-001	3,04450E-001	3,04216E-001	3,03634E-001	3,02972E-001	3,02303E-001	3,01505E-001	3,00667E-001	2,99717E-001	2,98979E-001	2,98502E-001	
2,98172E-001	2,97875E-001	2,97511E-001	2,97137E-001	2,97213E-001	2,96806E-001	2,96391E-001	2,87969E-001	2,83228E-001	2,79174E-001	2,75205E-001	2,88734E-001	2,97114E-001	2,97959E-001	2,98109E-001	2,97539E-001	2,96708E-001	2,91892E-001	2,73594E-001	2,60303E-001	2,56106E-001	2,69061E-001	2,76503E-001	2,70726E-001	2,60963E-001	2,55841E-001	2,62665E-001	2,70836E-001	2,71064E-001	2,77141E-001	2,79278E-001	2,75145E-001	2,77826E-001	2,87317E-001	2,96446E-001	2,96967E-001	2,97597E-001	2,98613E-001	2,99635E-001	3,00577E-001	3,01630E-001	3,02598E-001	3,03689E-001	3,04911E-001	3,05920E-001	3,06933E-001	3,08200E-001	3,09582E-001	3,10619E-001	3,11239E-001	3,11797E-001	3,12006E-001	3,11244E-001	3,09546E-001	3,06938E-001	3,04127E-001	3,01482E-001	2,99125E-001	2,97129E-001	2,84291E-001	2,73892E-001	2,92628E-001	2,97206E-001	2,98679E-001	3,00340E-001	3,01827E-001	3,03353E-001	3,04199E-001	3,04354E-001	3,04129E-001	3,03580E-001	3,02923E-001	3,02265E-001	3,01480E-001	3,00666E-001	2,99722E-001	2,98952E-001	2,98484E-001	
2,98203E-001	2,97913E-001	2,97578E-001	2,97236E-001	2,97313E-001	2,96919E-001	2,96536E-001	2,92701E-001	2,87510E-001	2,82283E-001	2,80237E-001	2,96090E-001	2,97360E-001	2,98096E-001	2,98167E-001	2,97488E-001	2,96816E-001	2,95511E-001	2,77742E-001	2,67320E-001	2,67121E-001	2,82560E-001	2,85691E-001	2,76010E-001	2,65505E-001	2,63101E-001	2,71626E-001	2,75885E-001	2,79307E-001	2,85197E-001	2,82426E-001	2,81142E-001	2,87337E-001	2,96349E-001	2,96825E-001	2,97341E-001	2,98156E-001	2,99210E-001	3,00104E-001	3,01023E-001	3,02020E-001	3,03007E-001	3,04182E-001	3,05211E-001	3,06162E-001	3,07284E-001	3,08657E-001	3,09847E-001	3,10607E-001	3,11195E-001	3,11605E-001	3,11106E-001	3,09786E-001	3,07389E-001	3,04703E-001	3,02035E-001	2,99683E-001	2,97591E-001	2,91958E-001	2,73374E-001	2,88253E-001	2,96973E-001	2,98365E-001	3,00081E-001	3,01484E-001	3,03001E-001	3,04003E-001	3,04194E-001	3,03967E-001	3,03457E-001	3,02813E-001	3,02172E-001	3,01413E-001	3,00630E-001	2,99709E-001	2,98925E-001	2,98471E-001	
2,98224E-001	2,97951E-001	2,97625E-001	2,97341E-001	2,97395E-001	2,97012E-001	2,96652E-001	2,96386E-001	2,91841E-001	2,85344E-001	2,86763E-001	2,96753E-001	2,97768E-001	2,98282E-001	2,98165E-001	2,97320E-001	2,96827E-001	2,93757E-001	2,79264E-001	2,74192E-001	2,86465E-001	2,94964E-001	2,89751E-001	2,76400E-001	2,68533E-001	2,75786E-001	2,81691E-001	2,82429E-001	2,90447E-001	2,90459E-001	2,87295E-001	2,92184E-001	2,96483E-001	2,96929E-001	2,97418E-001	2,98214E-001	2,99250E-001	3,00116E-001	3,00979E-001	3,01959E-001	3,02947E-001	3,04040E-001	3,05039E-001	3,05968E-001	3,07146E-001	3,08525E-001	3,09602E-001	3,10323E-001	3,10912E-001	3,11080E-001	3,10274E-001	3,08536E-001	3,06031E-001	3,03343E-001	3,00808E-001	2,98593E-001	2,96800E-001	2,81566E-001	2,79440E-001	2,96565E-001	2,97731E-001	2,99489E-001	3,00935E-001	3,02447E-001	3,03659E-001	3,04007E-001	3,03793E-001	3,03402E-001	3,02748E-001	3,02098E-001	3,01388E-001	3,00608E-001	2,99712E-001	2,98898E-001	2,98458E-001	
2,98234E-001	2,97977E-001	2,97646E-001	2,97453E-001	2,97458E-001	2,97101E-001	2,96769E-001	2,96485E-001	2,95611E-001	2,88977E-001	2,96408E-001	2,97322E-001	2,98245E-001	2,98411E-001	2,97807E-001	2,97199E-001	2,96704E-001	2,90733E-001	2,84078E-001	2,92915E-001	2,96603E-001	2,96456E-001	2,85328E-001	2,75353E-001	2,83048E-001	2,87673E-001	2,89286E-001	2,96418E-001	2,96205E-001	2,95033E-001	2,96507E-001	2,96806E-001	2,97244E-001	2,97788E-001	2,98778E-001	2,99718E-001	3,00531E-001	3,01454E-001	3,02372E-001	3,03475E-001	3,04446E-001	3,05373E-001	3,06460E-001	3,07834E-001	3,09004E-001	3,09804E-001	3,10429E-001	3,10591E-001	3,09758E-001	3,07952E-001	3,05459E-001	3,02763E-001	3,00271E-001	2,98127E-001	2,96537E-001	2,77745E-001	2,87032E-001	2,96975E-001	2,98465E-001	3,00215E-001	3,01590E-001	3,03052E-001	3,03762E-001	3,03670E-001	3,03327E-001	3,02734E-001	3,02064E-001	3,01396E-001	3,00606E-001	2,99739E-001	2,98869E-001	2,98436E-001	
2,98259E-001	2,98012E-001	2,97691E-001	2,97595E-001	2,97553E-001	2,97238E-001	2,96914E-001	2,96646E-001	2,96458E-001	2,96393E-001	2,96963E-001	2,98042E-001	2,98548E-001	2,98365E-001	2,97593E-001	2,97172E-001	2,96602E-001	2,95546E-001	2,96476E-001	2,96930E-001	2,96828E-001	2,96350E-001	2,83959E-001	2,92037E-001	2,94801E-001	2,96393E-001	2,96722E-001	2,96622E-001	2,96616E-001	2,96844E-001	2,97171E-001	2,97592E-001	2,98310E-001	2,99307E-001	3,00127E-001	3,00889E-001	3,01806E-001	3,02856E-001	3,03766E-001	3,04702E-001	3,05681E-001	3,07028E-001	3,08264E-001	3,09143E-001	3,09792E-001	3,09952E-001	3,09106E-001	3,07263E-001	3,04821E-001	3,02128E-001	2,99746E-001	2,97715E-001	2,96379E-001	2,79016E-001	2,96391E-001	2,97535E-001	2,99319E-001	3,00820E-001	3,02256E-001	3,03419E-001	3,03490E-001	3,03184E-001	3,02664E-001	3,02008E-001	3,01356E-001	3,00590E-001	2,99765E-001	2,98842E-001	2,98418E-001	
2,98298E-001	2,98070E-001	2,97765E-001	2,97756E-001	2,97683E-001	2,97414E-001	2,97103E-001	2,96884E-001	2,96673E-001	2,96820E-001	2,97626E-001	2,98531E-001	2,98731E-001	2,98096E-001	2,97594E-001	2,97057E-001	2,96721E-001	2,96765E-001	2,97273E-001	2,97227E-001	2,96754E-001	2,94487E-001	2,96570E-001	2,96588E-001	2,96737E-001	2,97071E-001	2,96948E-001	2,97010E-001	2,97207E-001	2,97563E-001	2,98001E-001	2,98905E-001	2,99767E-001	3,00450E-001	3,01296E-001	3,02181E-001	3,03068E-001	3,03988E-001	3,04868E-001	3,06118E-001	3,07408E-001	3,08353E-001	3,09021E-001	3,09180E-001	3,08329E-001	3,06479E-001	3,04137E-001	3,01500E-001	2,99269E-001	2,97398E-001	2,94769E-001	2,86517E-001	2,96847E-001	2,98296E-001	3,00066E-001	3,01380E-001	3,02745E-001	3,03245E-001	3,02938E-001	3,02574E-001	3,01914E-001	3,01271E-001	3,00545E-001	2,99779E-001	2,98874E-001	2,98406E-001	
2,98328E-001	2,98118E-001	2,97892E-001	2,97914E-001	2,97822E-001	2,97585E-001	2,97262E-001	2,97027E-001	2,96948E-001	2,97459E-001	2,98510E-001	2,98899E-001	2,98478E-001	2,97911E-001	2,97401E-001	2,97078E-001	2,97192E-001	2,97647E-001	2,97525E-001	2,96918E-001	2,96710E-001	2,96942E-001	2,96931E-001	2,97288E-001	2,97348E-001	2,97286E-001	2,97439E-001	2,97735E-001	2,98110E-001	2,98948E-001	2,99787E-001	3,00405E-001	3,01204E-001	3,02117E-001	3,02892E-001	3,03772E-001	3,04748E-001	3,06079E-001	3,07187E-001	3,08039E-001	3,08517E-001	3,07987E-001	3,06440E-001	3,04157E-001	3,01622E-001	2,99347E-001	2,97506E-001	2,96407E-001	2,92033E-001	2,97151E-001	2,98824E-001	3,00454E-001	3,01734E-001	3,02881E-001	3,02832E-001	3,02454E-001	3,01889E-001	3,01221E-001	3,00557E-001	2,99804E-001	2,98917E-001	2,98389E-001	
2,98365E-001	2,98203E-001	2,98057E-001	2,98109E-001	2,98010E-001	2,97766E-001	2,97452E-001	2,97285E-001	2,97484E-001	2,98346E-001	2,99000E-001	2,98851E-001	2,98251E-001	2,97767E-001	2,97456E-001	2,97656E-001	2,98034E-001	2,97805E-001	2,97105E-001	2,97190E-001	2,97224E-001	2,97381E-001	2,97730E-001	2,97653E-001	2,97735E-001	2,97941E-001	2,98252E-001	2,99007E-001	2,99806E-001	3,00360E-001	3,01100E-001	3,02015E-001	3,02672E-001	3,03509E-001	3,04605E-001	3,05878E-001	3,06913E-001	3,07612E-001	3,07453E-001	3,06200E-001	3,04125E-001	3,01715E-001	2,99439E-001	2,97655E-001	2,96569E-001	2,96447E-001	2,97553E-001	2,99331E-001	3,00784E-001	3,02049E-001	3,02650E-001	3,02257E-001	3,01857E-001	3,01179E-001	3,00544E-001	2,99811E-001	2,98968E-001	2,98390E-001	
2,98424E-001	2,98301E-001	2,98250E-001	2,98337E-001	2,98244E-001	2,97926E-001	2,97648E-001	2,97633E-001	2,98171E-001	2,99037E-001	2,99105E-001	2,98616E-001	2,98146E-001	2,97845E-001	2,98120E-001	2,98386E-001	2,98056E-001	2,97432E-001	2,97631E-001	2,97609E-001	2,97975E-001	2,98060E-001	2,98062E-001	2,98183E-001	2,98424E-001	2,99082E-001	2,99820E-001	3,00306E-001	3,00980E-001	3,01792E-001	3,02412E-001	3,03251E-001	3,04431E-001	3,05572E-001	3,06516E-001	3,06730E-001	3,05833E-001	3,03982E-001	3,01801E-001	2,99536E-001	2,97832E-001	2,96782E-001	2,96746E-001	2,98049E-001	2,99792E-001	3,01057E-001	3,02174E-001	3,02106E-001	3,01717E-001	3,01140E-001	3,00501E-001	2,99825E-001	2,99039E-001	2,98427E-001	
2,98494E-001	2,98384E-001	2,98422E-001	2,98566E-001	2,98423E-001	2,98040E-001	2,97928E-001	2,98229E-001	2,99092E-001	2,99275E-001	2,98857E-001	2,98386E-001	2,98206E-001	2,98643E-001	2,98634E-001	2,97968E-001	2,97908E-001	2,97892E-001	2,98216E-001	2,98383E-001	2,98391E-001	2,98504E-001	2,98758E-001	2,99514E-001	3,00077E-001	3,00506E-001	3,01335E-001	3,01828E-001	3,02646E-001	3,03792E-001	3,04939E-001	3,05878E-001	3,05728E-001	3,04376E-001	3,02480E-001	3,00182E-001	2,98368E-001	2,97129E-001	2,96874E-001	2,98220E-001	2,99957E-001	3,01148E-001	3,01986E-001	3,01627E-001	3,01187E-001	3,00521E-001	2,99886E-001	2,99149E-001	2,98471E-001	
2,98591E-001	2,98578E-001	2,98628E-001	2,98805E-001	2,98536E-001	2,98225E-001	2,98367E-001	2,99053E-001	2,99401E-001	2,99095E-001	2,98678E-001	2,98781E-001	2,99049E-001	2,98673E-001	2,98195E-001	2,98167E-001	2,98449E-001	2,98701E-001	2,98689E-001	2,98777E-001	2,99199E-001	2,99852E-001	3,00210E-001	3,00854E-001	3,01343E-001	3,02047E-001	3,03134E-001	3,04309E-001	3,05116E-001	3,04553E-001	3,02952E-001	3,00936E-001	2,98896E-001	2,97579E-001	2,97075E-001	2,98432E-001	3,00117E-001	3,01220E-001	3,01608E-001	3,01107E-001	3,00573E-001	2,99947E-001	2,99255E-001	2,98542E-001	
2,98714E-001	2,98815E-001	2,98911E-001	2,99006E-001	2,98580E-001	2,98588E-001	2,99020E-001	2,99480E-001	2,99282E-001	2,98994E-001	2,99297E-001	2,99290E-001	2,98671E-001	2,98447E-001	2,98662E-001	2,98991E-001	2,98986E-001	2,99047E-001	2,99595E-001	3,00024E-001	3,00366E-001	3,00893E-001	3,01468E-001	3,02484E-001	3,03713E-001	3,04197E-001	3,03128E-001	3,01508E-001	2,99494E-001	2,98079E-001	2,97403E-001	2,98648E-001	3,00263E-001	3,01151E-001	3,01093E-001	3,00632E-001	3,00004E-001	2,99368E-001	2,98716E-001	
2,98845E-001	2,99029E-001	2,99271E-001	2,98990E-001	2,98807E-001	2,99065E-001	2,99599E-001	2,99382E-001	2,99550E-001	2,99619E-001	2,99070E-001	2,98665E-001	2,98919E-001	2,99246E-001	2,99204E-001	2,99625E-001	2,99999E-001	3,00352E-001	3,00707E-001	3,01545E-001	3,02728E-001	3,03455E-001	3,02321E-001	3,00704E-001	2,98905E-001	2,97805E-001	2,98482E-001	3,00177E-001	3,00915E-001	3,00698E-001	3,00165E-001	2,99528E-001	2,98901E-001	
2,99019E-001	2,99294E-001	2,99426E-001	2,99015E-001	2,99114E-001	2,99711E-001	2,99711E-001	2,99950E-001	2,99441E-001	2,98851E-001	2,99170E-001	2,99404E-001	2,99662E-001	2,99983E-001	3,00204E-001	3,00636E-001	3,01724E-001	3,02700E-001	3,01553E-001	2,99960E-001	2,98493E-001	2,98383E-001	3,00085E-001	3,00637E-001	3,00307E-001	2,99706E-001	2,99141E-001	
2,99279E-001	2,99594E-001	2,99333E-001	2,99112E-001	2,99850E-001	3,00296E-001	2,99787E-001	2,99022E-001	2,99426E-001	2,99706E-001	2,99948E-001	3,00058E-001	3,00831E-001	3,01868E-001	3,00784E-001	2,99414E-001	2,98652E-001	2,99963E-001	3,00376E-001	2,99963E-001	2,99384E-001	
2,99569E-001	2,99608E-001	2,99194E-001	3,00401E-001	3,00095E-001	2,99151E-001	2,99726E-001	2,99960E-001	3,00152E-001	3,00965E-001	3,00118E-001	2,99230E-001	2,99677E-001	3,00129E-001	2,99657E-001	
2,99770E-001	2,99507E-001	3,00337E-001	2,99434E-001	2,99891E-001	3,00176E-001	2,99814E-001	2,99627E-001	2,99966E-001	
0,00000E000	0,00000E000	0,00000E000	
