40 80
2,99996E-001	3,00345E-001	3,00193E-001	
2,99954E-001	2,99743E-001	2,99966E-001	3,00231E-001	3,00675E-001	3,00553E-001	3,00773E-001	3,00157E-001	2,99738E-001	
2,99294E-001	2,99930E-001	3,00212E-001	2,99261E-001	2,99226E-001	3,00440E-001	3,00385E-001	3,00420E-001	3,01161E-001	3,01025E-001	3,00729E-001	3,01133E-001	2,99998E-001	2,99669E-001	2,99729E-001	
2,99121E-001	2,99006E-001	3,00207E-001	3,00476E-001	2,99381E-001	2,98180E-001	2,98930E-001	3,00501E-001	3,00479E-001	3,00116E-001	3,00212E-001	3,01148E-001	3,01768E-001	3,01578E-001	3,01379E-001	3,01133E-001	3,00656E-001	2,99923E-001	2,99884E-001	2,99855E-001	2,99515E-001	
2,98911E-001	2,98616E-001	2,99044E-001	3,00459E-001	3,00625E-001	2,99610E-001	2,98215E-001	2,97487E-001	2,98968E-001	3,00439E-001	3,00506E-001	3,00153E-001	2,99902E-001	3,00074E-001	3,01056E-001	3,01998E-001	3,02265E-001	3,02368E-001	3,02179E-001	3,01368E-001	3,00692E-001	3,00346E-001	2,99942E-001	3,00160E-001	3,00339E-001	2,99629E-001	2,99337E-001	
2,98676E-001	2,98489E-001	2,98403E-001	2,99110E-001	3,00548E-001	3,00714E-001	2,99814E-001	2,98385E-001	2,97369E-001	2,97149E-001	2,98913E-001	3,00204E-001	3,00423E-001	3,00043E-001	2,99800E-001	2,99694E-001	3,00003E-001	3,00974E-001	3,01896E-001	3,02804E-001	3,02907E-001	3,03179E-001	3,03125E-001	3,02085E-001	3,00504E-001	3,00272E-001	3,00129E-001	3,00060E-001	3,00454E-001	3,00733E-001	3,00199E-001	2,99470E-001	2,99180E-001	
2,98530E-001	2,98410E-001	2,98099E-001	2,98411E-001	2,99208E-001	3,00507E-001	3,00717E-001	2,99936E-001	2,98654E-001	2,97389E-001	2,96727E-001	2,97100E-001	2,98759E-001	2,99856E-001	3,00273E-001	2,99849E-001	2,99632E-001	2,99553E-001	2,99519E-001	2,99972E-001	3,00873E-001	3,01835E-001	3,02931E-001	3,03479E-001	3,03727E-001	3,04059E-001	3,04134E-001	3,02896E-001	3,00927E-001	2,99931E-001	2,99978E-001	2,99960E-001	3,00205E-001	3,00686E-001	3,01105E-001	3,00807E-001	3,00014E-001	2,99347E-001	2,99052E-001	
2,98374E-001	2,98235E-001	2,97973E-001	2,97935E-001	2,98440E-001	2,99336E-001	3,00422E-001	3,00621E-001	2,99820E-001	2,98532E-001	2,97198E-001	2,96489E-001	2,84538E-001	2,97580E-001	2,98907E-001	2,99707E-001	2,99974E-001	2,99525E-001	2,99322E-001	2,99271E-001	2,99316E-001	2,99442E-001	3,00453E-001	3,01340E-001	3,02339E-001	3,03479E-001	3,04142E-001	3,04534E-001	3,04903E-001	3,05221E-001	3,04323E-001	3,02310E-001	3,00368E-001	2,99521E-001	2,99717E-001	2,99848E-001	3,00181E-001	3,00908E-001	3,01465E-001	3,01429E-001	3,00717E-001	2,99879E-001	2,99245E-001	2,98922E-001	
2,98248E-001	2,98033E-001	2,97889E-001	2,97681E-001	2,97834E-001	2,98464E-001	2,99388E-001	3,00310E-001	3,00468E-001	2,99657E-001	2,98414E-001	2,97096E-001	2,85196E-001	2,59952E-001	2,96560E-001	2,97856E-001	2,98803E-001	2,99562E-001	2,99542E-001	2,99192E-001	2,98981E-001	2,98951E-001	2,99051E-001	2,99158E-001	2,99948E-001	3,00922E-001	3,01840E-001	3,02936E-001	3,04029E-001	3,04778E-001	3,05314E-001	3,05756E-001	3,06206E-001	3,05833E-001	3,03915E-001	3,01583E-001	2,99766E-001	2,99130E-001	2,99453E-001	2,99735E-001	3,00112E-001	3,01145E-001	3,01689E-001	3,01998E-001	3,01443E-001	3,00653E-001	2,99765E-001	2,99166E-001	2,98809E-001	
2,98174E-001	2,97904E-001	2,97828E-001	2,97552E-001	2,97458E-001	2,97854E-001	2,98453E-001	2,99319E-001	3,00161E-001	3,00300E-001	2,99483E-001	2,98306E-001	2,97034E-001	2,75579E-001	2,43183E-001	2,56823E-001	2,96872E-001	2,97944E-001	2,98563E-001	2,99337E-001	2,99100E-001	2,98835E-001	2,98624E-001	2,98610E-001	2,98750E-001	2,98919E-001	2,99360E-001	3,00441E-001	3,01345E-001	3,02348E-001	3,03553E-001	3,04562E-001	3,05385E-001	3,06058E-001	3,06513E-001	3,06988E-001	3,07060E-001	3,05540E-001	3,03112E-001	3,00884E-001	2,99189E-001	2,98776E-001	2,99188E-001	2,99586E-001	2,99997E-001	3,01294E-001	3,01929E-001	3,02450E-001	3,02144E-001	3,01415E-001	3,00582E-001	2,99672E-001	2,99108E-001	2,98720E-001	
2,98087E-001	2,97801E-001	2,97729E-001	2,97416E-001	2,97224E-001	2,97344E-001	2,97860E-001	2,98448E-001	2,99347E-001	3,00087E-001	3,00035E-001	2,99114E-001	2,97853E-001	2,96719E-001	2,52108E-001	2,23170E-001	2,34084E-001	2,89483E-001	2,97342E-001	2,97952E-001	2,98653E-001	2,98949E-001	2,98519E-001	2,98371E-001	2,98196E-001	2,98313E-001	2,98515E-001	2,98742E-001	2,99326E-001	3,00457E-001	3,01400E-001	3,02372E-001	3,03628E-001	3,04706E-001	3,05715E-001	3,06592E-001	3,07220E-001	3,07686E-001	3,08196E-001	3,07677E-001	3,05679E-001	3,03028E-001	3,00711E-001	2,98945E-001	2,98364E-001	2,98828E-001	2,99327E-001	2,99750E-001	3,01083E-001	3,02064E-001	3,02631E-001	3,02874E-001	3,02202E-001	3,01437E-001	3,00574E-001	2,99620E-001	2,99055E-001	2,98642E-001	
2,98033E-001	2,97742E-001	2,97577E-001	2,97330E-001	2,97127E-001	2,96988E-001	2,97372E-001	2,97767E-001	2,98370E-001	2,99378E-001	2,99965E-001	2,99744E-001	2,98729E-001	2,97481E-001	2,96466E-001	2,33834E-001	2,09341E-001	2,18151E-001	2,62206E-001	2,96793E-001	2,97423E-001	2,97914E-001	2,98585E-001	2,98337E-001	2,98074E-001	2,97872E-001	2,97841E-001	2,98035E-001	2,98323E-001	2,98605E-001	2,99321E-001	3,00468E-001	3,01419E-001	3,02362E-001	3,03645E-001	3,04789E-001	3,05862E-001	3,06876E-001	3,07734E-001	3,08231E-001	3,08770E-001	3,09137E-001	3,08035E-001	3,05575E-001	3,02912E-001	3,00525E-001	2,98711E-001	2,97970E-001	2,98436E-001	2,99010E-001	2,99579E-001	3,00709E-001	3,02123E-001	3,02800E-001	3,03313E-001	3,03009E-001	3,02219E-001	3,01423E-001	3,00556E-001	2,99574E-001	2,99019E-001	2,98580E-001	
2,98018E-001	2,97731E-001	2,97472E-001	2,97290E-001	2,97099E-001	2,96784E-001	2,96933E-001	2,97326E-001	2,97683E-001	2,98391E-001	2,99370E-001	2,99808E-001	2,99367E-001	2,98403E-001	2,97167E-001	2,82902E-001	2,22057E-001	2,01545E-001	2,08557E-001	2,46689E-001	2,85443E-001	2,96971E-001	2,97293E-001	2,97990E-001	2,98113E-001	2,97769E-001	2,97645E-001	2,97469E-001	2,97578E-001	2,97797E-001	2,98156E-001	2,98498E-001	2,99330E-001	3,00459E-001	3,01433E-001	3,02330E-001	3,03609E-001	3,04818E-001	3,05879E-001	3,06977E-001	3,08065E-001	3,08730E-001	3,09229E-001	3,09778E-001	3,09658E-001	3,08141E-001	3,05359E-001	3,02757E-001	3,00336E-001	2,98495E-001	2,97633E-001	2,98070E-001	2,98661E-001	2,99363E-001	3,00298E-001	3,01907E-001	3,02879E-001	3,03433E-001	3,03669E-001	3,02995E-001	3,02238E-001	3,01399E-001	3,00518E-001	2,99532E-001	2,98997E-001	2,98537E-001	
2,98001E-001	2,97690E-001	2,97365E-001	2,97259E-001	2,97048E-001	2,96686E-001	2,96620E-001	2,96958E-001	2,97177E-001	2,97603E-001	2,98622E-001	2,99423E-001	2,99667E-001	2,98823E-001	2,97788E-001	2,96730E-001	2,56394E-001	2,02563E-001	1,90979E-001	2,11799E-001	2,40581E-001	2,70457E-001	2,96653E-001	2,96910E-001	2,97565E-001	2,97732E-001	2,97440E-001	2,97294E-001	2,97119E-001	2,97181E-001	2,97424E-001	2,97785E-001	2,98152E-001	2,98816E-001	2,99842E-001	3,00989E-001	3,01941E-001	3,02938E-001	3,04369E-001	3,05440E-001	3,06556E-001	3,07745E-001	3,08881E-001	3,09512E-001	3,10062E-001	3,10602E-001	3,10430E-001	3,08849E-001	3,06044E-001	3,03285E-001	3,00777E-001	2,98686E-001	2,97392E-001	2,97577E-001	2,98168E-001	2,98906E-001	2,99791E-001	3,01273E-001	3,02758E-001	3,03479E-001	3,03992E-001	3,03836E-001	3,03062E-001	3,02307E-001	3,01436E-001	3,00521E-001	2,99518E-001	2,98967E-001	2,98492E-001	
2,97990E-001	2,97681E-001	2,97342E-001	2,97254E-001	2,97040E-001	2,96669E-001	2,95621E-001	2,96626E-001	2,96832E-001	2,97046E-001	2,97786E-001	2,98856E-001	2,99433E-001	2,99229E-001	2,98325E-001	2,97262E-001	2,90628E-001	2,30195E-001	1,92443E-001	1,85268E-001	2,19809E-001	2,38819E-001	2,58506E-001	2,90598E-001	2,96583E-001	2,97190E-001	2,97369E-001	2,97159E-001	2,96992E-001	2,96815E-001	2,96841E-001	2,97095E-001	2,97420E-001	2,97832E-001	2,98371E-001	2,99339E-001	3,00447E-001	3,01477E-001	3,02446E-001	3,03592E-001	3,04982E-001	3,06017E-001	3,07181E-001	3,08425E-001	3,09574E-001	3,10167E-001	3,10750E-001	3,11279E-001	3,11054E-001	3,09428E-001	3,06636E-001	3,03801E-001	3,01262E-001	2,98961E-001	2,97451E-001	2,97114E-001	2,97665E-001	2,98393E-001	2,99310E-001	3,00537E-001	3,02204E-001	3,03450E-001	3,04045E-001	3,04362E-001	3,03865E-001	3,03089E-001	3,02328E-001	3,01445E-001	3,00508E-001	2,99503E-001	2,98943E-001	2,98464E-001	
2,98001E-001	2,97707E-001	2,97359E-001	2,97209E-001	2,97068E-001	2,96714E-001	2,88818E-001	2,92976E-001	2,96609E-001	2,96714E-001	2,97068E-001	2,98094E-001	2,99000E-001	2,99391E-001	2,98784E-001	2,97836E-001	2,96863E-001	2,72552E-001	2,15938E-001	1,92392E-001	1,91950E-001	2,30504E-001	2,39549E-001	2,50401E-001	2,72523E-001	2,86184E-001	2,96880E-001	2,97068E-001	2,96906E-001	2,96758E-001	2,96574E-001	2,96574E-001	2,96805E-001	2,97108E-001	2,97538E-001	2,98001E-001	2,98856E-001	2,99861E-001	3,01006E-001	3,01946E-001	3,02882E-001	3,04276E-001	3,05449E-001	3,06513E-001	3,07698E-001	3,08994E-001	3,10118E-001	3,10694E-001	3,11274E-001	3,11786E-001	3,11502E-001	3,09883E-001	3,07177E-001	3,04259E-001	3,01727E-001	2,99340E-001	2,97594E-001	2,96792E-001	2,97208E-001	2,97913E-001	2,98783E-001	2,99934E-001	3,01467E-001	3,03056E-001	3,03932E-001	3,04454E-001	3,04470E-001	3,03831E-001	3,03061E-001	3,02301E-001	3,01420E-001	3,00479E-001	2,99486E-001	2,98926E-001	2,98451E-001	
2,98000E-001	2,97728E-001	2,97360E-001	2,97161E-001	2,97081E-001	2,96730E-001	2,86773E-001	2,79531E-001	2,92817E-001	2,96426E-001	2,96634E-001	2,97462E-001	2,98543E-001	2,99205E-001	2,99009E-001	2,98164E-001	2,97201E-001	2,95874E-001	2,41062E-001	1,97583E-001	1,94017E-001	2,17016E-001	2,41631E-001	2,35162E-001	2,50916E-001	2,55524E-001	2,82944E-001	2,96712E-001	2,96724E-001	2,96612E-001	2,96490E-001	2,85435E-001	2,89543E-001	2,96644E-001	2,96984E-001	2,97431E-001	2,97942E-001	2,98884E-001	2,99877E-001	3,01012E-001	3,01959E-001	3,02915E-001	3,04250E-001	3,05469E-001	3,06518E-001	3,07697E-001	3,09044E-001	3,10306E-001	3,10967E-001	3,11571E-001	3,12166E-001	3,12153E-001	3,10945E-001	3,08618E-001	3,05520E-001	3,02860E-001	3,00337E-001	2,98208E-001	2,96866E-001	2,96670E-001	2,97262E-001	2,98061E-001	2,99130E-001	3,00488E-001	3,02121E-001	3,03599E-001	3,04309E-001	3,04698E-001	3,04592E-001	3,03854E-001	3,03078E-001	3,02319E-001	3,01432E-001	3,00485E-001	2,99489E-001	2,98905E-001	2,98431E-001	
2,97987E-001	2,97727E-001	2,97346E-001	2,97106E-001	2,97082E-001	2,96722E-001	2,84181E-001	2,71471E-001	2,79177E-001	2,81533E-001	2,86115E-001	2,97046E-001	2,98215E-001	2,98967E-001	2,99053E-001	2,98279E-001	2,97342E-001	2,96598E-001	2,54742E-001	2,08455E-001	1,98044E-001	2,12797E-001	2,43604E-001	2,39014E-001	2,35149E-001	2,41079E-001	2,51949E-001	2,89043E-001	2,96497E-001	2,94960E-001	2,86694E-001	2,71019E-001	2,69638E-001	2,87866E-001	2,96644E-001	2,97107E-001	2,97601E-001	2,98379E-001	2,99383E-001	3,00431E-001	3,01485E-001	3,02487E-001	3,03499E-001	3,05018E-001	3,06052E-001	3,07172E-001	3,08474E-001	3,09880E-001	3,10993E-001	3,11606E-001	3,12224E-001	3,12707E-001	3,12277E-001	3,10607E-001	3,07878E-001	3,04793E-001	3,02147E-001	2,99655E-001	2,97668E-001	2,96488E-001	2,96537E-001	2,97197E-001	2,98085E-001	2,99329E-001	3,00815E-001	3,02485E-001	3,03926E-001	3,04594E-001	3,04908E-001	3,04685E-001	3,03931E-001	3,03144E-001	3,02377E-001	3,01478E-001	3,00520E-001	2,99507E-001	2,98879E-001	2,98404E-001	
2,97993E-001	2,97742E-001	2,97371E-001	2,97090E-001	2,97124E-001	2,96763E-001	2,86476E-001	2,68793E-001	2,71821E-001	2,73100E-001	2,69831E-001	2,96699E-001	2,97913E-001	2,98735E-001	2,99031E-001	2,98429E-001	2,97484E-001	2,96796E-001	2,75551E-001	2,25457E-001	2,06051E-001	2,15327E-001	2,52029E-001	2,51805E-001	2,33886E-001	2,35679E-001	2,33299E-001	2,64934E-001	2,84629E-001	2,85783E-001	2,81915E-001	2,66760E-001	2,57050E-001	2,68862E-001	2,92147E-001	2,96806E-001	2,97271E-001	2,97903E-001	2,98945E-001	2,99914E-001	3,01016E-001	3,01984E-001	3,02979E-001	3,04260E-001	3,05511E-001	3,06556E-001	3,07744E-001	3,09174E-001	3,10549E-001	3,11419E-001	3,12074E-001	3,12729E-001	3,12867E-001	3,12010E-001	3,09962E-001	3,06970E-001	3,04045E-001	3,01417E-001	2,98986E-001	2,97190E-001	2,76604E-001	2,96467E-001	2,97205E-001	2,98178E-001	2,99582E-001	3,01130E-001	3,02802E-001	3,04184E-001	3,04810E-001	3,05009E-001	3,04698E-001	3,03935E-001	3,03149E-001	3,02384E-001	3,01486E-001	3,00532E-001	2,99518E-001	2,98860E-001	2,98388E-001	
2,98021E-001	2,97780E-001	2,97432E-001	2,97110E-001	2,97203E-001	2,96850E-001	2,94106E-001	2,71465E-001	2,70976E-001	2,70709E-001	2,61831E-001	2,95910E-001	2,97571E-001	2,98537E-001	2,98993E-001	2,98598E-001	2,97681E-001	2,97035E-001	2,95877E-001	2,46563E-001	2,20050E-001	2,21645E-001	2,62126E-001	2,70042E-001	2,47254E-001	2,34826E-001	2,28888E-001	2,52091E-001	2,74313E-001	2,76478E-001	2,75043E-001	2,70239E-001	2,55100E-001	2,58580E-001	2,80154E-001	2,96587E-001	2,97048E-001	2,97588E-001	2,98467E-001	2,99457E-001	3,00430E-001	3,01475E-001	3,02450E-001	3,03431E-001	3,04881E-001	3,05915E-001	3,06984E-001	3,08254E-001	3,09736E-001	3,10999E-001	3,11699E-001	3,12336E-001	3,12937E-001	3,12693E-001	3,11421E-001	3,09037E-001	3,05994E-001	3,03242E-001	3,00701E-001	2,98415E-001	2,96778E-001	2,64356E-001	2,96472E-001	2,97283E-001	2,98348E-001	2,99862E-001	3,01408E-001	3,03063E-001	3,04362E-001	3,04938E-001	3,04982E-001	3,04630E-001	3,03869E-001	3,03093E-001	3,02340E-001	3,01456E-001	3,00520E-001	2,99519E-001	2,98845E-001	2,98383E-001	
2,98038E-001	2,97802E-001	2,97470E-001	2,97121E-001	2,97266E-001	2,96912E-001	2,96495E-001	2,75643E-001	2,71479E-001	2,70147E-001	2,57661E-001	2,89161E-001	2,97473E-001	2,98491E-001	2,98969E-001	2,98631E-001	2,97714E-001	2,97129E-001	2,96574E-001	2,58957E-001	2,33247E-001	2,39189E-001	2,79799E-001	2,85333E-001	2,58152E-001	2,38030E-001	2,29386E-001	2,51305E-001	2,69910E-001	2,72092E-001	2,74278E-001	2,69962E-001	2,54280E-001	2,58078E-001	2,80172E-001	2,96589E-001	2,97048E-001	2,97598E-001	2,98516E-001	2,99497E-001	3,00434E-001	3,01469E-001	3,02426E-001	3,03430E-001	3,04812E-001	3,05844E-001	3,06900E-001	3,08179E-001	3,09690E-001	3,10952E-001	3,11690E-001	3,12344E-001	3,12933E-001	3,12627E-001	3,11342E-001	3,08935E-001	3,05942E-001	3,03171E-001	3,00632E-001	2,98352E-001	2,96724E-001	2,55832E-001	2,87607E-001	2,97165E-001	2,98269E-001	2,99857E-001	3,01415E-001	3,03058E-001	3,04380E-001	3,04946E-001	3,04944E-001	3,04591E-001	3,03850E-001	3,03081E-001	3,02330E-001	3,01454E-001	3,00533E-001	2,99532E-001	2,98823E-001	2,98368E-001	
2,98043E-001	2,97808E-001	2,97485E-001	2,97132E-001	2,97317E-001	2,96948E-001	2,96543E-001	2,80544E-001	2,72890E-001	2,69431E-001	2,56898E-001	2,94044E-001	2,97575E-001	2,98629E-001	2,98974E-001	2,98551E-001	2,97643E-001	2,97118E-001	2,96530E-001	2,62340E-001	2,48038E-001	2,68956E-001	2,96511E-001	2,92821E-001	2,58206E-001	2,36139E-001	2,35485E-001	2,62546E-001	2,65160E-001	2,73007E-001	2,78298E-001	2,61714E-001	2,55878E-001	2,70326E-001	2,91143E-001	2,96827E-001	2,97290E-001	2,98036E-001	2,99085E-001	2,99984E-001	3,00968E-001	3,01929E-001	3,02923E-001	3,04147E-001	3,05308E-001	3,06331E-001	3,07497E-001	3,08985E-001	3,10432E-001	3,11365E-001	3,12071E-001	3,12710E-001	3,12747E-001	3,11815E-001	3,09664E-001	3,06774E-001	3,03824E-001	3,01189E-001	2,98827E-001	2,96975E-001	2,60912E-001	2,65946E-001	2,96855E-001	2,97928E-001	2,99541E-001	3,01173E-001	3,02771E-001	3,04230E-001	3,04895E-001	3,04919E-001	3,04579E-001	3,03876E-001	3,03108E-001	3,02353E-001	3,01475E-001	3,00569E-001	2,99556E-001	2,98796E-001	2,98342E-001	
2,98070E-001	2,97836E-001	2,97527E-001	2,97210E-001	2,97394E-001	2,97028E-001	2,96648E-001	2,89017E-001	2,79751E-001	2,71634E-001	2,63010E-001	2,96581E-001	2,97770E-001	2,98774E-001	2,99012E-001	2,98453E-001	2,97615E-001	2,97153E-001	2,96581E-001	2,74621E-001	2,66262E-001	2,96560E-001	2,96792E-001	2,96503E-001	2,64271E-001	2,41731E-001	2,55012E-001	2,72826E-001	2,68162E-001	2,81952E-001	2,84219E-001	2,66685E-001	2,68001E-001	2,87981E-001	2,96667E-001	2,97106E-001	2,97651E-001	2,98615E-001	2,99581E-001	3,00455E-001	3,01456E-001	3,02370E-001	3,03438E-001	3,04675E-001	3,05700E-001	3,06758E-001	3,08131E-001	3,09664E-001	3,10839E-001	3,11578E-001	3,12283E-001	3,12630E-001	3,11919E-001	3,10186E-001	3,07460E-001	3,04523E-001	3,01786E-001	2,99376E-001	2,97353E-001	2,75595E-001	2,51178E-001	2,96594E-001	2,97634E-001	2,99179E-001	3,00905E-001	3,02418E-001	3,03970E-001	3,04777E-001	3,04834E-001	3,04499E-001	3,03830E-001	3,03065E-001	3,02322E-001	3,01456E-001	3,00577E-001	2,99569E-001	2,98772E-001	2,98327E-001	
2,98115E-001	2,97886E-001	2,97609E-001	2,97323E-001	2,97506E-001	2,97153E-001	2,96804E-001	2,96528E-001	2,91542E-001	2,79662E-001	2,76598E-001	2,96837E-001	2,98026E-001	2,98908E-001	2,99056E-001	2,98375E-001	2,97716E-001	2,97268E-001	2,96711E-001	2,92585E-001	2,94955E-001	2,96997E-001	2,97060E-001	2,96622E-001	2,71660E-001	2,57557E-001	2,76225E-001	2,83092E-001	2,88712E-001	2,96528E-001	2,89835E-001	2,80451E-001	2,91801E-001	2,96621E-001	2,97024E-001	2,97453E-001	2,98203E-001	2,99212E-001	3,00037E-001	3,00890E-001	3,01836E-001	3,02783E-001	3,03961E-001	3,04999E-001	3,05977E-001	3,07177E-001	3,08687E-001	3,10024E-001	3,10908E-001	3,11631E-001	3,12190E-001	3,11760E-001	3,10440E-001	3,07935E-001	3,05129E-001	3,02357E-001	2,99947E-001	2,97819E-001	2,95113E-001	2,47833E-001	2,94009E-001	2,97379E-001	2,98843E-001	3,00638E-001	3,02061E-001	3,03607E-001	3,04587E-001	3,04684E-001	3,04342E-001	3,03716E-001	3,02964E-001	3,02238E-001	3,01400E-001	3,00555E-001	2,99571E-001	2,98757E-001	2,98325E-001	
2,98149E-001	2,97939E-001	2,97670E-001	2,97448E-001	2,97602E-001	2,97259E-001	2,96933E-001	2,96700E-001	2,96545E-001	2,87756E-001	2,94877E-001	2,97284E-001	2,98470E-001	2,99106E-001	2,99047E-001	2,98184E-001	2,97730E-001	2,97205E-001	2,96760E-001	2,96629E-001	2,97095E-001	2,97375E-001	2,97112E-001	2,96532E-001	2,72428E-001	2,87434E-001	2,96485E-001	2,96454E-001	2,96706E-001	2,96657E-001	2,96475E-001	2,96573E-001	2,96773E-001	2,97147E-001	2,97550E-001	2,98283E-001	2,99275E-001	3,00072E-001	3,00865E-001	3,01796E-001	3,02748E-001	3,03838E-001	3,04848E-001	3,05807E-001	3,07075E-001	3,08600E-001	3,09815E-001	3,10663E-001	3,11397E-001	3,11692E-001	3,10926E-001	3,09143E-001	3,06523E-001	3,03718E-001	3,01095E-001	2,98833E-001	2,97021E-001	2,68318E-001	2,66564E-001	2,96935E-001	2,98165E-001	3,00019E-001	3,01497E-001	3,03039E-001	3,04251E-001	3,04516E-001	3,04181E-001	3,03683E-001	3,02916E-001	3,02177E-001	3,01391E-001	3,00548E-001	2,99591E-001	2,98740E-001	2,98323E-001	
2,98175E-001	2,97980E-001	2,97706E-001	2,97585E-001	2,97683E-001	2,97365E-001	2,97067E-001	2,96810E-001	2,96679E-001	2,96469E-001	2,96847E-001	2,97913E-001	2,99001E-001	2,99253E-001	2,98654E-001	2,98067E-001	2,97618E-001	2,97112E-001	2,96933E-001	2,97279E-001	2,97660E-001	2,97431E-001	2,96819E-001	2,89169E-001	2,96567E-001	2,96666E-001	2,96670E-001	2,96966E-001	2,96834E-001	2,96723E-001	2,96861E-001	2,97085E-001	2,97444E-001	2,97904E-001	2,98852E-001	2,99735E-001	3,00473E-001	3,01338E-001	3,02205E-001	3,03299E-001	3,04269E-001	3,05218E-001	3,06378E-001	3,07890E-001	3,09206E-001	3,10137E-001	3,10908E-001	3,11196E-001	3,10397E-001	3,08539E-001	3,05933E-001	3,03118E-001	3,00543E-001	2,98357E-001	2,96761E-001	2,57952E-001	2,88209E-001	2,97357E-001	2,98932E-001	3,00763E-001	3,02154E-001	3,03641E-001	3,04300E-001	3,04089E-001	3,03635E-001	3,02929E-001	3,02163E-001	3,01420E-001	3,00563E-001	2,99636E-001	2,98722E-001	2,98312E-001	
2,98219E-001	2,98035E-001	2,97770E-001	2,97755E-001	2,97796E-001	2,97521E-001	2,97226E-001	2,96981E-001	2,96813E-001	2,96775E-001	2,97450E-001	2,98706E-001	2,99331E-001	2,99198E-001	2,98419E-001	2,98050E-001	2,97514E-001	2,97279E-001	2,97477E-001	2,97961E-001	2,97788E-001	2,97173E-001	2,96627E-001	2,96848E-001	2,96880E-001	2,96934E-001	2,97262E-001	2,97098E-001	2,97022E-001	2,97185E-001	2,97438E-001	2,97775E-001	2,98429E-001	2,99384E-001	3,00135E-001	3,00821E-001	3,01686E-001	3,02716E-001	3,03612E-001	3,04565E-001	3,05596E-001	3,07071E-001	3,08454E-001	3,09470E-001	3,10264E-001	3,10544E-001	3,09729E-001	3,07825E-001	3,05276E-001	3,02462E-001	3,00007E-001	2,97938E-001	2,96609E-001	2,61702E-001	2,96717E-001	2,97934E-001	2,99822E-001	3,01365E-001	3,02824E-001	3,03984E-001	3,03945E-001	3,03518E-001	3,02887E-001	3,02132E-001	3,01404E-001	3,00570E-001	2,99688E-001	2,98712E-001	2,98311E-001	
2,98282E-001	2,98116E-001	2,97864E-001	2,97943E-001	2,97944E-001	2,97715E-001	2,97428E-001	2,97231E-001	2,97031E-001	2,97226E-001	2,98168E-001	2,99233E-001	2,99521E-001	2,98888E-001	2,98420E-001	2,97921E-001	2,97628E-001	2,97714E-001	2,98267E-001	2,98161E-001	2,97556E-001	2,96953E-001	2,97192E-001	2,97145E-001	2,97264E-001	2,97599E-001	2,97410E-001	2,97408E-001	2,97535E-001	2,97819E-001	2,98174E-001	2,99039E-001	2,99846E-001	3,00449E-001	3,01238E-001	3,02081E-001	3,02947E-001	3,03877E-001	3,04790E-001	3,06152E-001	3,07590E-001	3,08673E-001	3,09483E-001	3,09757E-001	3,08931E-001	3,07015E-001	3,04572E-001	3,01815E-001	2,99521E-001	2,97620E-001	2,96530E-001	2,82774E-001	2,97186E-001	2,98725E-001	3,00586E-001	3,01916E-001	3,03301E-001	3,03733E-001	3,03295E-001	3,02832E-001	3,02066E-001	3,01345E-001	3,00552E-001	2,99733E-001	2,98773E-001	2,98320E-001	
2,98336E-001	2,98188E-001	2,98023E-001	2,98132E-001	2,98106E-001	2,97907E-001	2,97599E-001	2,97376E-001	2,97318E-001	2,97923E-001	2,99146E-001	2,99640E-001	2,99243E-001	2,98700E-001	2,98230E-001	2,97951E-001	2,98110E-001	2,98599E-001	2,98404E-001	2,97649E-001	2,97337E-001	2,97524E-001	2,97455E-001	2,97816E-001	2,97841E-001	2,97709E-001	2,97797E-001	2,98023E-001	2,98315E-001	2,99111E-001	2,99898E-001	3,00433E-001	3,01174E-001	3,02055E-001	3,02803E-001	3,03697E-001	3,04729E-001	3,06194E-001	3,07443E-001	3,08440E-001	3,09054E-001	3,08573E-001	3,06985E-001	3,04598E-001	3,01949E-001	2,99601E-001	2,97729E-001	2,96639E-001	2,96464E-001	2,97492E-001	2,99274E-001	3,00971E-001	3,02262E-001	3,03409E-001	3,03243E-001	3,02746E-001	3,02079E-001	3,01324E-001	3,00595E-001	2,99788E-001	2,98846E-001	2,98323E-001	
2,98398E-001	2,98301E-001	2,98221E-001	2,98359E-001	2,98318E-001	2,98104E-001	2,97796E-001	2,97641E-001	2,97891E-001	2,98895E-001	2,99681E-001	2,99583E-001	2,98998E-001	2,98557E-001	2,98287E-001	2,98537E-001	2,98936E-001	2,98620E-001	2,97760E-001	2,97780E-001	2,97753E-001	2,97884E-001	2,98240E-001	2,98104E-001	2,98124E-001	2,98258E-001	2,98490E-001	2,99201E-001	2,99951E-001	3,00421E-001	3,01104E-001	3,01996E-001	3,02620E-001	3,03478E-001	3,04658E-001	3,06072E-001	3,07254E-001	3,08097E-001	3,08016E-001	3,06741E-001	3,04575E-001	3,02056E-001	2,99697E-001	2,97883E-001	2,96800E-001	2,96706E-001	2,97902E-001	2,99794E-001	3,01289E-001	3,02568E-001	3,03115E-001	3,02585E-001	3,02089E-001	3,01317E-001	3,00616E-001	2,99827E-001	2,98931E-001	2,98349E-001	
2,98487E-001	2,98428E-001	2,98449E-001	2,98620E-001	2,98576E-001	2,98269E-001	2,97993E-001	2,98001E-001	2,98633E-001	2,99650E-001	2,99788E-001	2,99322E-001	2,98891E-001	2,98628E-001	2,98957E-001	2,99227E-001	2,98797E-001	2,98024E-001	2,98179E-001	2,98101E-001	2,98478E-001	2,98534E-001	2,98477E-001	2,98529E-001	2,98694E-001	2,99309E-001	3,00000E-001	3,00403E-001	3,01022E-001	3,01808E-001	3,02404E-001	3,03277E-001	3,04565E-001	3,05845E-001	3,06943E-001	3,07259E-001	3,06366E-001	3,04434E-001	3,02160E-001	2,99802E-001	2,98066E-001	2,97014E-001	2,97007E-001	2,98414E-001	3,00260E-001	3,01547E-001	3,02669E-001	3,02485E-001	3,01986E-001	3,01318E-001	3,00607E-001	2,99877E-001	2,99042E-001	2,98416E-001	
2,98586E-001	2,98539E-001	2,98656E-001	2,98883E-001	2,98775E-001	2,98383E-001	2,98284E-001	2,98646E-001	2,99653E-001	2,99919E-001	2,99533E-001	2,99098E-001	2,98955E-001	2,99445E-001	2,99392E-001	2,98579E-001	2,98443E-001	2,98371E-001	2,98701E-001	2,98852E-001	2,98803E-001	2,98848E-001	2,99028E-001	2,99754E-001	3,00252E-001	3,00599E-001	3,01404E-001	3,01854E-001	3,02702E-001	3,03951E-001	3,05239E-001	3,06336E-001	3,06251E-001	3,04854E-001	3,02880E-001	3,00476E-001	2,98615E-001	2,97361E-001	2,97121E-001	2,98581E-001	3,00419E-001	3,01624E-001	3,02440E-001	3,01948E-001	3,01414E-001	3,00665E-001	2,99976E-001	2,99192E-001	2,98489E-001	
2,98716E-001	2,98774E-001	2,98898E-001	2,99152E-001	2,98892E-001	2,98570E-001	2,98750E-001	2,99553E-001	3,00000E-001	2,99738E-001	2,99356E-001	2,99509E-001	2,99792E-001	2,99318E-001	2,98716E-001	2,98630E-001	2,98914E-001	2,99164E-001	2,99096E-001	2,99114E-001	2,99485E-001	3,00099E-001	3,00373E-001	3,00972E-001	3,01417E-001	3,02134E-001	3,03318E-001	3,04641E-001	3,05594E-001	3,05052E-001	3,03383E-001	3,01278E-001	2,99155E-001	2,97819E-001	2,97314E-001	2,98792E-001	3,00573E-001	3,01684E-001	3,02006E-001	3,01376E-001	3,00762E-001	3,00077E-001	2,99339E-001	2,98593E-001	
2,98873E-001	2,99054E-001	2,99221E-001	2,99372E-001	2,98923E-001	2,98951E-001	2,99463E-001	3,00030E-001	2,99886E-001	2,99634E-001	2,99986E-001	2,99949E-001	2,99199E-001	2,98895E-001	2,99105E-001	2,99446E-001	2,99388E-001	2,99379E-001	2,99895E-001	3,00263E-001	3,00529E-001	3,01018E-001	3,01590E-001	3,02694E-001	3,04080E-001	3,04677E-001	3,03573E-001	3,01888E-001	2,99780E-001	2,98332E-001	2,97646E-001	2,99007E-001	3,00714E-001	3,01591E-001	3,01427E-001	3,00871E-001	3,00174E-001	2,99494E-001	2,98812E-001	
2,99037E-001	2,99308E-001	2,99631E-001	2,99347E-001	2,99160E-001	2,99474E-001	3,00125E-001	2,99960E-001	3,00183E-001	3,00243E-001	2,99583E-001	2,99084E-001	2,99345E-001	2,99679E-001	2,99569E-001	2,99953E-001	3,00266E-001	3,00550E-001	3,00856E-001	3,01741E-001	3,03059E-001	3,03921E-001	3,02742E-001	3,01060E-001	2,99183E-001	2,98051E-001	2,98811E-001	3,00616E-001	3,01327E-001	3,00998E-001	3,00383E-001	2,99695E-001	2,99039E-001	
2,99247E-001	2,99616E-001	2,99803E-001	2,99360E-001	2,99493E-001	3,00218E-001	3,00272E-001	3,00534E-001	2,99934E-001	2,99243E-001	2,99582E-001	2,99801E-001	3,00014E-001	3,00276E-001	3,00419E-001	3,00826E-001	3,02018E-001	3,03150E-001	3,01954E-001	3,00296E-001	2,98761E-001	2,98683E-001	3,00514E-001	3,01018E-001	3,00579E-001	2,99915E-001	2,99325E-001	
2,99553E-001	2,99960E-001	2,99689E-001	2,99462E-001	3,00341E-001	3,00840E-001	3,00256E-001	2,99394E-001	2,99827E-001	3,00081E-001	3,00261E-001	3,00290E-001	3,01102E-001	3,02289E-001	3,01164E-001	2,99737E-001	2,98949E-001	3,00378E-001	3,00732E-001	3,00224E-001	2,99611E-001	
2,99889E-001	2,99973E-001	2,99534E-001	3,00892E-001	3,00529E-001	2,99505E-001	3,00117E-001	3,00297E-001	3,00429E-001	3,01343E-001	3,00484E-001	2,99545E-001	3,00057E-001	3,00465E-001	2,99928E-001	
3,00119E-001	2,99868E-001	3,00741E-001	2,99789E-001	3,00237E-001	3,00525E-001	3,00176E-001	2,99977E-001	3,00302E-001	
0,00000E000	0,00000E000	0,00000E000	
