40 80 50
0,25292893154456 0,249318794079514 0,246709310022098 
0,253695125029623 0,259085150762097 0,259727646823794 0,255558827884006 0,249000020396732 0,24304678639268 0,239988536959391 0,241157318714167 0,246468056656562 
0,254048563882057 0,260837655051667 0,265522030496795 0,267087338152216 0,265339110659866 0,260885973619304 0,254831690849227 0,248363441090164 0,242453676753454 0,237788569914514 0,234871499315092 0,234136690915687 0,235920565229535 0,240265021910852 0,246678356242222 
0,254548557092592 0,261740445175885 0,267832762502744 0,272053625978682 0,273903884015714 0,273244599125562 0,270300543097991 0,265582469786764 0,259755143153429 0,253492938560306 0,247365502387596 0,241782541503647 0,237004245134034 0,233200139971537 0,219418589773088 0,205772975273973 0,207471847936032 0,22653757490392 0,234967262525227 0,240404843785151 0,247153004975218 
0,255316223295676 0,262604190665877 0,269256155700412 0,274717432718478 0,278536822241998 0,280424287958297 0,2802844904572 0,27822056244736 0,27450821221678 0,269545877733752 0,263791060563079 0,257695246319915 0,251649517901154 0,245950185550611 0,240789113164076 0,236267922014959 0,232430084143869 0,207203802281922 0,183453013568653 0,168121511574772 0,16256000365969 0,168404517668491 0,187203945938228 0,219940012641658 0,235235792102173 0,241137557983106 0,247978809941438 
0,256448962622944 0,26367478751348 0,270509708897455 0,27654634676 0,281419883886687 0,284842259186872 0,286628612916865 0,286712730912544 0,285149674226397 0,282105465245308 0,277835395568097 0,27265398770048 0,266900677758782 0,260905747357011 0,25496085914795 0,249297771961893 0,244077543979321 0,239390960928737 0,235269278537128 0,231220796957111 0,200835500134573 0,175510503857203 0,155279767573444 0,140554618085329 0,132154708264137 0,131237211728466 0,139132712322853 0,157111239146034 0,186113532352538 0,22648917631138 0,236359173158752 0,242441911822088 0,249244481127029 
0,258024903311829 0,265080936315117 0,271886721284235 0,278134899633497 0,283535978847236 0,287838970680873 0,290849327149441 0,292442532745155 0,292572120463388 0,291271410887254 0,288648874161232 0,28487762352952 0,280180104795404 0,27480949262987 0,269029597390609 0,263095196087068 0,257234618129877 0,251636150110884 0,246439402367057 0,241732247619272 0,23755335390209 0,233899751229578 0,221575519408422 0,194391613614554 0,171132303430171 0,151416223784877 0,135097247812434 0,122335870172139 0,113622033516041 0,109746029594869 0,111719917647543 0,120657476749874 0,137625459542142 0,163482340756122 0,198722490299237 0,232915157894886 0,23825608520014 0,244353266850415 0,251022393549009 
0,260387973561856 0,267501717014434 0,274429453248934 0,280911875341651 0,286698391258336 0,291561835769888 0,295311955262888 0,297806673117666 0,29896030743711 0,298748142401 0,29720703114957 0,294432009842685 0,29056920535297 0,285805598814496 0,280356441710938 0,274451291781121 0,268319729300573 0,262177823107455 0,256216339701553 0,250591534329064 0,245419142959122 0,240771926492153 0,236680825275031 0,23313948688928 0,215308550103306 0,18959893703125 0,167795095237501 0,149247203543122 0,133420364455672 0,119979416763464 0,108849013044861 0,100243424697944 0,0946631774059143 0,0928585047010119 0,0957624989278071 0,104399498878193 0,119776462058318 0,142766643983576 0,17399571536839 0,213740421456574 0,234765704654021 0,240349916078962 0,246595031319553 0,253341383767216 
0,263322248703917 0,27034194265017 0,277220053137155 0,283738142048472 0,289681390986015 0,294849179257993 0,29906511746202 0,302185931088939 0,304108656646605 0,304775715324537 0,304177559608305 0,302352738110398 0,299385383568342 0,29540028816337 0,290555878788197 0,285035533066969 0,279037776583358 0,272765966527713 0,266418092727162 0,260177312232684 0,254203779369723 0,248628243087214 0,243547763521029 0,239023757859608 0,235082431172728 0,231366887963398 0,203140931214327 0,179784501933949 0,160605827522753 0,144856973986189 0,13181564812843 0,120861217795261 0,111539505198428 0,103611717835814 0,0970840007840048 0,0922154485670061 0,0895039143813047 0,0896504996429492 0,0935050949694402 0,101996675978662 0,116053145021793 0,136516280445607 0,164057756528587 0,199102202086036 0,232757089436323 0,237760276484625 0,24343767619242 0,249687750463967 0,25637254161866 
0,265726718900071 0,272458579925912 0,279252319689836 0,28563393665567 0,291684142464141 0,297239365762315 0,302163018862226 0,305852318445907 0,308239816011445 0,309191567748317 0,30910039842642 0,307539202652187 0,305028633898955 0,301762538114443 0,297832982401611 0,293869472652428 0,289409891647071 0,284192424797982 0,278279680193863 0,271666266490269 0,264822112742373 0,257950720874509 0,251245446978227 0,245916192116377 0,241145343462644 0,237034818309392 0,233378008843008 0,211874731183399 0,182220348758288 0,157546003999037 0,139299256804738 0,129159563278127 0,123704643635537 0,122375587813035 0,121539334262193 0,118924777181194 0,116708543039308 0,111924299135539 0,11013430808314 0,109249172006527 0,107504571585136 0,108095054714398 0,110682903310732 0,117664814531441 0,127278959315915 0,129974963620987 0,145740401466514 0,174544745324303 0,211965587506954 0,234326683463554 0,239791268960906 0,246427424333974 0,253105814354875 0,259451189376892 
0,266994927156602 0,274029776369316 0,280888661947313 0,287800165995297 0,29430429111767 0,299962139191556 0,304800848520351 0,308395654441473 0,311187191554071 0,312938014682116 0,312530565482612 0,311070081157051 0,308784982529958 0,305651634386228 0,302835322930964 0,299568127022902 0,295583915055194 0,291026659685496 0,286047065923079 0,280659103854289 0,274508374963467 0,268177625500121 0,261531728416743 0,254879125486874 0,24870562244186 0,242821649897237 0,237046368779749 0,232578616079002 0,201635363590391 0,167926556291007 0,140432923416418 0,124704785501477 0,112974035720628 0,105821319104636 0,104056572564061 0,10467325751401 0,109480134944149 0,119137680646765 0,133023567103955 0,142890876635877 0,147421058108934 0,148463929155022 0,144869800518977 0,140333259511792 0,140315188510878 0,139080372192188 0,121675375869341 0,11611985558386 0,12378712698068 0,137561586768817 0,153916388926246 0,175984686393493 0,205997232656419 0,233101612180784 0,238104524836521 0,243845980521105 0,2505759035121 0,258767062840116 
0,263701648049952 0,27406673783165 0,282383720416521 0,289615579100154 0,296171121687284 0,302324035212765 0,306942098638603 0,310455618375371 0,312703309173752 0,313640229065671 0,313864409221883 0,313494079516109 0,311768840743605 0,309478709855997 0,307298910251944 0,304243833848079 0,300423723444334 0,295964476140751 0,291002802052775 0,285681097886729 0,280142240423436 0,274506605639392 0,269170740558929 0,263479094019448 0,258287545899752 0,252679067053978 0,24669494667386 0,24021680857172 0,234238895705623 0,199782184032558 0,159118778938023 0,133877369214236 0,116532271909298 0,101875644066571 0,0923366382967968 0,0873431563738503 0,0860940040284786 0,0919734360779087 0,100774604495985 0,115130811858854 0,130314097622078 0,147810092957654 0,164919853052018 0,17788229424738 0,183447991141318 0,186872368048372 0,186151691664734 0,165934972226145 0,145338031773687 0,137251441023737 0,139337735573829 0,144979387999784 0,151725849463298 0,157418598392618 0,166667672817365 0,178681511752331 0,201292032042905 0,231178593016431 0,235231645155367 0,240211893286591 0,246652939137387 0,254514462455744 
0,259397052651046 0,269233055401955 0,280048493226334 0,290232411010565 0,297714846093061 0,303223008564254 0,308047280390754 0,311938457364948 0,314005360177334 0,314696775905427 0,314612816422418 0,313869707446217 0,312465463943167 0,312212861524589 0,310827598819802 0,307957776604412 0,304301807185287 0,299966030907369 0,295069726235312 0,289741137671887 0,284113281888821 0,278291238757745 0,272979048202883 0,268025802830776 0,263676891592166 0,259373870509422 0,254701150135729 0,249392779550121 0,243490744657764 0,237666419017805 0,232010650226998 0,183242946884323 0,142760625631799 0,113077499819872 0,0967959763275854 0,0857284199810721 0,077851391947499 0,0728817243996995 0,0745879039201719 0,0802422719624656 0,0924735071619536 0,111191321895996 0,129281260142242 0,146138764752815 0,160640516175654 0,179114303043961 0,19800017103138 0,214617645654607 0,222999935982579 0,203890519888052 0,188355886766307 0,180346554286131 0,178295399939347 0,181702480369439 0,182748525436919 0,178011202187433 0,175912959172476 0,174806510902875 0,178826982473838 0,187487048238309 0,189548478170153 0,207618274364487 0,232607763088836 0,237257859158027 0,243304192070954 0,250711389572225 
0,255695475731549 0,265153905178676 0,275608719645114 0,286867989336462 0,297610520016978 0,304475250174598 0,31000121220452 0,313074458082314 0,315338883552136 0,316544668205358 0,316544352433183 0,315270632494472 0,314348441961427 0,313722304987922 0,312415132232609 0,310526590273618 0,307152336753951 0,302666198861857 0,297587464643833 0,292036703838485 0,28614145615077 0,280090760262308 0,274576020072589 0,269434562247013 0,264968966218211 0,260963292301909 0,257190172263722 0,252771218079941 0,247711389393153 0,243029672810917 0,238178190797955 0,232917796081 0,199662477101828 0,161927428745244 0,12495266249253 0,0896317605306677 0,073937612529922 0,0648933045426802 0,0606581361384427 0,0612702468523317 0,0655418246529026 0,0783324689616215 0,0942287955918847 0,111049890228376 0,129680677201756 0,148081404952343 0,166419378284857 0,183036186089301 0,203296600675682 0,225653308270544 0,222949618117019 0,215454835297319 0,217090105500806 0,228965079885288 0,23188085867336 0,231764719072346 0,225549166976118 0,217528593335634 0,20652743576456 0,196555569806744 0,190313391956548 0,181393807326409 0,175642546588678 0,178132424900535 0,188862812184446 0,217624831679387 0,234660626677849 0,240353198453534 0,24738967664764 
0,252476589941101 0,261395559162686 0,271306708300175 0,281265256367872 0,291779818165605 0,302798192017067 0,309385412311087 0,313522713131497 0,315788401823148 0,317272666819248 0,317585017902271 0,316774908775479 0,316534090324411 0,315359789392595 0,313479300059146 0,310985154885499 0,30798441383131 0,304595173258249 0,299444826198717 0,29371855527149 0,287611331040121 0,281390437946314 0,275703504399916 0,27039057593523 0,265779327151928 0,261635423979257 0,257735866209461 0,253441056004099 0,249270683500411 0,245654118128863 0,241445105445394 0,237481979111511 0,234068454671625 0,219976936172943 0,183668885408493 0,147159535037697 0,115469301221868 0,0843364624370681 0,0562628119107168 0,053160838554366 0,0530927379025698 0,0563853174645033 0,069402944769573 0,0824826991231761 0,0959515522476065 0,110676795643315 0,127519757807166 0,147299672839925 0,167568265787922 0,188520289246508 0,208341062246736 0,207094499391466 0,211212138176116 0,228945910419454 0,233912993042447 0,235813508365947 0,237346582052796 0,237668522827336 0,236699524990144 0,235064917074451 0,23371699772547 0,232121303821094 0,218411538107989 0,196072307969385 0,178843779362111 0,17005759389084 0,173132808561773 0,184258697470909 0,20405898011627 0,232898695818781 0,238142461398982 0,244690624166533 
0,249856576978924 0,25810622325022 0,266657017002942 0,275823325179727 0,285732952980791 0,295490403005838 0,304931041089487 0,311712249764323 0,315417613023983 0,317220213694095 0,317564868943531 0,3180663134498 0,318311624171341 0,317136668385917 0,314710721444709 0,311650298248192 0,308054119985933 0,30403264459481 0,299704904766892 0,294854753163229 0,288575913188845 0,282268900534567 0,276452857511507 0,270999386137798 0,266241774277211 0,261961658172689 0,257928181485298 0,253632814108778 0,249298613486426 0,24554923523319 0,242274091478708 0,23941039358826 0,236382125257494 0,2341826594089 0,232092681444643 0,206292880163366 0,17345921445409 0,143321112330778 0,112742081267914 0,0844762206746507 0,0600246696909632 0,0498508517731064 0,0541496695547759 0,0656252266283408 0,0762496277201119 0,0867844152703923 0,0980415847672806 0,110853077255703 0,12603943139234 0,144378529483823 0,166257902987917 0,189733286802532 0,193280231996973 0,192720176795717 0,207896127030058 0,232795922734935 0,23663823918151 0,239858861630423 0,24196568756365 0,242774030882307 0,242552885443442 0,241199907874769 0,238943291827993 0,236915106848725 0,234589141074115 0,227427551348719 0,200336455941264 0,183191720537061 0,173705381547135 0,174530944019987 0,185887535461542 0,20517425426726 0,232009108082987 0,236732261863833 0,242700971120225 
0,247914174093576 0,255037528031709 0,262790202215195 0,27147106802054 0,280464138846639 0,289128082956414 0,298029417351239 0,306990458161239 0,313711012086963 0,316711309813051 0,318035911460324 0,319396589308217 0,319633570659217 0,318598506196665 0,316305274143512 0,312526132214781 0,308191723171043 0,30341078049227 0,298301293627574 0,292987432741545 0,287488810146639 0,281529550859103 0,275579170615509 0,269999673268751 0,265254419011559 0,260814626979373 0,256637996336342 0,25199665984927 0,247603160604682 0,243827410619817 0,240531590170401 0,237732661007608 0,235557611518194 0,234726072132709 0,23309998303501 0,227130441547594 0,208965123973541 0,184255026881273 0,154748352720705 0,12580063856154 0,101272204937562 0,078730293382423 0,0579932014410966 0,0581338355575666 0,0673153281562204 0,075697919248366 0,0840279518934396 0,0931034376389985 0,103746065498292 0,116772292292 0,132964329704605 0,153041847755349 0,172200467394067 0,16812820681577 0,180022127132371 0,204194503699276 0,232978234015952 0,237292093141482 0,241626063458097 0,245253581775246 0,246745992053886 0,247303515292334 0,246948132420875 0,245459399557425 0,243041270504354 0,239470584724558 0,235920418472578 0,232667236931868 0,212443395458971 0,192472754733958 0,182085057245621 0,180005487388585 0,189555294963918 0,208505504222077 0,232096845161916 0,23585220469244 0,241300951804994 
0,246157088036483 0,252425355225554 0,259776548825639 0,267833213158303 0,275542254643182 0,283701267003165 0,292123509226675 0,300725209925654 0,309164314508746 0,314965580809222 0,31898980167433 0,320860625458216 0,320746387477433 0,319477374522835 0,316937799326446 0,313176528056765 0,307970429557742 0,302274330321591 0,296245753771245 0,28998725408047 0,283955640951477 0,278730022070634 0,273171398237132 0,267728604843819 0,262867472425631 0,258258852555926 0,25366421043369 0,248687286928973 0,244365853370574 0,240705831780764 0,237449003446211 0,234891747679992 0,2333391793611 0,232806837342282 0,232341262520416 0,226698138850017 0,213897514481754 0,200418140145466 0,180078844303202 0,154034969629626 0,13020671588185 0,107619831711024 0,0905023697195069 0,0776551521585174 0,0645000493586503 0,0711391397838451 0,0774606278290883 0,0842535650707977 0,0923459069550826 0,102576558580532 0,115766847620704 0,132692207321924 0,140802915714931 0,138393755019951 0,15376910811681 0,189850477188923 0,232129875598799 0,236578003021583 0,241237799911655 0,245349639658434 0,248667632516161 0,250815133608512 0,251332788257968 0,250923913552448 0,249600287928542 0,246489178500009 0,242095118949015 0,237961824383228 0,234655964303447 0,23175869577211 0,207920802075544 0,194878170494939 0,191111455552065 0,196148525156073 0,213817884160247 0,232572567326103 0,235924301772322 0,240486112018015 
0,244669467173122 0,25041256598475 0,257211290205681 0,263629485281487 0,270658829294293 0,278149379215902 0,286012366357727 0,293971509290279 0,301799476522807 0,310855631732451 0,317701037015975 0,320511940152956 0,320924802542908 0,319305969020371 0,316549673558619 0,312571657732347 0,307438910804159 0,300975893299689 0,294101464617636 0,287018235187314 0,280701122104171 0,275003347236908 0,270013199494974 0,265483327106875 0,260463998853372 0,255723833395953 0,250459992050896 0,245553712131478 0,241332892299556 0,237680963617572 0,23461713817114 0,232301116476136 0,22841521249616 0,22406285866099 0,220775228931441 0,21842706363659 0,217540450221191 0,207164595250161 0,194519756514218 0,184731282051494 0,162811671398244 0,141802532767392 0,127010119316311 0,113378672955554 0,097402521640664 0,0794569250792837 0,076138012655205 0,0808370624461503 0,0865534077206802 0,0941213981347676 0,104373895472896 0,118114770725995 0,116107099214604 0,112701767839516 0,129109916895494 0,168304949616717 0,218276152841284 0,235673874534461 0,240800011583409 0,24479175233671 0,24855364730681 0,251659747586721 0,254102983320744 0,254870660502559 0,25442938582756 0,252408755194367 0,248996030453891 0,244990384605552 0,240642944685329 0,237084783021305 0,234191223833693 0,231796053906979 0,214289325637199 0,208966226731125 0,212248163152668 0,224623851659525 0,233558740228019 0,236797445953052 0,240399262600307 
0,244082383043415 0,249037171133452 0,25412438111077 0,259735995345918 0,265964003609941 0,27271842032063 0,279802079198423 0,28697079227308 0,294972146531179 0,30405117222901 0,312611919481623 0,31793967558219 0,319289829606859 0,318239385111007 0,315183374663132 0,311053150030036 0,305792251730899 0,299483494893357 0,29181726735694 0,284603745410623 0,277898429415119 0,271807727503254 0,266721672131612 0,262456306903358 0,258220048754747 0,253060532689879 0,247585063190542 0,242787079317068 0,238691950427447 0,23506937594984 0,232212497577297 0,217663724243014 0,212080673230033 0,208342544418011 0,206063943788853 0,207087064403081 0,210610487935925 0,213140047380975 0,205565680379016 0,199882735012606 0,193498903627283 0,178833717042997 0,167566546268893 0,153112913961442 0,136084750602456 0,117705894111557 0,0979356886861313 0,0832074123139214 0,0868136095153146 0,0919717472588906 0,099499766801069 0,110202663773935 0,0989454640825671 0,0947752067022832 0,11011503920235 0,148655981871718 0,198412800229738 0,233893266071517 0,239643368120879 0,244306703782469 0,248126799993621 0,251324063948684 0,254184528423196 0,256388985667215 0,257803248935138 0,256618134532918 0,254169215289121 0,251289199399115 0,247810401696104 0,243925220057456 0,239847646284617 0,23701497721522 0,234658471173653 0,232861132927541 0,231846048665217 0,232002186776085 0,233011569845305 0,234990358815792 0,237901628021976 0,240646110545432 
0,244455178551908 0,247531935342657 0,251643047305249 0,256533772887477 0,262081200641418 0,268149628252702 0,274484583721954 0,281471215730306 0,290119703899708 0,298458297938992 0,306301067620594 0,313471972569156 0,316471444797747 0,316000498798214 0,313112438622681 0,308458440264573 0,302802684336056 0,296039017059855 0,288837416512826 0,281283801658358 0,274268244574654 0,268120339560248 0,262870344956049 0,258188056887161 0,253992646388076 0,248751616163725 0,243506409748082 0,238977803567592 0,234985072648947 0,231652750956602 0,207941656196867 0,200512123574361 0,195611252944099 0,192840524097519 0,193244624340182 0,19777355431365 0,201852991643384 0,20639907383173 0,213048896889945 0,210748515428697 0,207970751024266 0,210481761569237 0,200055743774464 0,18397343228999 0,165034783647972 0,144601779530943 0,123602969862803 0,102282515911981 0,0909062085518466 0,0952508402132922 0,1022200838398 0,0918128817045327 0,0805456488817099 0,0886375335925016 0,119620878665881 0,164879014912861 0,216643195305564 0,236003749323217 0,241224038410271 0,246058840506622 0,250045684228555 0,253143014031986 0,255708325028081 0,257852432828172 0,258829431894646 0,258142797040016 0,256140594771724 0,253696640136804 0,25088995517565 0,247500340750424 0,243829741091001 0,240242508644683 0,237862955701954 0,236019912673246 0,234781662155936 0,234448784676328 0,235224287321823 0,236838996971748 0,238455444630674 0,241117661527454 
0,244375139211701 0,246781876921315 0,249653072530104 0,253901707757169 0,2588388386126 0,2642043557254 0,270224208034605 0,278276256455083 0,286202105964921 0,293809373609372 0,30091174878689 0,307333660998975 0,312782819518869 0,312480366635255 0,309734850979309 0,304568112224344 0,298119193021227 0,291277399564069 0,284223873667938 0,276867207140993 0,269906008888087 0,263748697324945 0,258150368966003 0,252877710426559 0,24760340984221 0,243372075039159 0,23854646195011 0,234247040884574 0,222266490616767 0,199477186390797 0,190227658736241 0,184119314948425 0,180740814871311 0,182388850647635 0,187088318245212 0,191823926734386 0,199110806264054 0,2094517222647 0,22059116374904 0,224899915730682 0,231538554642262 0,231856952538602 0,222809519112725 0,203502640879076 0,181869742022526 0,158983254353068 0,136569684835108 0,114635517135169 0,0980517737806212 0,102290156578766 0,077483318004335 0,0716396346381535 0,0855521734766361 0,123439151381172 0,169010294780745 0,221418594494704 0,236243249279486 0,241325565257141 0,246077010975532 0,250434343290924 0,253953563359593 0,256542868639271 0,258533428375543 0,258781232882573 0,258725668339382 0,258089937485853 0,256146523425861 0,253806438366813 0,251155455122891 0,247968912568108 0,244570119119866 0,241392499638034 0,239450123722766 0,238095590651753 0,237383899699784 0,237664357985009 0,238189069843102 0,23941974426416 0,241772095453639 
0,243950680772583 0,246056174494389 0,248486507418784 0,251549365009956 0,25568268190994 0,26045098852589 0,26758085100295 0,274770396673402 0,281828207962861 0,288564556517599 0,294796362043698 0,300351989845319 0,305075762445783 0,307339314693144 0,304772819338142 0,299646433012034 0,293214144876311 0,286550013685734 0,279666007490233 0,273013647236179 0,266184127634218 0,259727978887556 0,253423423407529 0,247313740333845 0,242253817275283 0,238259721963857 0,23443614061999 0,221924536592806 0,199384890044864 0,187683430557325 0,179714265733887 0,175069581195132 0,177176953979948 0,181377658967677 0,186166523247191 0,195764552291194 0,207556911286102 0,220567208080591 0,23243021273997 0,233856160987693 0,234193881483425 0,234022319782196 0,233149531928157 0,223965554572166 0,20058840140616 0,176376132148103 0,153666309922761 0,132345567236905 0,0943565909516878 0,0735462580602667 0,0732707975140504 0,0961694682579615 0,133743583476145 0,1788858695031 0,231158187392956 0,236570887593649 0,241337508872113 0,245943937839817 0,250281762519272 0,253990319854277 0,256961093077345 0,258099875120218 0,25835756051289 0,258602329958943 0,258579060684195 0,258040494934681 0,256228174085727 0,254074941021114 0,251670542727698 0,248788576006098 0,245766979910088 0,24309988706735 0,24166352763297 0,240843034356245 0,240053353206396 0,239978937473191 0,240981074059291 0,242399263939247 
0,243652794564829 0,245326431408678 0,247483780771897 0,249798931653323 0,252747190340088 0,258677031074884 0,264840299127504 0,271054462051972 0,277134028194594 0,282895611570105 0,288162950570331 0,29277174616682 0,296574190006627 0,299443060989888 0,29829564489954 0,29420793675198 0,288484995419554 0,281951373957309 0,275726764378557 0,269418979938248 0,262908421686577 0,255661819201407 0,248795743981344 0,242954308660759 0,238117736716619 0,234280340383984 0,230992392796685 0,209151731379363 0,19445807863487 0,184028799738928 0,177919680569726 0,179253378403932 0,182242208883224 0,187177332876562 0,197789819081366 0,210356355444062 0,22459669533973 0,233193875549887 0,235114732647571 0,236556176903562 0,236602837604627 0,236190630775962 0,235363063125947 0,233226889313879 0,222468315919063 0,198480359841115 0,176403421998586 0,123649842180701 0,0876519350712041 0,0856628162042871 0,114167440951048 0,150530134227976 0,194521868141983 0,232697634114175 0,237123065765201 0,24149964678406 0,24574083148842 0,249765487064859 0,253499839538611 0,256168844522995 0,257325561525378 0,257880578182149 0,258105645117091 0,258380290610946 0,258424354258843 0,258044999107475 0,25643480219786 0,254545858943501 0,252468595384453 0,24998315656592 0,247424269521428 0,245319189161226 0,243985006612351 0,242747678284499 0,242231280256789 0,242595760573998 0,24282956061935 
0,24364505219973 0,244642479876606 0,246382452037143 0,248417156707463 0,25259152869796 0,257405478653796 0,262677091673996 0,26797620206895 0,273117272829337 0,277917962050762 0,28220449895812 0,285816826620145 0,288613365382718 0,290425316566637 0,291612234592478 0,288054967428128 0,282982906244205 0,276982572460722 0,270967566788276 0,264666752813008 0,257285987898032 0,250008145582972 0,243620928726561 0,238133893967616 0,233852900067434 0,225906561643002 0,216167790880879 0,20331485055257 0,191304691278021 0,187275295461949 0,187061073072461 0,188984621699085 0,197473943535256 0,209024974204564 0,222977441653649 0,232987888327306 0,235081613894219 0,2368327246631 0,238211257519338 0,239012006679836 0,238599223501087 0,237805040322484 0,236627569132562 0,234217144373863 0,228675785598198 0,174864742520054 0,138285453383542 0,120521015656984 0,124606451608688 0,15739630730303 0,198152867934855 0,232483553278363 0,236531089898831 0,24057960089217 0,2445396113442 0,248326121464689 0,251860805501834 0,25409969941793 0,255654977417167 0,256930670093976 0,257620865142444 0,257818835390239 0,258199946122361 0,258374264394864 0,258397060535662 0,257058019547163 0,25547706032576 0,253752922605854 0,251715833513352 0,249413865561029 0,246779899264496 0,245469243850576 0,24476916345691 0,24355082342681 0,243256144546553 
0,243668304374937 0,244183850601621 0,245384124445908 0,249110534015401 0,252856246725117 0,256486740590333 0,260862594609991 0,265274714780597 0,269481891292497 0,273297674341844 0,27654704166848 0,279072166165649 0,280954158280777 0,282634494169956 0,283872074799239 0,281878059123168 0,277365776432767 0,271353128769037 0,264322493764988 0,257173173829967 0,250383958131772 0,243704695546279 0,237972851220924 0,233837011564692 0,229800850362758 0,216147129092218 0,211030218235183 0,204863778342547 0,2008272909505 0,20049350910734 0,207525058644482 0,218138551832133 0,231809938436948 0,234094844228097 0,236152734142525 0,237920380557742 0,239355388393776 0,240437397160177 0,241168522717354 0,240747474413936 0,239837564046291 0,238697022083788 0,233746202962498 0,207226592889059 0,179346152348621 0,17472391018139 0,178627919049902 0,192176195905459 0,228307101644544 0,235058655113793 0,238789764364166 0,242509075929781 0,246123501061076 0,249545303279046 0,251472078409312 0,253262491636697 0,254966759022807 0,256301744121108 0,25726153369205 0,2576896378332 0,258021240269105 0,258376132342747 0,258592820310525 0,25796603163266 0,256720647286097 0,255362790407731 0,252918205421309 0,250370800275443 0,248185422084218 0,246279766193705 0,244764925544864 0,243730466595686 
0,243735534151447 0,244142549444697 0,246640466683501 0,249463694754587 0,252701780056175 0,255782645533174 0,258710474788679 0,262138209005459 0,265315850826332 0,268057303680645 0,270135945576671 0,272160333660532 0,273873065708102 0,275380110868736 0,276716421518065 0,276126786569455 0,271188256190727 0,264497705729461 0,257566634694724 0,25097020095858 0,244852221406194 0,239537181021807 0,235812554960799 0,233092238186127 0,227593555236801 0,223481498049918 0,226621958665661 0,2238948258232 0,22784611718017 0,232209381646366 0,233761993225237 0,235830452462669 0,237758205431709 0,239468080065804 0,240904274019506 0,24203419416828 0,242849411118511 0,24336569817976 0,243217324640584 0,240339494434937 0,236753550601919 0,233850612675324 0,232486184189325 0,232041954437339 0,232554123926343 0,23334211305712 0,234320079212445 0,237600968368852 0,240955814403224 0,244286166173854 0,247245636575647 0,249043834774354 0,250817516107482 0,252536063645108 0,254172722555053 0,255546259384971 0,256771383678848 0,257475509751982 0,257774667397685 0,258319433047952 0,25874090611785 0,258827717992107 0,257328323518987 0,255470070983756 0,253587132026953 0,250715549273087 0,247616877638924 0,245817728556959 0,244575883774829 
0,24478276761789 0,24592804274984 0,247681869011838 0,249813704388611 0,252095752795765 0,254564835869281 0,256697872031592 0,258635463382651 0,260700800568911 0,262562466669356 0,264418985516103 0,266065090901906 0,267866995710875 0,269173987442345 0,269633396395278 0,268891996848353 0,264420435561138 0,258484788720782 0,252111319858724 0,246743893540564 0,242611341594838 0,238891481682432 0,235837659990084 0,234115206051009 0,233250809731894 0,2334491472059 0,234576673654818 0,235083701646655 0,236595753357326 0,238319555417478 0,240007313129337 0,241568679852549 0,242934325505983 0,244058559145729 0,244920947145531 0,245526868795033 0,244654797902896 0,242181535344449 0,239837670041357 0,239086562249644 0,238854303135002 0,238573129423251 0,238502884987885 0,238748410429273 0,239359792176304 0,240208965163192 0,242971928447046 0,245268794811706 0,246949314775286 0,248645914868359 0,250324426206644 0,251954106165558 0,253508478510083 0,254965996672287 0,256166523630031 0,257141029082373 0,25769646561825 0,258193301746776 0,258408340144874 0,258116845074176 0,2570109334944 0,254900502963333 0,252387283805327 0,249592299966877 0,246923530545993 0,24516070018198 
0,246946193346413 0,247665941142201 0,24864099846092 0,249974044606379 0,251536266252967 0,253036039286069 0,254485933516832 0,255480227513479 0,256798175486753 0,258409190524327 0,260294319679408 0,261870643807909 0,262644514293344 0,262463364731145 0,26191103402706 0,260850613979322 0,257625517987941 0,25308686690637 0,24842150811178 0,244527638500653 0,241473788175245 0,238971202991351 0,237224694555824 0,236699904108419 0,237118151697766 0,238841868268755 0,240769409180145 0,242106803802109 0,243481481061779 0,244794333761558 0,245969306480189 0,246956738191454 0,247735411374515 0,245906603475965 0,244120945072499 0,243480115099373 0,243807544592238 0,243886682422253 0,244178088827648 0,24416106519938 0,243910554402597 0,243982633975844 0,244396783347218 0,244341905904674 0,244791103690547 0,24638269527185 0,248009039349165 0,249633013691876 0,251221274641405 0,252745282122326 0,254182093706168 0,25551489906043 0,256616241656538 0,257337275670061 0,25711298102326 0,257019887511083 0,256377100681456 0,255111504684582 0,252905424593422 0,250684847557445 0,24829349413369 0,247044093497098 
0,249387378323271 0,249002271982544 0,249429522762086 0,250000202691752 0,250589689197138 0,251312948131394 0,252151175270815 0,253224299600049 0,254433177362882 0,255665863516702 0,256392624254256 0,256609907684116 0,256476638034671 0,255924401223874 0,255366795464621 0,255063252981478 0,254277152471487 0,25087014045973 0,247405533967031 0,244660354525783 0,242884074302151 0,241818106977117 0,241860982221455 0,242746112008005 0,244197824986084 0,246012709184859 0,247504256283587 0,248531606308848 0,249493482401417 0,249152896508366 0,247550287531322 0,24656977565827 0,246505087327424 0,246874445441594 0,247446625470616 0,24806120087158 0,248308545832847 0,248621954464717 0,248785251619358 0,24785279982251 0,247080926290493 0,246661066577444 0,246492751659149 0,24763068850612 0,249180566853742 0,250710534079869 0,252190117689279 0,253595126540516 0,254772725255135 0,255273924264615 0,255564476595539 0,255087661509944 0,254039616768158 0,253022021302918 0,251987360833652 0,250724330177255 0,250245276095749 0,249853036348988 
0,250947042153392 0,250639177431829 0,250181621139496 0,249873083921782 0,25012303295002 0,250702547649308 0,251459263933507 0,252011751218252 0,252182610371615 0,252200798254494 0,251867654578526 0,251918975782732 0,252073950449294 0,252012475287412 0,251930523673468 0,251658501394439 0,251373318628025 0,25091263801313 0,249110937738826 0,247881514406822 0,247534147948657 0,247796235597238 0,248441088355946 0,249438867603862 0,250743343787599 0,251093197165474 0,250596100102947 0,249875972409618 0,24956354836419 0,249544418488189 0,249528139832106 0,249718379949393 0,250099792479763 0,250641271814102 0,250834380277548 0,250774821750054 0,250392397503762 0,250123488021636 0,249576833410496 0,249245681160611 0,249219940304353 0,249461708593235 0,250442385070511 0,251542536902776 0,25236124304754 0,252809138561193 0,252680207455242 0,252273774599918 0,25164017554505 0,250799845457121 0,250792511542197 0,250822616213295 0,251055267324596 0,251264743082434 
0 0 0 0 0 0 0 0 0 0 0 0 0 0 0 0 0 0 0 0 0 0 0 0 0 0 0 0 0 0 0 0 0 0 0 0 0 0 0 0 0 0 0 0 0 0 0 0 0 
0 0 0 0 0 0 0 0 0 0 0 0 0 0 0 0 0 0 0 0 0 0 0 0 0 0 0 0 0 0 0 0 0 0 0 0 0 0 0 0 0 0 0 0 
0 0 0 0 0 0 0 0 0 0 0 0 0 0 0 0 0 0 0 0 0 0 0 0 0 0 0 0 0 0 0 0 0 0 0 0 0 0 0 
0 0 0 0 0 0 0 0 0 0 0 0 0 0 0 0 0 0 0 0 0 0 0 0 0 0 0 0 0 0 0 0 0 
0 0 0 0 0 0 0 0 0 0 0 0 0 0 0 0 0 0 0 0 0 0 0 0 0 0 0 
0 0 0 0 0 0 0 0 0 0 0 0 0 0 0 0 0 0 0 0 0 
0 0 0 0 0 0 0 0 0 0 0 0 0 0 0 
0 0 0 0 0 0 0 0 0 
0 0 0 
