1335 1
1.071930000000000E004
1.315930000000000E004
1.558950000000000E004
1.800040000000000E004
2.038200000000000E004
2.272470000000000E004
2.501920000000000E004
2.725650000000000E004
2.942740000000000E004
3.152340000000000E004
3.353630000000000E004
3.545880000000000E004
3.728470000000000E004
3.900790000000000E004
4.062230000000000E004
4.212130000000000E004
4.349930000000000E004
4.475210000000000E004
4.587590000000000E004
4.686460000000000E004
4.771020000000000E004
4.840550000000000E004
4.894640000000000E004
4.933160000000000E004
4.956190000000000E004
4.963850000000000E004
4.956190000000000E004
4.933160000000000E004
4.894640000000000E004
4.840550000000000E004
4.771020000000000E004
4.686460000000000E004
4.587590000000000E004
4.475210000000000E004
4.349930000000000E004
4.212130000000000E004
4.062230000000000E004
3.900790000000000E004
3.728470000000000E004
3.545880000000000E004
3.353630000000000E004
3.152340000000000E004
2.942740000000000E004
2.725650000000000E004
2.501920000000000E004
2.272470000000000E004
2.038200000000000E004
1.800040000000000E004
1.558950000000000E004
1.315930000000000E004
1.071930000000000E004
8.278880000000000E003
5.847970000000000E003
3.437180000000000E003
1.157160000000000E003
5.306880000000000E001
0.000000000000000E000
0.000000000000000E000
0.000000000000000E000
0.000000000000000E000
0.000000000000000E000
0.000000000000000E000
0.000000000000000E000
0.000000000000000E000
0.000000000000000E000
0.000000000000000E000
0.000000000000000E000
0.000000000000000E000
0.000000000000000E000
0.000000000000000E000
0.000000000000000E000
0.000000000000000E000
0.000000000000000E000
0.000000000000000E000
0.000000000000000E000
0.000000000000000E000
0.000000000000000E000
0.000000000000000E000
0.000000000000000E000
0.000000000000000E000
0.000000000000000E000
0.000000000000000E000
0.000000000000000E000
0.000000000000000E000
0.000000000000000E000
0.000000000000000E000
0.000000000000000E000
0.000000000000000E000
0.000000000000000E000
0.000000000000000E000
0.000000000000000E000
0.000000000000000E000
0.000000000000000E000
0.000000000000000E000
0.000000000000000E000
5.306880000000000E001
1.157160000000000E003
3.437180000000000E003
5.847970000000000E003
8.278880000000000E003
-1.512330000000000E-001
-1.774360000000000E-001
-1.388750000000000E-001
-5.540920000000000E-002
-3.953800000000000E-003
-1.544500000000000E-003
-1.166040000000000E-004
-1.044990000000000E-007
-1.561200000000000E-007
-1.958240000000000E-007
-2.014100000000000E-005
-6.878200000000000E-005
-9.003710000000000E-003
-4.638530000000000E-002
-1.125400000000000E-001
-5.005000000000000E-001
-1.386710000000000E000
-2.581740000000000E000
-6.353380000000000E000
-1.281580000000000E001
-2.164720000000000E001
-3.058130000000000E001
-3.859490000000000E001
-4.631440000000000E001
-5.461780000000000E001
-6.013580000000000E001
-5.461780000000000E001
-4.631440000000000E001
-3.859490000000000E001
-3.058130000000000E001
-2.164720000000000E001
-1.281580000000000E001
-6.353380000000000E000
-2.581740000000000E000
-1.386710000000000E000
-5.005000000000000E-001
-1.125400000000000E-001
-4.638530000000000E-002
-9.003710000000000E-003
-6.878200000000000E-005
-2.014100000000000E-005
-1.958240000000000E-007
-1.561200000000000E-007
-1.044990000000000E-007
-1.166040000000000E-004
-1.544500000000000E-003
-3.953800000000000E-003
-5.540920000000000E-002
-1.388750000000000E-001
-1.774360000000000E-001
-1.512330000000000E-001
-9.207240000000000E-002
-4.443870000000000E-002
-1.161730000000000E-002
-3.325580000000000E-004
1.761120000000000E-004
0.000000000000000E000
0.000000000000000E000
0.000000000000000E000
0.000000000000000E000
0.000000000000000E000
0.000000000000000E000
0.000000000000000E000
0.000000000000000E000
0.000000000000000E000
0.000000000000000E000
0.000000000000000E000
0.000000000000000E000
0.000000000000000E000
0.000000000000000E000
0.000000000000000E000
0.000000000000000E000
0.000000000000000E000
0.000000000000000E000
0.000000000000000E000
0.000000000000000E000
0.000000000000000E000
0.000000000000000E000
0.000000000000000E000
0.000000000000000E000
0.000000000000000E000
0.000000000000000E000
0.000000000000000E000
0.000000000000000E000
0.000000000000000E000
0.000000000000000E000
0.000000000000000E000
0.000000000000000E000
0.000000000000000E000
0.000000000000000E000
0.000000000000000E000
0.000000000000000E000
0.000000000000000E000
0.000000000000000E000
0.000000000000000E000
1.761120000000000E-004
-3.325580000000000E-004
-1.161730000000000E-002
-4.443870000000000E-002
-9.207240000000000E-002
0.00000E000
0.00000E000
0.00000E000
0.00000E000
0.00000E000
0.00000E000
0.00000E000
0.00000E000
0.00000E000
0.00000E000
0.00000E000
0.00000E000
0.00000E000
0.00000E000
0.00000E000
0.00000E000
0.00000E000
0.00000E000
0.00000E000
0.00000E000
0.00000E000
0.00000E000
0.00000E000
0.00000E000
0.00000E000
0.00000E000
0.00000E000
0.00000E000
0.00000E000
0.00000E000
0.00000E000
0.00000E000
0.00000E000
0.00000E000
0.00000E000
0.00000E000
0.00000E000
0.00000E000
0.00000E000
0.00000E000
0.00000E000
0.00000E000
0.00000E000
0.00000E000
0.00000E000
0.00000E000
0.00000E000
0.00000E000
0.00000E000
0.00000E000
0.00000E000
0.00000E000
0.00000E000
0.00000E000
0.00000E000
0.00000E000
0.00000E000
0.00000E000
0.00000E000
0.00000E000
0.00000E000
0.00000E000
0.00000E000
0.00000E000
0.00000E000
0.00000E000
0.00000E000
0.00000E000
0.00000E000
0.00000E000
0.00000E000
0.00000E000
0.00000E000
0.00000E000
0.00000E000
0.00000E000
0.00000E000
0.00000E000
0.00000E000
0.00000E000
0.00000E000
0.00000E000
0.00000E000
0.00000E000
0.00000E000
0.00000E000
0.00000E000
0.00000E000
0.00000E000
0.00000E000
0.00000E000
0.00000E000
0.00000E000
0.00000E000
0.00000E000
0.00000E000
0.00000E000
0.00000E000
0.00000E000
0.00000E000
0.00000E000
0.00000E000
0.00000E000
0.00000E000
0.00000E000
0.00000E000
0.00000E000
0.00000E000
0.00000E000
0.00000E000
0.00000E000
0.00000E000
0.00000E000
0.00000E000
0.00000E000
0.00000E000
0.00000E000
0.00000E000
0.00000E000
0.00000E000
0.00000E000
0.00000E000
0.00000E000
0.00000E000
0.00000E000
0.00000E000
0.00000E000
0.00000E000
0.00000E000
0.00000E000
0.00000E000
0.00000E000
0.00000E000
0.00000E000
0.00000E000
0.00000E000
0.00000E000
0.00000E000
0.00000E000
0.00000E000
0.00000E000
0.00000E000
0.00000E000
0.00000E000
0.00000E000
0.00000E000
0.00000E000
0.00000E000
0.00000E000
0.00000E000
0.00000E000
0.00000E000
0.00000E000
0.00000E000
0.00000E000
0.00000E000
0.00000E000
0.00000E000
0.00000E000
0.00000E000
0.00000E000
0.00000E000
0.00000E000
0.00000E000
0.00000E000
0.00000E000
0.00000E000
0.00000E000
0.00000E000
0.00000E000
0.00000E000
0.00000E000
0.00000E000
0.00000E000
0.00000E000
0.00000E000
0.00000E000
0.00000E000
0.00000E000
0.00000E000
0.00000E000
0.00000E000
0.00000E000
0.00000E000
0.00000E000
0.00000E000
0.00000E000
0.00000E000
0.00000E000
0.00000E000
0.00000E000
0.00000E000
0.00000E000
0.00000E000
0.00000E000
0.00000E000
0.00000E000
0.00000E000
0.00000E000
0.00000E000
0.00000E000
0.00000E000
0.00000E000
0.00000E000
0.00000E000
0.00000E000
0.00000E000
0.00000E000
0.00000E000
0.00000E000
0.00000E000
0.00000E000
0.00000E000
0.00000E000
0.00000E000
0.00000E000
0.00000E000
0.00000E000
0.00000E000
0.00000E000
0.00000E000
0.00000E000
0.00000E000
0.00000E000
0.00000E000
0.00000E000
0.00000E000
0.00000E000
0.00000E000
0.00000E000
0.00000E000
0.00000E000
0.00000E000
0.00000E000
0.00000E000
0.00000E000
0.00000E000
0.00000E000
0.00000E000
0.00000E000
0.00000E000
0.00000E000
0.00000E000
0.00000E000
0.00000E000
0.00000E000
0.00000E000
0.00000E000
0.00000E000
0.00000E000
0.00000E000
0.00000E000
0.00000E000
0.00000E000
0.00000E000
0.00000E000
0.00000E000
0.00000E000
0.00000E000
0.00000E000
0.00000E000
0.00000E000
0.00000E000
0.00000E000
0.00000E000
0.00000E000
0.00000E000
0.00000E000
0.00000E000
0.00000E000
0.00000E000
0.00000E000
0.00000E000
0.00000E000
0.00000E000
0.00000E000
0.00000E000
0.00000E000
0.00000E000
0.00000E000
0.00000E000
0.00000E000
0.00000E000
0.00000E000
0.00000E000
0.00000E000
0.00000E000
0.00000E000
0.00000E000
0.00000E000
0.00000E000
0.00000E000
0.00000E000
0.00000E000
0.00000E000
0.00000E000
0.00000E000
0.00000E000
0.00000E000
0.00000E000
0.00000E000
0.00000E000
0.00000E000
0.00000E000
0.00000E000
0.00000E000
0.00000E000
0.00000E000
0.00000E000
0.00000E000
0.00000E000
0.00000E000
0.00000E000
0.00000E000
0.00000E000
0.00000E000
0.00000E000
0.00000E000
0.00000E000
0.00000E000
0.00000E000
0.00000E000
0.00000E000
0.00000E000
0.00000E000
0.00000E000
0.00000E000
0.00000E000
0.00000E000
0.00000E000
0.00000E000
0.00000E000
0.00000E000
0.00000E000
0.00000E000
0.00000E000
0.00000E000
0.00000E000
0.00000E000
0.00000E000
0.00000E000
0.00000E000
0.00000E000
0.00000E000
0.00000E000
0.00000E000
0.00000E000
0.00000E000
0.00000E000
0.00000E000
0.00000E000
0.00000E000
0.00000E000
0.00000E000
0.00000E000
0.00000E000
0.00000E000
0.00000E000
0.00000E000
0.00000E000
0.00000E000
0.00000E000
0.00000E000
0.00000E000
0.00000E000
0.00000E000
0.00000E000
0.00000E000
0.00000E000
0.00000E000
0.00000E000
0.00000E000
0.00000E000
0.00000E000
0.00000E000
0.00000E000
0.00000E000
0.00000E000
0.00000E000
0.00000E000
0.00000E000
0.00000E000
0.00000E000
0.00000E000
0.00000E000
0.00000E000
0.00000E000
0.00000E000
0.00000E000
0.00000E000
0.00000E000
0.00000E000
0.00000E000
0.00000E000
0.00000E000
0.00000E000
0.00000E000
0.00000E000
0.00000E000
0.00000E000
0.00000E000
0.00000E000
0.00000E000
0.00000E000
0.00000E000
0.00000E000
0.00000E000
0.00000E000
0.00000E000
0.00000E000
0.00000E000
0.00000E000
0.00000E000
0.00000E000
0.00000E000
0.00000E000
0.00000E000
0.00000E000
0.00000E000
0.00000E000
0.00000E000
0.00000E000
0.00000E000
0.00000E000
0.00000E000
0.00000E000
0.00000E000
0.00000E000
0.00000E000
0.00000E000
0.00000E000
0.00000E000
0.00000E000
0.00000E000
0.00000E000
0.00000E000
0.00000E000
0.00000E000
0.00000E000
0.00000E000
0.00000E000
0.00000E000
0.00000E000
0.00000E000
0.00000E000
0.00000E000
0.00000E000
0.00000E000
0.00000E000
0.00000E000
0.00000E000
0.00000E000
0.00000E000
0.00000E000
0.00000E000
0.00000E000
0.00000E000
0.00000E000
0.00000E000
0.00000E000
0.00000E000
0.00000E000
0.00000E000
0.00000E000
0.00000E000
0.00000E000
0.00000E000
0.00000E000
0.00000E000
0.00000E000
0.00000E000
0.00000E000
0.00000E000
0.00000E000
0.00000E000
0.00000E000
0.00000E000
0.00000E000
0.00000E000
0.00000E000
0.00000E000
0.00000E000
0.00000E000
0.00000E000
0.00000E000
0.00000E000
0.00000E000
0.00000E000
0.00000E000
0.00000E000
0.00000E000
0.00000E000
0.00000E000
0.00000E000
0.00000E000
0.00000E000
0.00000E000
0.00000E000
0.00000E000
0.00000E000
0.00000E000
0.00000E000
0.00000E000
0.00000E000
0.00000E000
0.00000E000
0.00000E000
0.00000E000
0.00000E000
0.00000E000
0.00000E000
0.00000E000
0.00000E000
0.00000E000
0.00000E000
0.00000E000
0.00000E000
0.00000E000
0.00000E000
0.00000E000
0.00000E000
0.00000E000
0.00000E000
0.00000E000
0.00000E000
0.00000E000
0.00000E000
0.00000E000
0.00000E000
0.00000E000
0.00000E000
0.00000E000
0.00000E000
0.00000E000
0.00000E000
0.00000E000
0.00000E000
0.00000E000
0.00000E000
0.00000E000
0.00000E000
0.00000E000
0.00000E000
0.00000E000
0.00000E000
0.00000E000
0.00000E000
0.00000E000
0.00000E000
0.00000E000
0.00000E000
0.00000E000
0.00000E000
0.00000E000
0.00000E000
0.00000E000
0.00000E000
0.00000E000
0.00000E000
0.00000E000
0.00000E000
0.00000E000
0.00000E000
0.00000E000
0.00000E000
0.00000E000
0.00000E000
0.00000E000
0.00000E000
0.00000E000
0.00000E000
0.00000E000
0.00000E000
0.00000E000
0.00000E000
0.00000E000
0.00000E000
0.00000E000
0.00000E000
0.00000E000
0.00000E000
0.00000E000
0.00000E000
0.00000E000
0.00000E000
0.00000E000
0.00000E000
0.00000E000
0.00000E000
0.00000E000
0.00000E000
0.00000E000
0.00000E000
0.00000E000
0.00000E000
0.00000E000
0.00000E000
0.00000E000
0.00000E000
0.00000E000
0.00000E000
0.00000E000
0.00000E000
0.00000E000
0.00000E000
0.00000E000
0.00000E000
0.00000E000
0.00000E000
0.00000E000
0.00000E000
0.00000E000
0.00000E000
0.00000E000
0.00000E000
0.00000E000
0.00000E000
0.00000E000
0.00000E000
0.00000E000
0.00000E000
0.00000E000
0.00000E000
0.00000E000
0.00000E000
0.00000E000
0.00000E000
0.00000E000
0.00000E000
0.00000E000
0.00000E000
0.00000E000
0.00000E000
0.00000E000
0.00000E000
0.00000E000
0.00000E000
0.00000E000
0.00000E000
0.00000E000
0.00000E000
0.00000E000
0.00000E000
0.00000E000
0.00000E000
0.00000E000
0.00000E000
0.00000E000
0.00000E000
0.00000E000
0.00000E000
0.00000E000
0.00000E000
0.00000E000
0.00000E000
0.00000E000
0.00000E000
0.00000E000
0.00000E000
0.00000E000
0.00000E000
0.00000E000
0.00000E000
0.00000E000
0.00000E000
0.00000E000
0.00000E000
0.00000E000
0.00000E000
0.00000E000
0.00000E000
0.00000E000
0.00000E000
0.00000E000
0.00000E000
0.00000E000
0.00000E000
0.00000E000
0.00000E000
0.00000E000
0.00000E000
0.00000E000
0.00000E000
0.00000E000
0.00000E000
0.00000E000
0.00000E000
0.00000E000
0.00000E000
0.00000E000
0.00000E000
0.00000E000
0.00000E000
0.00000E000
0.00000E000
0.00000E000
0.00000E000
0.00000E000
0.00000E000
0.00000E000
0.00000E000
0.00000E000
0.00000E000
0.00000E000
0.00000E000
0.00000E000
0.00000E000
0.00000E000
0.00000E000
0.00000E000
0.00000E000
0.00000E000
0.00000E000
0.00000E000
0.00000E000
0.00000E000
0.00000E000
0.00000E000
0.00000E000
0.00000E000
0.00000E000
0.00000E000
0.00000E000
0.00000E000
0.00000E000
0.00000E000
0.00000E000
0.00000E000
0.00000E000
0.00000E000
0.00000E000
0.00000E000
0.00000E000
0.00000E000
0.00000E000
0.00000E000
0.00000E000
0.00000E000
0.00000E000
0.00000E000
0.00000E000
0.00000E000
0.00000E000
0.00000E000
0.00000E000
0.00000E000
0.00000E000
0.00000E000
0.00000E000
0.00000E000
0.00000E000
0.00000E000
0.00000E000
0.00000E000
0.00000E000
0.00000E000
0.00000E000
0.00000E000
0.00000E000
0.00000E000
0.00000E000
0.00000E000
0.00000E000
0.00000E000
0.00000E000
0.00000E000
0.00000E000
0.00000E000
0.00000E000
0.00000E000
0.00000E000
0.00000E000
0.00000E000
0.00000E000
0.00000E000
0.00000E000
0.00000E000
0.00000E000
0.00000E000
0.00000E000
0.00000E000
0.00000E000
0.00000E000
0.00000E000
0.00000E000
0.00000E000
0.00000E000
0.00000E000
0.00000E000
0.00000E000
0.00000E000
0.00000E000
0.00000E000
0.00000E000
0.00000E000
0.00000E000
0.00000E000
0.00000E000
0.00000E000
0.00000E000
0.00000E000
0.00000E000
0.00000E000
0.00000E000
0.00000E000
0.00000E000
0.00000E000
0.00000E000
0.00000E000
0.00000E000
0.00000E000
0.00000E000
0.00000E000
0.00000E000
0.00000E000
0.00000E000
0.00000E000
0.00000E000
0.00000E000
0.00000E000
0.00000E000
0.00000E000
0.00000E000
0.00000E000
0.00000E000
0.00000E000
0.00000E000
0.00000E000
0.00000E000
0.00000E000
0.00000E000
0.00000E000
0.00000E000
0.00000E000
0.00000E000
0.00000E000
0.00000E000
0.00000E000
0.00000E000
0.00000E000
0.00000E000
0.00000E000
0.00000E000
0.00000E000
0.00000E000
0.00000E000
0.00000E000
0.00000E000
0.00000E000
0.00000E000
0.00000E000
0.00000E000
0.00000E000
0.00000E000
0.00000E000
0.00000E000
0.00000E000
0.00000E000
0.00000E000
0.00000E000
0.00000E000
0.00000E000
0.00000E000
0.00000E000
0.00000E000
0.00000E000
0.00000E000
0.00000E000
0.00000E000
0.00000E000
0.00000E000
0.00000E000
0.00000E000
0.00000E000
0.00000E000
0.00000E000
0.00000E000
0.00000E000
0.00000E000
0.00000E000
0.00000E000
0.00000E000
0.00000E000
0.00000E000
0.00000E000
0.00000E000
0.00000E000
0.00000E000
0.00000E000
0.00000E000
0.00000E000
0.00000E000
0.00000E000
0.00000E000
0.00000E000
0.00000E000
0.00000E000
0.00000E000
0.00000E000
0.00000E000
0.00000E000
0.00000E000
0.00000E000
0.00000E000
0.00000E000
0.00000E000
0.00000E000
0.00000E000
0.00000E000
0.00000E000
0.00000E000
0.00000E000
0.00000E000
0.00000E000
0.00000E000
0.00000E000
0.00000E000
0.00000E000
0.00000E000
0.00000E000
0.00000E000
0.00000E000
0.00000E000
0.00000E000
0.00000E000
0.00000E000
0.00000E000
0.00000E000
0.00000E000
0.00000E000
0.00000E000
0.00000E000
0.00000E000
0.00000E000
0.00000E000
0.00000E000
0.00000E000
0.00000E000
0.00000E000
0.00000E000
0.00000E000
0.00000E000
0.00000E000
0.00000E000
0.00000E000
0.00000E000
0.00000E000
0.00000E000
0.00000E000
0.00000E000
0.00000E000
0.00000E000
0.00000E000
0.00000E000
0.00000E000
0.00000E000
0.00000E000
0.00000E000
0.00000E000
0.00000E000
0.00000E000
0.00000E000
0.00000E000
0.00000E000
0.00000E000
0.00000E000
0.00000E000
0.00000E000
0.00000E000
0.00000E000
0.00000E000
0.00000E000
0.00000E000
0.00000E000
0.00000E000
0.00000E000
0.00000E000
0.00000E000
0.00000E000
0.00000E000
0.00000E000
0.00000E000
0.00000E000
0.00000E000
0.00000E000
0.00000E000
0.00000E000
0.00000E000
0.00000E000
0.00000E000
0.00000E000
0.00000E000
0.00000E000
0.00000E000
0.00000E000
0.00000E000
0.00000E000
0.00000E000
0.00000E000
0.00000E000
0.00000E000
0.00000E000
0.00000E000
0.00000E000
0.00000E000
0.00000E000
0.00000E000
0.00000E000
0.00000E000
0.00000E000
0.00000E000
0.00000E000
0.00000E000
0.00000E000
0.00000E000
0.00000E000
0.00000E000
0.00000E000
0.00000E000
0.00000E000
0.00000E000
0.00000E000
0.00000E000
0.00000E000
0.00000E000
0.00000E000
0.00000E000
0.00000E000
0.00000E000
0.00000E000
0.00000E000
0.00000E000
0.00000E000
0.00000E000
0.00000E000
0.00000E000
0.00000E000
0.00000E000
0.00000E000
0.00000E000
0.00000E000
0.00000E000
0.00000E000
0.00000E000
0.00000E000
0.00000E000
0.00000E000
0.00000E000
0.00000E000
0.00000E000
0.00000E000
0.00000E000
0.00000E000
0.00000E000
0.00000E000
0.00000E000
0.00000E000
0.00000E000
0.00000E000
0.00000E000
0.00000E000
0.00000E000
0.00000E000
0.00000E000
0.00000E000
0.00000E000
0.00000E000
0.00000E000
0.00000E000
0.00000E000
0.00000E000
0.00000E000
0.00000E000
0.00000E000
0.00000E000
0.00000E000
0.00000E000
0.00000E000
0.00000E000
0.00000E000
0.00000E000
0.00000E000
0.00000E000
0.00000E000
0.00000E000
0.00000E000
0.00000E000
0.00000E000
0.00000E000
0.00000E000
0.00000E000
0.00000E000
0.00000E000
0.00000E000
0.00000E000
0.00000E000
0.00000E000
0.00000E000
0.00000E000
0.00000E000
0.00000E000
0.00000E000
0.00000E000
0.00000E000
0.00000E000
0.00000E000
0.00000E000
0.00000E000
0.00000E000
0.00000E000
0.00000E000
0.00000E000
0.00000E000
0.00000E000
0.00000E000
0.00000E000
0.00000E000
0.00000E000
0.00000E000
0.00000E000
0.00000E000
0.00000E000
0.00000E000
0.00000E000
0.00000E000
0.00000E000
0.00000E000
0.00000E000
0.00000E000
0.00000E000
0.00000E000
0.00000E000
0.00000E000
0.00000E000
0.00000E000
