40 80
1,80808966073033E-16 6,71309380805658E-10 4,67643958135189E-15 
1,36104579841608E-12 5,75435909345408E-14 2,98985115874987E-12 1,40560357524954E-06 2,25669076133852E-14 4,45805147151442E-09 4,5943485473391E-16 8,0933802312454E-19 8,65566698900961E-14 
4,43875299300185E-11 2,88895639545288E-21 6,47891876504277E-13 8,06301179116164E-16 5,93362684621426E-19 3,84112117974085E-15 6,07964162366499E-08 2,1432884508312E-17 7,92605225224622E-09 1,02965916929734E-16 1,88810043906482E-23 2,75993492109598E-12 1,10666449221191E-09 3,96088395505012E-21 2,01933383255433E-12 
2,95681685927911E-19 1,24158218068107E-19 1,64791986303736E-21 2,42286783386165E-24 1,42223385216693E-24 8,01967455573184E-20 2,33141493266019E-19 1,16075129391555E-20 1,44751602333367E-10 8,32699122421891E-15 9,83974689164264E-21 1,49825772362734E-14 1,58839899569531E-13 5,320635447774E-21 4,98404661102858E-19 3,23389652606972E-19 1,18283276017539E-20 7,85547824974265E-23 7,50542702461255E-16 1,57301266099352E-11 1,1119017309839E-21 
2,28442017758439E-20 3,17055087110014E-18 4,8105853454012E-20 1,02552654794188E-18 1,84539770827297E-16 1,32623119134524E-16 1,42070154779737E-14 1,53839498713011E-18 1,61660895255386E-23 1,44110361606238E-12 4,58075300326634E-15 2,73593676436646E-13 1,08093966263901E-13 2,96560005546254E-11 4,34270856789027E-09 4,71693810514473E-10 1,9754024308145E-18 9,72212524467076E-14 3,02366014230672E-22 1,66209091435838E-17 3,29649914464802E-13 9,29369845964954E-13 4,81812082300433E-15 2,04793173315698E-17 2,12968986535648E-22 1,80965816346382E-15 2,69534794442051E-19 
3,8000207672387E-14 1,21852378110961E-18 2,89434609357559E-17 6,54192375390941E-13 4,93760999180442E-23 3,89634101154963E-17 4,09720989263897E-18 1,63353386557444E-17 6,31099794810059E-19 2,03962104226887E-16 1,85579087722304E-17 4,78995824841553E-19 6,27795474521143E-16 9,86581590463421E-16 1,08051581382543E-05 0,00385844000589396 0,80599806528302 0,00290434434513708 0,0178891475774795 3,11949183214542E-16 1,77502847174417E-18 7,747873509034E-22 5,25286282242678E-18 3,15210451307388E-13 1,45616775683418E-18 7,2218975234479E-14 3,79190324022114E-21 6,22238614733254E-19 4,56566140697434E-22 6,41173978350431E-15 1,40001236158039E-23 1,78690605845405E-19 1,21931109759269E-13 
1,0741315498467E-17 1,44852702312616E-20 3,73398825516672E-21 1,93834381240094E-11 7,57313474378631E-22 1,03203386299404E-23 3,41321344461698E-20 3,01879353289598E-20 5,85347041618521E-18 6,60181350641996E-18 7,74795602620441E-18 1,35865627190844E-20 3,16287068407207E-16 6,71923169496053E-25 1,15631071822107E-16 1,7897126142997E-19 0,350525582376911 0,533881087451733 0,999999487165511 0,999999996997559 0,487303747354785 0,925300601655566 0,47204035908571 1,01382731181112E-18 7,40850701897632E-21 3,97727962763859E-32 3,91129783315121E-18 9,77616536370277E-19 1,1862725859011E-20 3,7684676678555E-16 3,64123265989124E-20 9,03001501311209E-24 1,8376648430792E-18 3,58554775988777E-23 1,70864341803645E-17 1,61596466986625E-12 3,25843637993057E-18 1,22443005255934E-17 1,0322160708971E-13 
3,27000470574002E-16 6,39895150245563E-15 1,59596976897679E-15 3,80748372876096E-16 3,49222936331222E-15 1,00729311096961E-17 4,07978938622977E-13 4,23207925658083E-22 4,04141221865544E-19 3,45694639163493E-16 1,40564795699124E-17 1,12017144604956E-16 1,18459572594066E-22 5,62166595195558E-19 5,32881549616117E-20 3,22137100355351E-21 1,23026078618843E-16 2,7288481439212E-10 0,341564679122853 0,999765333791558 0,999999999529119 0,999999999999129 0,999999999999521 0,999999999999884 0,981731900080302 0,320990177435373 3,37601332663697E-10 1,02100344928585E-18 2,41515241002215E-21 5,24964218253439E-23 9,84857122979237E-22 5,4521922246329E-21 1,645600592193E-16 4,53198100970777E-18 6,37957685388906E-22 1,49530123001246E-17 1,36326797308601E-16 9,38498399757845E-16 7,33137839066634E-17 6,32111690978481E-18 2,77406519199553E-18 7,67196034567911E-12 5,28028905772244E-13 2,12976173052214E-16 
3,10382972869519E-20 1,84698526371704E-16 9,91623176306838E-19 1,80172777781236E-19 7,7688285096295E-14 4,7592396064641E-21 1,07983042456701E-13 9,09168399856732E-19 7,69644327877908E-19 6,34709593595602E-15 3,18737953726734E-24 5,52189665167656E-20 1,35448023757449E-18 2,62372627685865E-16 3,74081774511828E-21 2,94095438953598E-21 5,31405141633267E-27 9,47024135064576E-17 2,08799146906893E-22 4,59779927400571E-10 0,375842595356787 0,999999986097073 1 1 1 1 1 0,999999190811328 3,11664893064801E-06 1,48842276546883E-11 1,70737240201143E-21 2,80064951653153E-16 8,20439280188443E-24 4,13999562345653E-20 1,21281131732493E-20 8,88791918291455E-11 4,21380335724565E-19 3,73548442822393E-21 6,27148543283742E-21 9,11770496027381E-18 3,23680166284224E-18 5,03480684109515E-18 2,50460226241855E-13 1,59809613592975E-12 8,72760690782314E-17 1,41536197884679E-19 5,42840507775949E-17 6,78156398646753E-19 1,15649568727737E-14 
1,59844923320603E-16 9,86049388464779E-19 1,57195082330381E-11 1,1630109667072E-19 7,2544657091226E-20 1,7506124772313E-12 4,07104045340012E-16 2,08509907476406E-13 5,03790116244863E-17 5,52118440469755E-16 9,38351802907458E-19 5,06074753055135E-18 4,91185202904532E-21 6,00149160964851E-18 4,66124001974632E-15 7,09254035293998E-23 1,82847278540583E-19 1,05422584586522E-21 1,51712012403091E-20 8,52706925886299E-17 1,50220843674441E-28 4,19063661848642E-14 0,395743830782759 0,999999999997587 0,999999999999998 1 1 1 1 0,999999999999994 0,999999985781006 1,07722405049353E-11 2,01418743382641E-13 8,52928304763779E-16 2,42041138887069E-13 5,38290535633725E-29 2,84145086963684E-23 1,59356893140269E-21 3,02851884281475E-15 7,88513444202689E-15 6,09860396367964E-18 1,27241142677634E-17 1,62572384447001E-21 4,01450768633099E-15 3,59611357645615E-19 6,96150021593427E-14 3,68120243694857E-15 3,63665754982559E-15 1,18645018133013E-13 1,79834302985655E-16 1,41824816828409E-21 2,98812813939903E-14 1,1560008050316E-15 1,11772013972511E-19 
2,45320253996023E-13 3,52301632917599E-12 9,72997504223772E-17 5,9189342146613E-24 6,73589818048402E-11 1,46986855369989E-20 5,93360028054038E-13 6,01189261624385E-19 2,52160201175201E-16 1,20278889101474E-17 6,82362830629338E-15 4,0999645220806E-18 9,08937344129669E-14 2,15059553667669E-18 3,46964982517164E-15 9,79075475229852E-15 1,12563111156267E-17 1,96601469337637E-18 7,09754743267708E-18 7,45272259494677E-18 7,42812676007406E-13 2,89875104348836E-12 1,41625880595529E-19 7,88773762254288E-16 0,215507256596028 0,999999922144144 0,999999999999954 1 1 1 1 1 0,999999997736325 0,321572126010761 4,91754401149458E-14 1,66102897207326E-13 2,75680194671647E-10 6,02192313278726E-13 1,21117751538125E-18 9,77205456430805E-19 5,37189579911422E-18 1,16776202846819E-13 2,79673951115219E-16 3,55611564265358E-18 2,18281831676506E-16 4,91139796331088E-18 2,1972072027913E-13 3,18344898120574E-15 2,78407666436883E-18 9,29344186611495E-18 4,66642196843775E-17 1,64616362142551E-12 1,1294273860301E-17 3,84116386867116E-13 4,45589147103903E-20 3,35909860307104E-22 2,06846504703569E-13 1,08567675464543E-13 
1,46775090902618E-17 3,97554358646234E-15 3,67828769181882E-17 6,02902977090808E-19 1,38288289997362E-19 5,2192333474675E-23 1,72816947872163E-22 3,49115119303233E-23 2,53989289692594E-20 1,83911555476488E-14 2,73372662494809E-20 5,58535919570178E-18 1,00278316795713E-15 9,40962552151592E-21 2,03177389073062E-14 2,69549706848118E-16 4,3826178955043E-16 3,69640021660467E-15 2,84176215611388E-14 2,12410906725151E-21 3,12740496001352E-12 1,63373161181056E-17 1,52789557265495E-11 7,41997662807566E-16 5,76662451337399E-17 4,20005383420835E-10 0,318533906119625 0,528744300999768 0,999999999998498 1 1 1 1 0,999999998268932 0,464645562466843 0,175928400494399 1,19531902637006E-13 3,88427336297847E-16 1,95204170864449E-13 1,4930591151682E-10 2,85827821332315E-22 1,49958261797758E-16 1,08957784581873E-17 8,63407073526005E-13 1,66229993012175E-17 1,76279168397277E-15 1,90036890847148E-14 5,55144017571569E-16 2,65654740054501E-20 1,96849607260281E-12 4,19406827102342E-18 4,11480161394966E-13 3,04075704413745E-17 6,84669314518094E-18 4,78348689613826E-16 1,36293899723022E-18 2,11959544050183E-21 1,02268929287895E-16 1,6718940274792E-22 5,12034593469554E-15 1,72681562252954E-19 9,88707640554306E-19 
1,63797933226289E-16 4,91686837999754E-17 1,97921391863652E-21 3,58605836178321E-26 2,51172784367722E-15 1,62547444295599E-15 1,65007050583683E-27 2,63112130388888E-12 3,17920130061749E-25 1,91593771783371E-17 4,33352560594338E-19 1,39870858306836E-15 3,56048540984306E-19 3,13952816676869E-14 1,20085475342842E-17 1,66730971261244E-13 2,82234431409452E-14 1,77909371334251E-14 1,26426717530704E-15 1,0377818350808E-14 2,39739683519764E-16 1,77511375457162E-15 7,98407104219863E-13 3,65021699167315E-09 2,4092413189592E-14 4,836824645088E-14 2,44518725904106E-16 0,0062862150592206 0,347969894831462 0,704082472644479 0,999999996611707 0,999999999994921 0,999961362821409 1 0,999999997335447 0,999942264769592 0,641329423994937 0,198108893107154 0,00543392197712444 5,17960524756243E-17 4,01798096154009E-12 3,89217887608321E-12 1,23866885712225E-11 1,06431531258712E-16 2,34862147606827E-11 4,65562493310866E-18 1,75691031580267E-09 8,95249552812864E-19 1,45839748581516E-14 9,45565809395409E-13 1,50184882495322E-13 1,12701396297656E-18 3,17813414575104E-15 2,20201358764377E-16 5,24744994630729E-16 5,92602666245458E-17 7,45973936301073E-19 3,75036704145301E-14 2,66473166838552E-16 4,27601791803637E-23 5,96530761781177E-18 9,8063812390799E-19 9,32102484025192E-20 3,49978598550437E-17 1,0281485226256E-16 4,36591841914956E-25 
1,10005693916173E-20 1,48328034865473E-16 6,07270604214664E-25 2,39603572079102E-18 3,88404499325914E-18 9,34236833457845E-21 2,66346563729267E-22 1,53780095905876E-20 1,58737374356781E-19 1,41592732294502E-17 1,91909726806059E-16 4,02699875352159E-16 1,72349462203529E-20 1,27458000802575E-19 4,41759704023795E-17 2,68910547246372E-16 5,2622483007442E-11 1,00967085122304E-18 1,89914180200792E-17 3,79389816643568E-20 3,3179432384015E-13 1,02428941388105E-19 1,36545203594407E-14 9,85497787545797E-11 1,18620598814308E-13 8,69977303153761E-17 7,7741683597708E-20 1,68023804832866E-21 1,89223247473204E-08 2,05477459475901E-09 0,319968428667347 0,463534117635489 0,453663664088983 0,623592621621561 0,840714514304276 0,689545908092829 0,461576855520703 0,579037268331713 0,625630412866504 1,17135664195764E-14 4,73271555427178E-08 7,13227924332964E-20 1,90051031296381E-12 1,15676944974587E-15 2,07094204626459E-10 1,73934095885001E-16 2,71701398960621E-14 8,47583219078063E-18 7,04896424204425E-12 7,52011548804372E-17 3,81113083102954E-16 2,88135234799525E-15 2,85484628837468E-16 5,79785439989322E-20 1,33547149929459E-14 3,27709112358631E-17 2,6599941324643E-17 1,67950981052474E-16 2,45067995122612E-15 1,03957729476901E-19 6,3555668475934E-19 8,51966551945588E-21 3,20736343352622E-21 2,51795687397085E-16 6,85255954439569E-26 4,39058283675133E-16 2,16702440770963E-18 8,96114559730162E-20 5,70459618779376E-24 
1,48487225154781E-19 7,29773711855699E-17 1,1245954073256E-22 2,54197912770736E-14 4,32821398082054E-18 1,69918969269601E-19 2,12763489587512E-19 1,2655686670048E-21 8,83218205949804E-18 3,88010725645766E-18 7,92288685875871E-16 2,66167090939517E-18 9,38935081812044E-18 3,33639599620842E-20 1,40966339175801E-17 1,61509905413713E-19 1,37033978698586E-13 9,50699950170204E-19 1,33389076921852E-19 9,72565125160529E-20 1,06004185458224E-16 2,07259300949875E-14 1,6074158785308E-20 2,82023981919597E-12 3,53804176427053E-18 3,84740143312758E-15 5,45695324025852E-15 6,83313945729121E-20 1,60982117086414E-21 1,65227888738756E-12 4,25282626315275E-10 7,68428702535418E-11 0,0527936506832178 0,439435080085766 0,407414573770177 0,436978407752403 0,442338443834256 0,3611649667361 0,396170578332689 0,108558495296653 0,00126888979835887 5,80459823893098E-15 1,57999352009789E-11 4,59674578200247E-19 1,38423235898224E-10 3,83235990464547E-19 4,58439731145863E-16 1,8915544525664E-17 9,91520337467368E-13 7,25483787096873E-18 1,75173052218272E-13 8,31748969034348E-17 5,71959683227639E-18 9,62313611722165E-20 1,70458443795938E-14 8,90644374570007E-18 1,55888856343289E-18 1,23302628820993E-16 8,46532467959451E-21 8,10575815934021E-15 1,07424620248142E-19 1,82701637482385E-17 2,43818443759109E-17 1,31489927689252E-18 2,186934076881E-17 2,19879551804573E-20 1,55524281713487E-14 2,22084293493998E-22 5,07510725564231E-15 1,83747633249932E-16 2,67132334951738E-18 1,76701128047373E-21 
5,12319857487254E-19 1,37118899641208E-16 2,52931374396282E-20 2,36769947819219E-16 1,36862212051077E-16 7,3964101261558E-16 1,05312330790974E-20 1,19197422877742E-20 1,23022328987485E-18 1,05399283938963E-18 5,8310520295427E-19 9,78694512786333E-15 1,30758551203841E-17 7,58908340787977E-17 5,03414572585333E-17 1,46811967849085E-20 1,82007473314522E-19 7,07986667034387E-17 4,11329445634843E-22 4,87401948879546E-18 1,49530802748717E-20 6,17328941006718E-15 3,76885300442724E-18 3,17904186639099E-15 4,67437364365908E-15 9,34959002984627E-21 6,43256077606519E-12 2,03290341791724E-16 2,86256899481475E-17 1,185266342537E-19 2,86985236125759E-15 1,30306960006715E-14 3,79360853575487E-21 1,79083147233968E-12 0,000534219536985669 0,629205152443448 0,147152772850221 9,04178239890581E-05 0,0552082897137302 0,570862566941424 5,71268334595274E-09 1,10958955006373E-08 1,31262750706134E-12 1,42157267339013E-14 4,46787241503667E-15 1,22564401831647E-16 3,21457875785331E-14 2,93662644702296E-21 1,30878906717766E-14 4,10642954630466E-15 1,46958942379658E-11 7,20563233276281E-20 3,98832279694233E-17 2,56311411383539E-18 1,06720766151434E-20 9,44685519371082E-18 5,5199754049118E-15 1,53088143278862E-15 5,36303581528421E-18 7,14092925456248E-17 1,62910003250651E-19 7,40180159677639E-18 1,17976477758031E-19 7,47955052339275E-17 5,42918816646745E-17 1,79008565853137E-16 3,93624124488314E-19 2,75898300324491E-18 3,40914777037402E-18 5,87153364586636E-19 1,20090854741989E-19 2,58422389625682E-13 1,1460156936091E-16 1,95913641026988E-16 2,66661504057487E-21 
3,8903297749423E-19 1,11624329095676E-16 2,74086079264451E-17 1,40022514164463E-16 1,56300861345884E-15 4,13585920169733E-17 2,88604942834149E-18 3,26031110050662E-19 9,68960043487594E-19 7,11811536698165E-22 3,07662854907206E-17 1,07901957182317E-19 2,67602726167405E-17 2,70137252808697E-13 6,39214557180939E-20 3,5642206991668E-19 3,56260746364472E-18 1,7038750923806E-22 2,36632098792374E-19 8,92562035658234E-15 9,60849828182799E-20 2,18992916820759E-15 1,52578002605354E-16 1,77207818669263E-18 5,70097882657492E-23 3,08583052362692E-17 4,08780882281479E-24 1,00589764446656E-11 5,45848315408211E-27 2,16037141111384E-20 5,18087359219672E-22 1,48550803000259E-13 4,68096503356608E-28 7,36927483402473E-18 2,85573893686681E-16 1,02201187165502E-15 3,64872556789119E-08 1,90573147226956E-13 1,67156196498448E-13 9,65382162052993E-11 9,45023894111055E-15 1,08663043488182E-13 6,13567873468243E-12 1,72490046587221E-18 3,09397095201133E-23 1,94734599919295E-18 2,8493320017407E-23 3,23212301202566E-20 8,59820536620607E-25 2,61507428364627E-18 7,44761455126693E-23 3,43593746434825E-13 3,89929195303268E-19 1,09712229266016E-14 3,46448006745515E-19 3,01610959846607E-21 1,17241585702592E-13 1,24038737163633E-19 1,02519271619363E-16 1,39453816571989E-19 4,83453840017821E-16 1,09264508561788E-20 1,50795855331379E-17 2,35727266785437E-21 1,10252533350773E-19 1,18059160831231E-16 9,38329928220965E-20 3,34083587125631E-17 4,86673684847611E-18 1,60878723042458E-17 3,54973330379331E-16 7,72269756647754E-19 3,97000076917189E-17 8,70780666092279E-13 2,37607389098731E-19 9,31803485184483E-16 3,30344468160806E-19 
1,52501499947923E-19 6,79362474505221E-17 2,56620547171253E-18 9,57762364098559E-16 1,65883228233395E-16 2,20773064833956E-17 2,09283407500621E-17 2,51428743271286E-16 4,57399335270278E-20 1,2240945156267E-18 1,03215459674195E-16 4,17166210415677E-19 1,30665364574449E-16 2,6157611587752E-17 2,53641319413651E-17 9,72797097736747E-17 2,70144899114426E-19 4,03680519801002E-23 5,54654734870479E-16 2,56953861569832E-19 7,80664668120459E-19 2,62264976665843E-16 1,31480085035241E-17 2,08335751039514E-17 2,11206167608141E-22 7,6470756332996E-22 3,24727005180514E-20 6,88609649822618E-17 4,88851252856405E-23 3,73285879214404E-19 2,48169608252698E-28 1,61014854910806E-21 4,35167490828743E-26 2,05293363772809E-26 8,60042121849918E-22 3,56716219746276E-21 5,10957630827325E-22 4,75440196030039E-17 7,4328239061574E-17 6,52092503967554E-18 1,58587571839604E-25 6,52842548719956E-17 2,8547214493392E-21 4,7040983491734E-20 1,20544297035633E-29 1,11736225502562E-22 3,8701696205788E-19 3,54979713376811E-22 7,51727229941167E-28 2,65387250597113E-20 2,79416001620609E-17 1,44832385489503E-19 1,12841128039127E-15 2,95129299545134E-21 9,27995296845768E-19 1,17044294225021E-22 1,99975659292289E-22 7,09945015927112E-15 4,09939291127362E-18 3,66572425954057E-18 2,93282052470971E-20 3,52977274649702E-18 4,11541698561202E-19 7,12481358259505E-18 4,8880761577024E-21 1,52442575881377E-18 1,76841345921415E-17 1,05521567644547E-19 2,94196261570683E-16 7,55403138503748E-18 5,36951081704096E-18 9,9366991423768E-17 5,43140868241076E-17 1,76724356008662E-16 1,32804566292743E-13 5,6207565838055E-19 7,10819835089043E-16 2,05549179217456E-19 
2,05583508187567E-20 6,62012352990785E-18 3,04579813482141E-18 8,79404755549486E-16 4,69826404612535E-18 2,75896073027318E-17 5,23028452612982E-17 1,54934273870632E-16 1,65560084456476E-21 9,89149793999374E-18 1,3751610425588E-18 5,87511389494681E-18 1,77217312815253E-16 2,28559990189524E-19 6,07282877230815E-16 3,68955300443908E-14 5,73172143213782E-24 2,0750972143139E-22 6,46499280923696E-19 8,80605778028809E-22 4,17340441631417E-16 1,29055158832797E-21 3,64500556225695E-18 3,85034605997108E-17 3,84221208291339E-25 7,90441357437323E-26 3,89743978012971E-19 4,51145804823584E-26 7,67585288208812E-21 1,48451103671008E-27 1,13235351290865E-29 2,12903502015349E-25 2,28656461782333E-25 2,42156602904915E-35 1,50292240370952E-20 6,43819100548006E-26 2,71699545450707E-27 4,6240458777621E-21 1,31420758819755E-25 5,03696999669579E-25 4,12441944537974E-26 5,69203182931889E-24 1,37568043040872E-23 4,25360890163578E-23 1,45306250892035E-25 2,16762692565199E-30 3,00735092191843E-25 3,64568292622751E-30 7,97554849331884E-28 2,08366702822312E-28 6,21214560186669E-22 4,0801319431541E-26 1,80424749072448E-20 1,10027981367744E-21 1,91111884620622E-20 1,21553860294922E-24 4,89237588112367E-24 2,10430980052728E-21 4,23510281988316E-19 4,97882101711379E-18 5,12934221396781E-19 2,17964058077087E-18 5,15173224333301E-20 3,46806023399782E-20 2,46800204301917E-18 1,19987986435966E-19 7,13107675304863E-18 1,56917247684764E-17 2,1065588745644E-18 5,53988299672913E-15 1,33700103204295E-17 3,32370311993626E-18 1,04661576652201E-17 1,67264833143247E-16 1,33511483116394E-17 7,08781692556618E-15 1,24745909884103E-19 3,68336684717321E-17 1,83365861600083E-19 
8,42396966302422E-21 5,28137627239026E-18 1,42962776975842E-18 5,1846552901911E-16 2,5775979055527E-20 6,24951865477855E-18 1,35826048068187E-17 1,94499764351923E-17 1,91055571636321E-21 6,85995558918424E-18 1,63984412426504E-18 5,4658609109546E-18 2,79703688811302E-18 9,07839039714901E-20 4,51896962959699E-16 1,24585830221303E-16 2,28351271405442E-24 9,20777555956266E-22 5,2159068630246E-21 7,69589919258696E-22 2,84596359765617E-18 1,0014852685126E-22 5,18573096705506E-19 8,19858970529879E-20 2,59461201333994E-26 5,33147502646848E-28 7,06597491742145E-22 4,84272083930743E-27 2,54549608447707E-23 1,00054578893203E-31 2,51008386351429E-26 2,69466709900966E-26 4,80306955165382E-26 3,44017795421793E-31 2,458793960377E-27 8,14999430527174E-28 4,29191745511625E-31 5,13983377710851E-27 7,79456400865325E-28 1,43403388980662E-26 1,46165685243699E-29 3,13724238139746E-32 1,19407575874011E-25 6,43610834522024E-30 6,3267677800945E-27 3,01651475084312E-34 9,58316107370199E-30 2,07538145887561E-23 1,38935960961794E-30 3,90080817303042E-29 4,16840805182176E-27 1,36408185343665E-23 8,24670040460159E-28 7,33885743072076E-20 2,00526991143534E-24 3,88054363523014E-19 9,77260185380226E-27 8,77248761988035E-24 1,23388184788951E-19 2,46130036391244E-22 3,68744950278171E-19 1,60167849777467E-22 1,40729623852022E-19 7,25899107206186E-21 2,73017636067378E-21 2,06836142518318E-19 2,4738742082904E-19 1,12883360777483E-17 2,03111859925206E-17 2,91236103415507E-19 2,66569256510092E-16 9,7291133577334E-18 9,38653733017072E-19 6,25912972868984E-19 2,02395357458581E-17 5,14536744729423E-18 2,36862561244399E-16 2,24088367060345E-20 9,86115483666709E-19 7,05417323873685E-20 
8,02214903166653E-21 2,67575583504158E-18 5,69862284998165E-19 5,87713861860926E-17 7,33835894060895E-19 5,84929693024482E-18 1,09580852812511E-18 2,09838473705449E-17 1,28883250889275E-21 6,54482124430278E-18 8,1152353325298E-19 2,14547793270037E-18 1,20740882910384E-17 1,70290905887348E-20 1,91758322479799E-18 2,32640193832274E-16 5,35647395398974E-24 5,72029436171313E-22 5,94761286262794E-20 1,94915616298359E-22 7,75879277844772E-19 8,44063642912794E-24 1,1099477692402E-21 1,11522202891782E-20 2,40941568239504E-27 3,50479027097532E-27 1,54262453397567E-24 1,84826088245821E-29 6,87053182387082E-26 7,03712328730821E-33 2,94532146136919E-34 1,12974468911882E-28 1,12929352836078E-29 1,23340791116557E-35 8,15726378962682E-27 3,26140593455367E-31 1,01128824932647E-31 4,13196559271798E-28 1,40149911773146E-31 4,68239266361842E-31 4,22433162785436E-33 1,46058484959653E-29 1,88908173729731E-30 4,16908942365026E-30 7,91631946429291E-31 1,54956119738947E-34 1,64563848886879E-30 1,13070208843849E-33 3,56488008256357E-32 1,09202317440411E-31 9,64189997560881E-27 1,71851299199151E-29 9,2988742944555E-24 9,01299632765696E-26 2,58613246654819E-24 1,04081899858776E-27 5,09526372625129E-26 5,11735601896597E-23 2,25224802174114E-21 3,14703276042045E-20 8,32623446406439E-21 7,65145678609623E-21 8,47734626799158E-21 3,53347596118102E-21 1,00519521141835E-18 1,0549962410198E-19 2,36677757184074E-18 3,05275158788163E-18 3,41876058239201E-19 9,32333309205229E-17 1,37793567590477E-18 2,6165227316328E-19 9,47771340166025E-19 3,88007249937684E-18 4,21523293667163E-19 6,39920090017625E-17 6,65412823788521E-21 1,82079410195281E-19 1,36852824278001E-20 
1,76604406946825E-21 5,86428522274968E-19 2,11330448574679E-19 5,22862690270724E-18 1,02849151304508E-19 2,15861800362991E-19 2,13489700791037E-19 2,25514611795489E-18 8,38164604732016E-22 1,75335319710504E-18 3,05366227217176E-19 1,88879544311668E-19 1,50766949343056E-18 2,91046114634391E-21 1,92442936596209E-19 1,71677580328358E-17 3,9726935742586E-24 1,78926250725291E-22 8,02090419055113E-21 1,23123958779895E-23 8,98143913324358E-20 6,24056128329839E-25 4,53881777102814E-23 2,0816137863858E-22 1,08536116254826E-27 2,59568770934869E-28 1,68227393470633E-25 2,6972593135322E-31 7,51591035214167E-28 5,89536017425391E-34 1,59384055722663E-35 4,01519347634828E-32 1,40232850396839E-30 3,94899187355568E-37 3,76771463930464E-29 9,79187232088318E-33 1,69371499123263E-33 1,91630902095261E-30 1,54714559039891E-33 2,37254452628389E-33 1,44118796372232E-33 1,4206532990054E-32 2,9899187666041E-33 1,21657737348345E-32 2,68889898857718E-33 4,9722965720795E-37 1,24119524695856E-32 6,01685271737222E-36 1,68185109148184E-33 7,3655713940322E-34 4,11736562485447E-29 5,14917132173075E-31 1,6354214439858E-26 1,72167011706284E-27 8,12511055940594E-26 2,57186036960617E-28 3,06687251380158E-27 8,31089947563181E-25 5,62290743964748E-23 1,46712594447172E-21 9,31928060464386E-22 3,12492329859116E-21 1,63851391558219E-21 4,1628806665063E-21 1,64451761118478E-19 2,91935168121202E-20 5,20700015272179E-19 7,8756877997197E-19 6,43494284446881E-20 1,23853471387581E-17 1,0559455143676E-19 2,4820475597738E-20 5,97929468435011E-20 3,05128452084016E-19 3,10329957589356E-20 2,6762488835257E-18 5,97754193331343E-22 3,8113392792055E-20 3,39762282877206E-21 
7,98504037611422E-22 8,92693561280591E-20 1,65105342372655E-20 2,19795099554107E-19 5,74040963839283E-20 1,36497144293676E-20 1,74133960701252E-20 3,91832763892064E-19 7,55949137441208E-22 3,87099231798694E-20 4,29108952141793E-19 6,47704043499143E-21 4,64207041439743E-20 5,07859283090995E-21 2,75428353310908E-21 9,87372320815419E-21 1,08355821010098E-22 7,82418843379479E-24 1,55975020600866E-20 3,3791096476139E-23 1,35231560197444E-23 2,84791683898527E-23 2,79609309135297E-24 1,61454607014739E-25 4,08356044984496E-28 3,2485803645108E-28 1,16223350035915E-29 3,69550746566348E-29 9,3361221854731E-33 1,80857555608207E-31 1,73515919845313E-35 8,31486946824061E-33 8,9116703732268E-34 1,2935259319516E-34 3,58164628902153E-34 5,39170904389342E-34 4,93859383308368E-34 2,03041991487201E-32 2,22482980880476E-32 8,35139876592196E-34 1,78890561832864E-36 1,18252068332462E-33 1,51171406933263E-36 1,38572489806797E-34 3,2769357240039E-39 6,37291864521702E-35 1,47388005907834E-32 8,75903184672767E-34 1,58525606360682E-35 4,97144462444092E-32 6,0099653899233E-29 6,63722583654611E-29 1,18755971749155E-26 6,2168104875288E-29 8,39483010479058E-27 1,27498927279495E-28 3,55637035339132E-27 1,14129538920752E-22 1,10251172245673E-23 1,81389724000951E-22 2,56738419071546E-23 1,56216943510023E-21 1,79900573446956E-21 3,38629072739166E-20 1,80864527608147E-21 2,20039647681743E-20 1,60054976008424E-19 4,54564183845945E-21 6,9076618971606E-20 4,8002340241186E-21 2,13986257192754E-21 8,54418342792837E-21 4,86966223874756E-21 2,32434813290023E-21 2,14442591877154E-19 8,44161688257754E-23 1,73873766330211E-20 8,84053588151827E-22 
9,30002674324954E-23 2,33222605401693E-21 1,25188205375147E-21 3,82009174668156E-21 5,36576556655918E-21 3,4831202627928E-21 9,32783160106959E-22 2,15103340708117E-21 2,13401959467094E-22 1,31596544975971E-22 6,86034271236674E-21 1,00508924652975E-21 9,72610264159225E-22 2,24403028508494E-20 5,71225906878138E-23 3,09395459590871E-23 1,19974703422693E-23 1,3806846365241E-24 1,8106893360111E-23 1,8515759970994E-22 2,79729921930589E-25 3,25823143231124E-24 4,55781536718934E-25 1,49019094409813E-28 1,27783173914289E-30 7,92071044874211E-29 1,03485956125455E-33 1,06250721602256E-29 4,96998122520043E-36 5,66952545464967E-34 2,65680172353995E-34 3,52378304347771E-32 5,38763612278663E-37 4,43965035071879E-34 5,79942378901663E-35 1,00651390534261E-34 2,56124312756446E-32 2,90888971501431E-34 2,42095457259561E-35 1,30959290958416E-34 5,21922248462323E-35 3,74306199654349E-36 6,44404114187218E-36 2,11147132251473E-36 4,27962576579121E-38 8,67519566425216E-35 3,3388224647959E-37 1,2814961745299E-34 1,76234233568147E-35 1,35625229085176E-32 7,94758219861159E-33 2,98998440551436E-28 1,87949087355514E-30 6,5248575179326E-27 4,75095610957524E-29 1,2067509187177E-28 2,22733416162219E-24 3,60142153912542E-26 1,66468131513348E-23 2,83656311433592E-24 2,85762258297657E-22 9,03023959928534E-23 1,82629261976328E-21 2,3906409414132E-22 1,04435587836528E-21 2,16071493162985E-20 1,12145433264128E-21 2,38869221158202E-21 3,37244370801491E-22 2,28327034016493E-22 4,49458160353996E-22 4,45343852787932E-23 2,1799531393097E-23 3,00541579289294E-21 1,97246173829077E-23 1,11774308894304E-21 2,1840519925083E-22 
1,1535365108695E-23 6,20778075692146E-23 3,70483844459439E-24 8,78663339033482E-23 1,59981685349775E-22 9,96900884227237E-22 2,74027164151353E-23 3,07248464755491E-23 3,01359287966342E-23 3,53512366930736E-23 4,9609406185494E-23 1,70244548505698E-21 8,19800800655081E-23 8,69081292454429E-23 6,61036148876569E-23 1,43496950276019E-25 1,22460060748196E-25 3,8741322613443E-24 6,91479491621814E-26 4,82394460501186E-25 5,37046143352704E-26 3,21662048190603E-26 2,86348807284388E-28 7,727150294685E-30 4,01856692947899E-30 6,71935460682806E-33 1,14517585781405E-30 1,30940394589318E-32 6,77780206381961E-34 5,11144803310855E-35 7,91171559579548E-35 1,07693706298096E-35 2,28656933783061E-36 2,4764341894416E-35 5,76133229181761E-34 2,77613858790267E-33 5,03578892229032E-34 8,25775779832663E-36 4,90355526664315E-35 6,5418563354409E-35 7,13094683212292E-36 1,48697375447734E-36 3,98338219416197E-37 3,66994499915375E-37 3,78364657039433E-36 2,80913340044135E-36 1,28950147314353E-34 1,54454814345557E-34 1,24347322560826E-31 3,02207218325005E-31 5,97638361835961E-30 2,22939067520328E-31 3,00773984813045E-29 9,64771451689509E-30 6,6584753454217E-29 6,45144923668169E-27 5,25339941124222E-25 3,95653795494216E-24 3,95443868688742E-24 2,46982401413803E-23 3,16725617366329E-23 1,12745331601349E-22 1,53612025396552E-22 7,62364743689499E-22 2,61429904720582E-22 3,5508179769582E-22 2,54072439013294E-23 1,42242040443868E-23 7,1944180012027E-24 1,64830889437153E-24 3,12747097265346E-25 4,17327613499692E-23 8,67077679026053E-24 5,36210098069711E-23 5,37267542218902E-24 
4,78790656430025E-25 1,1797705098159E-24 6,73138889930792E-26 5,47413523559896E-24 1,34326074434398E-24 7,5401126299374E-24 6,26830363308394E-24 1,07083156710232E-24 2,71492567099094E-24 2,5596320263142E-24 1,3456688586786E-23 1,83913104929604E-24 1,30749433906216E-23 1,69167361571361E-24 3,00925474611025E-25 2,14045232255867E-26 8,06020969888065E-26 4,67566306144774E-26 1,49588375055869E-26 1,29165332527432E-26 4,21305592834972E-27 1,6626711251369E-28 6,29634127026861E-31 2,51617070244646E-31 2,49808843013977E-32 1,2245296494096E-31 1,11552332498189E-32 1,34512425854373E-34 1,67979146038908E-36 6,62826418886041E-35 1,64041634573795E-36 1,97155938129765E-35 2,01049662076388E-34 1,00734976835328E-33 7,86809719791834E-34 2,28309173599073E-34 4,50279217972328E-35 3,62531796818134E-35 8,88584669699407E-35 2,19922004954492E-35 1,26654994250798E-35 3,90081547836792E-38 1,89436136219885E-36 1,69385145535818E-37 5,42742192207546E-35 6,04936614672196E-35 2,30864368139277E-32 5,28911386470704E-32 2,05360814706182E-31 9,62032968634792E-32 1,4849901453622E-29 4,76176618804965E-30 5,923968317142E-29 4,29906905930082E-28 7,05708820713569E-26 1,11122845097878E-25 5,2292018497924E-25 2,07383107442821E-24 3,35457963158586E-24 1,27602457803652E-23 4,34953274944248E-24 6,35754855529283E-24 4,25497235040891E-24 2,44474691618458E-24 5,89783519050402E-25 1,89297923790755E-25 5,71913362657498E-25 1,18682098261221E-26 6,18655127230632E-25 5,03306862831523E-25 9,88278122452656E-25 1,84578844128854E-25 
7,64688192362978E-27 4,37848307344724E-26 5,56650550345276E-27 1,8863489044923E-26 3,87035926125429E-26 2,35714252422554E-26 2,35994761997145E-26 7,63566387029776E-26 4,55724365394172E-26 1,77399391085095E-25 1,57935860324382E-25 1,43228683588087E-25 1,9082298567689E-26 2,87833301193209E-26 1,36493097846467E-26 6,25324478305584E-27 1,82693871896423E-26 1,52451973670955E-27 9,96452897462526E-28 1,37375512383612E-28 7,13804791169004E-29 1,50639388901625E-30 1,1050946819768E-30 1,58797790961122E-31 6,65802805902294E-32 2,3925074140658E-33 2,8386822240632E-34 9,74089555428769E-36 4,4119062505407E-34 5,98678471169096E-35 3,67554281819352E-34 6,44180978878608E-34 1,1316974499361E-33 5,12370060247681E-34 1,52360892512201E-34 4,41980888116739E-34 4,8222261299431E-34 1,04739750677819E-33 9,96185341514987E-35 1,80541623897488E-36 2,49696110625759E-35 1,45434410290716E-36 1,88299521343054E-34 3,24951486447231E-34 2,60436006019328E-32 5,53980708951311E-32 1,20137904767659E-31 9,8832695104447E-32 1,3924760288959E-29 3,46604311188323E-30 4,83265969230665E-29 3,94929839608562E-28 4,56164672771964E-27 6,34153391583098E-27 1,01324946529336E-25 1,88274476489134E-25 2,64869375382997E-25 1,23858411155474E-25 1,42919776668727E-25 3,80572396457653E-26 5,11022537513789E-26 1,39364657157228E-26 4,62784016688554E-27 2,20481455126778E-26 8,8829107951392E-28 1,01609807262259E-26 1,09593194789401E-26 7,7550443075648E-27 2,13905464363901E-27 
4,97994308652928E-28 1,07040014990106E-27 5,66446971124571E-28 2,63385601234272E-28 7,00758467449439E-28 7,35944020113631E-28 7,10635921603351E-28 7,39269611781732E-27 2,80435679927934E-27 5,46941324114106E-27 1,54526638675036E-27 5,65650437003584E-28 7,43618765184777E-28 1,80522612385417E-27 1,22621680243057E-27 1,48945575156428E-27 2,81568316478475E-28 6,83322394386424E-29 1,19214248768623E-29 1,29633423736774E-29 5,48529623387968E-30 4,7250516722992E-30 4,30940327520942E-31 1,67853319249289E-31 4,13161860416955E-33 2,16304856211501E-33 1,02865958334651E-33 1,17650251912042E-32 9,59216219398159E-33 6,26808169778672E-33 4,99771669433297E-33 2,90027772562148E-33 1,8093336664423E-33 6,4875567530922E-33 1,37101107140721E-32 1,34268841525171E-32 8,46816986730814E-33 3,27422895582925E-33 1,36422808537335E-33 1,71879927999756E-34 1,17447448192366E-33 4,34473620523254E-33 3,91981230869759E-32 6,42176287785131E-32 1,86649902066255E-31 3,59389383822823E-31 1,12074933366668E-29 2,17416493242124E-30 2,79808424423261E-29 2,43582618383957E-28 8,25875745976183E-28 1,09606794318436E-27 5,25594957574522E-27 4,12570985497351E-27 4,77977500064829E-27 2,67947739854169E-27 1,04497659141412E-27 7,2184201207643E-28 6,23423818187118E-28 3,1576778260861E-28 6,10454211419319E-28 3,6747972452955E-28 2,87731689486051E-28 4,08949638605777E-28 1,55911371315846E-28 1,16099382384958E-28 
3,53564486486328E-29 3,34554780107114E-29 2,93187590166332E-29 1,80276129040134E-29 3,88951283079592E-29 4,24451422964049E-29 7,37514453721279E-29 5,99139312960399E-29 7,34276821260836E-29 7,0682739049958E-29 5,86902334960808E-29 6,14054384491359E-29 6,23153301934947E-29 4,25862693821667E-29 4,70634786814297E-29 3,11885158068316E-29 1,8401209715777E-29 1,27359928780904E-29 4,71892112572943E-30 2,31588012262012E-30 1,74661150238345E-30 5,56123307024171E-31 5,08808936899281E-31 1,00265996259548E-31 4,58647961199607E-32 4,58047211878399E-32 8,38733493052381E-32 8,99543565281011E-32 8,30808788381353E-32 9,00822730043666E-32 7,17407805269614E-32 9,71882344476609E-32 1,56716301260247E-31 2,84314180527502E-31 3,14812844906708E-31 8,98556234905818E-32 2,24947360235187E-32 2,99918006512972E-32 4,87174691662694E-32 1,06125434227466E-31 1,44433718436447E-31 4,44328607859824E-31 5,40806073222254E-31 4,4940444579758E-30 3,78744350076905E-30 1,00417941470849E-29 3,53606662639344E-29 7,82533290045717E-29 8,20002606256849E-29 1,27445603833562E-28 8,52431383377447E-29 7,31428136422714E-29 4,79585114171735E-29 3,64371444296932E-29 4,80823777793893E-29 3,08820682520751E-29 2,65046032441624E-29 2,92477024146608E-29 1,50418383708018E-29 1,90408006780788E-29 2,02424493192364E-29 2,34771607124761E-29 
3,75559952944161E-30 3,98496766838179E-30 4,87855511756553E-30 4,97802887301051E-30 5,06877698185205E-30 4,42336148254469E-30 4,07588979057432E-30 5,36610058816422E-30 6,68310990240921E-30 6,83700028249869E-30 6,2824730962695E-30 4,63491452980796E-30 3,29930008728508E-30 4,37344210810859E-30 5,63787225333983E-30 6,50765793894675E-30 5,87138014294986E-30 2,8578573661967E-30 1,69141397198413E-30 1,61114197436407E-30 2,27971159277475E-30 2,61545219395322E-30 2,55994576581408E-30 1,37122665930692E-30 8,51956977123539E-31 9,42791317624545E-31 1,20560009955009E-30 1,50581549210615E-30 1,75534639219864E-30 1,65108565565656E-30 1,54614032208848E-30 1,60973427443202E-30 1,88593234314942E-30 1,39092605549584E-30 1,60136168534884E-30 1,40910359058399E-30 1,20899092095502E-30 1,30946510713096E-30 1,47217144188767E-30 1,54488769888495E-30 2,84315819230168E-30 4,35022640420894E-30 5,6002558436307E-30 6,4392997175202E-30 6,59447806402885E-30 5,32184385988003E-30 4,79394629561993E-30 4,27887543212455E-30 5,11958325567569E-30 6,02158045572001E-30 5,71604282354789E-30 4,94510981374946E-30 3,61608784863409E-30 3,52737647144211E-30 3,71528493892325E-30 4,61923155083897E-30 4,55926238652282E-30 4,13538247383598E-30 
0 0 0 0 0 0 0 0 0 0 0 0 0 0 0 0 0 0 0 0 0 0 0 0 0 0 0 0 0 0 0 0 0 0 0 0 0 0 0 0 0 0 0 0 0 0 0 0 0 0 0 0 0 0 
0 0 0 0 0 0 0 0 0 0 0 0 0 0 0 0 0 0 0 0 0 0 0 0 0 0 0 0 0 0 0 0 0 0 0 0 0 0 0 0 0 0 0 0 0 0 0 0 0 
0 0 0 0 0 0 0 0 0 0 0 0 0 0 0 0 0 0 0 0 0 0 0 0 0 0 0 0 0 0 0 0 0 0 0 0 0 0 0 0 0 0 0 0 
0 0 0 0 0 0 0 0 0 0 0 0 0 0 0 0 0 0 0 0 0 0 0 0 0 0 0 0 0 0 0 0 0 0 0 0 0 0 0 
0 0 0 0 0 0 0 0 0 0 0 0 0 0 0 0 0 0 0 0 0 0 0 0 0 0 0 0 0 0 0 0 0 
0 0 0 0 0 0 0 0 0 0 0 0 0 0 0 0 0 0 0 0 0 0 0 0 0 0 0 
0 0 0 0 0 0 0 0 0 0 0 0 0 0 0 0 0 0 0 0 0 
0 0 0 0 0 0 0 0 0 0 0 0 0 0 0 
0 0 0 0 0 0 0 0 0 
0 0 0 
