40 80 50
4828,13500060325 4815,96107842621 4807,10618376816 
4830,70739814266 4848,693199894 4850,82433652443 4836,94813802701 4814,88187003507 4794,5985955794 4784,08271468916 4788,10938751899 4806,2851614038 
4831,89269692443 4854,49984095491 4869,92309712083 4875,04553270235 4869,32347866812 4854,65965303431 4834,51602763335 4812,72465108509 4792,56431419069 4776,47711671828 4766,33898696853 4763,77552445768 4769,99201003237 4785,03612989816 4807,00086575272 
4833,5680548796 4857,48328392315 4877,47945866906 4891,19543208119 4897,17306261052 4895,04553029502 4885,51218931712 4870,1211726113 4850,9154806125 4830,02896549569 4809,33727697868 4790,25943826057 4773,7572438687 4760,50258399019 4711,58220987791 4661,63171864804 4667,93840314921 4737,03320852098 4766,67278002704 4785,51807772826 4808,61509787871 
4836,13707160727 4860,33275218542 4882,11732745085 4899,79473070322 4912,04886480579 4918,07213832408 4917,62674731038 4911,03752792949 4899,12090312121 4883,0597754423 4864,24034439959 4844,07366878822 4823,83072334031 4804,52140818565 4786,84189207528 4771,19981650142 4757,8067092661 4666,94505662494 4576,23677947129 4514,59295435788 4491,57383351125 4515,75466091774 4590,93307873862 4713,45995561461 4767,60841557459 4788,04138830176 4811,41988018986 
4839,92065163708 4863,85793324898 4886,19127962276 4905,67366152983 4921,24071623446 4932,08807945517 4937,7227829665 4937,98766031717 4933,05908224095 4923,41922380161 4909,80502634651 4893,13733616223 4874,43550730332 4854,72504964502 4834,94832404244 4815,88992941724 4798,12809037162 4782,02021531024 4767,72505558318 4753,56439793824 4643,15376093607 4544,62560445888 4460,84333448312 4396,08196453149 4357,21749343017 4352,87535826727 4389,6110427319 4468,6443016412 4586,67582284082 4736,86150834286 4771,51696510154 4792,52393720201 4815,70955394936 
4845,17047679381 4868,47680965684 4890,65517311857 4910,76349142537 4927,9558949908 4941,53011727198 4950,9631405048 4955,93465369709 4956,33839600845 4952,28162658073 4944,07306284664 4932,19980951358 4917,29410145783 4900,09113928728 4881,37998048141 4861,95041463361 4842,53990376075 4823,78569232175 4806,18761974308 4790,08658669973 4775,66189948822 4762,94809929203 4719,33557971602 4618,69467893216 4526,90483881716 4444,21731157 4371,01055489566 4309,65934102639 4265,26675264225 4244,7931679391 4255,27788801617 4301,27692954712 4382,70517089065 4495,41683660108 4635,17699184771 4759,50539895224 4778,09626832367 4799,07095662021 4821,71687662044 
4853,01180531604 4876,39897737807 4898,86717802343 4919,62466744603 4937,94250938181 4953,18825733121 4964,85260434892 4972,56888590148 4976,12558628357 4975,47201780961 4970,71729116954 4962,12268262369 4950,08755138497 4935,12904916729 4917,85599658562 4898,93753551675 4879,06758645631 4858,92678259395 4839,14433894469 4820,26303561308 4802,71086825545 4786,78270600503 4772,63440831793 4760,29040141108 4696,70343187457 4600,24107779815 4513,25190657777 4434,77619054236 4363,17474392761 4297,86835533966 4239,98788039835 4192,57753827458 4160,53946441098 4149,95546072278 4166,93306036566 4215,7729390492 4296,84560712313 4406,06639913571 4538,51872156377 4690,98966681296 4765,97015111222 4785,3287655645 4806,71732582392 4829,52024655868 
4862,69793494576 4885,64662126801 4907,83412515056 4928,59605595522 4947,30952504294 4963,41743539727 4976,44836023167 4986,03201376746 4991,91047635126 4993,94532793007 4992,12077274576 4986,54278365007 4977,43428469955 4965,12640885109 4950,04588485723 4932,69861968266 4913,64958847825 4893,49929154474 4872,85734603656 4852,31425522713 4832,41296596739 4813,62234030202 4796,31495644467 4780,75157700695 4767,07412505823 4754,07746955299 4651,80941250041 4561,72049131833 4483,39605737059 4415,4126724855 4355,61519253652 4302,29862079166 4254,32465924845 4211,4194133706 4174,56535281641 4146,15748869647 4129,98811264968 4130,86864902152 4153,76019726718 4202,43123405392 4277,87382724854 4377,59186752085 4497,80909520702 4636,61353227386 4758,95204420963 4776,3790776118 4795,93794482666 4817,20931428527 4839,66565789519 
4870,59382091765 4892,50552326006 4914,33466792011 4934,58755945815 4953,56992433861 4970,81718538466 4985,96184396887 4997,22453634756 5004,47492461339 5007,356974943 5007,08110222878 5002,35036863996 4994,71623724616 4984,73489830616 4972,65007948057 4960,37522272815 4946,45909049135 4930,033693044 4911,22662063702 4889,94131155772 4867,62758420363 4844,92372542981 4822,46902749508 4804,40556927241 4788,0681794671 4773,86334772409 4761,12466803762 4684,16453746485 4571,37506244363 4470,48890944036 4390,37114949274 4342,9677066762 4316,43858243999 4309,85676774169 4305,69086049754 4292,54103953648 4281,24247323309 4256,35653719549 4246,86527477688 4242,13466499423 4232,73794539422 4235,92921989524 4249,78483336383 4286,13503482589 4333,90777936943 4346,86863448852 4419,33752113887 4540,73508146964 4684,49760031666 4764,43870983976 4783,4021356388 4806,14684380962 4828,72921233414 4849,90766814545 
4874,74355162904 4897,57901729746 4919,5507856456 4941,40818321064 4961,72609324319 4979,20839635814 4994,02195035747 5004,94714713698 5013,38496172432 5018,65688439717 5017,43138540827 5013,03177757505 5006,1263435566 4996,61373836555 4988,01964060825 4977,99660239436 4965,69545673532 4951,51720673674 4935,89044133723 4918,81999329311 4899,1214273767 4878,60430273469 4856,79400952938 4834,67479332285 4813,8845687078 4793,82669989197 4773,9034317551 4758,32703854779 4646,16239605635 4513,79214867962 4395,52978786066 4321,36037099995 4261,87630381834 4223,57966878504 4213,88028809915 4217,28111851952 4243,37143408346 4293,61901823844 4361,31110713243 4406,62424623304 4426,7642640698 4431,34692464438 4415,46976296049 4395,07734624757 4394,99528785665 4389,37204244088 4306,36987411454 4278,21728712208 4316,8454964699 4382,41144483113 4455,00324031999 4546,5320596304 4662,46570545197 4760,15789079981 4777,57153838557 4797,33582280024 4820,21026912552 4847,63711265817 
4863,94628274856 4897,69818540192 4924,30261586533 4947,10341691534 4967,51392014558 4986,45490481179 5000,53768415697 5011,17752647417 5017,95105409186 5020,76701175677 5021,44014729453 5020,32804054389 5015,13808434896 5008,22557030841 5001,62111371381 4992,32302238367 4980,62694100047 4966,87419686632 4951,44267518266 4934,73634152106 4917,17342297568 4899,11572784885 4881,8393768064 4863,21411952242 4846,04380774799 4827,2952590341 4807,05731432833 4784,86991269658 4764,13231161096 4639,18266371489 4477,13940637436 4365,31663906881 4280,33770682966 4201,75423588629 4146,87432248658 4116,92276820412 4109,29603645947 4144,72450053254 4195,57352790557 4273,11167950602 4348,48628086354 4428,47606248212 4501,38581889872 4554,1367147496 4576,21700312932 4589,63980680504 4586,82501341176 4505,58621317271 4417,55171372783 4380,98394768562 4390,5466831214 4415,95740601121 4445,55857191218 4469,94863880912 4508,61052275787 4557,3278260769 4644,87170581601 4753,41614856947 4767,59397035889 4784,85296615175 4806,91438093341 4833,45386498828 
4849,72810485288 4882,04216095026 4916,87460213772 4949,03422867309 4972,28546708897 4989,20517716568 5003,89132862401 5015,64899653478 5021,86324645262 5023,93727575178 5023,685549906 5021,45605300989 5017,23550017975 5016,47523863718 5012,30027289543 5003,61996777216 4992,4999210218 4979,22036122986 4964,10154774885 4947,49661693637 4929,78332194446 4911,26358914346 4894,18783353777 4878,10919318277 4863,86485413809 4849,651207346 4834,07902495159 4816,21145703414 4796,11969682656 4776,05381263392 4756,33650077115 4575,40939324346 4406,03936694382 4262,41850828632 4172,90683981633 4107,05371141757 4057,59944286062 4025,25854011319 4036,46256662812 4072,84212830807 4147,68329910406 4252,48212553274 4343,55095096887 4421,10257104514 4483,54165364571 4559,05298489076 4632,44051052822 4694,18854377392 4724,43553869073 4654,61316327265 4595,41731493327 4563,95383249681 4555,78702628867 4569,32776177844 4573,46019074178 4554,65188674379 4546,24383871341 4541,79061497533 4557,9079160305 4592,03638656053 4600,0455723416 4668,48077293167 4758,42912593313 4774,63720570663 4795,48069350603 4820,66758762213 
4837,4048014932 4868,71615029557 4902,6622631854 4938,47644277532 4971,96341463931 4993,02905516469 5009,80503897708 5019,06708422961 5025,86128224258 5029,46881903287 5029,46787521705 5025,65687169264 5022,89267946308 5021,01348638197 5017,08404158649 5011,39179486217 5001,17613544646 4987,50221083441 4971,89223513205 4954,66964561546 4936,18797986496 4917,00933555066 4899,33931835089 4882,69773521833 4868,10947735957 4854,9153504541 4842,39183716138 4827,60500799676 4810,51212036773 4794,53993297548 4777,82660401252 4759,51463298074 4638,73069883758 4488,93201535691 4322,57610635735 4130,75612439435 4032,2047651329 3971,31974642007 3941,38203408346 3945,78577826236 3975,80497625147 4060,68287948944 4158,00194071577 4251,73260796966 4345,4626323204 4429,66826162466 4507,58635811862 4574,59457465473 4652,39209975274 4733,89334091042 4724,25565372882 4697,23539633763 4703,16992063147 4745,62239232803 4755,88129226906 4755,47385982615 4733,52316072876 4704,75746798763 4664,43567212873 4626,95275506736 4603,00651715201 4568,10612346623 4545,15673246318 4555,13618045292 4597,38637327527 4705,10568787155 4765,60373372611 4785,34007909681 4809,41941426666 
4826,61446807157 4856,34416656762 4888,77636795766 4920,74898590784 4953,86842851539 4987,90605281891 5007,94339471792 5020,41405214727 5027,20700911172 5031,64345525927 5032,57570482088 5030,15685905786 5029,43720239378 5025,92389023551 5020,28364340699 5012,77561155077 5003,70073182729 4993,39481952213 4977,61721479567 4959,90611408357 4940,81469270447 4921,14708625706 4902,96692854969 4885,80452881668 4870,76616473717 4857,13649311523 4844,20885467411 4829,85483039922 4815,79824451894 4803,51223507483 4789,09938658886 4775,41444877563 4763,53727609018 4713,59284137624 4577,08654749512 4425,61199847313 4274,86228624803 4098,47347220425 3908,84808268294 3884,7745137962 3884,23438335398 3909,77857958284 4002,08443250149 4086,94131449045 4168,02850560738 4249,75238125085 4335,07280644135 4426,22959680148 4512,31927627824 4596,05619208865 4671,15522527254 4666,5398090137 4681,73344326703 4745,554738549 4762,99435222381 4769,61958375636 4774,94493776356 4776,06110411924 4772,69934965364 4767,01309729719 4762,30962124642 4756,72449084924 4707,94938865919 4625,11246612085 4557,97488181962 4522,52196569853 4535,02849306141 4579,40582116359 4655,24256254496 4759,44777818751 4777,70289714759 4800,2238687148 
4817,78017066478 4845,4409278379 4873,63886662974 4903,3519885674 4934,89991664372 4965,40569226677 4994,41880913904 5014,96759106626 5026,0970470011 5031,48685624892 5032,51558205725 5034,01126689063 5034,7425266848 5031,23740387105 5023,9790836513 5014,78092941301 5003,91206345252 4991,67845336368 4978,41736100256 4963,43472836306 4943,84413327949 4923,93814627606 4905,37363976475 4887,78002880821 4872,28037648449 4858,21351822816 4844,84874599063 4830,49834432573 4815,89277760106 4803,15458639366 4791,94787564308 4782,0873258933 4771,59672701901 4763,93600544393 4756,62413939825 4663,56449309773 4536,3496961439 4408,55380618456 4260,65955219535 4099,33801771246 3936,79428142741 3857,88997137035 3892,55928727266 3976,38012276782 4047,27315899056 4113,51804405647 4180,05952048154 4250,68855362527 4327,88729482693 4413,28089418109 4506,91991992422 4600,76149766642 4614,43569579612 4612,28487813687 4669,50942796883 4759,08800591216 4772,48650376515 4783,63536294906 4790,88872983683 4793,6633893796 4792,90475762711 4788,25593293217 4780,47344936526 4773,44785220807 4765,35441063074 4740,1873449161 4641,27361491371 4575,20755849913 4537,34532650153 4540,67940851675 4585,79193977492 4659,40292563417 4756,33109284431 4772,81303391388 4793,41279833496 
4811,20051862412 4835,20486442633 4860,94576727526 4889,30898164598 4918,19908083021 4945,57591826583 4973,25618139229 5000,68456280707 5020,97957570146 5029,96682871256 5033,92061980912 5037,97329552637 5038,6782213972 5035,59734169001 5028,75315134451 5017,41804674115 5004,32916805716 4989,77909308739 4974,09471020198 4957,63170354008 4940,42951123531 4921,58938175365 4902,56727294427 4884,53488822084 4869,04578381067 4854,42367101627 4840,55123360753 4824,99969005953 4810,14459777333 4797,27227182676 4785,95483651337 4776,28338214965 4768,72904270639 4765,83195793859 4760,15219074343 4739,13503483281 4673,46066019773 4579,39139883461 4458,57040009082 4326,72291619789 4198,37172952363 4063,22645846202 3921,85942441404 3922,90478367158 3987,95892817506 4043,69500614811 4096,56260477612 4151,39838423084 4212,16328142167 4281,56946205382 4361,0325727667 4451,24182617562 4531,24804894694 4514,6204481935 4562,66511978074 4655,74871644777 4759,72616050793 4774,75595168377 4789,72159124579 4802,14600316428 4807,23098319064 4809,12664401013 4807,91853763869 4802,84818781696 4794,57968822595 4782,2951786311 4769,99149955507 4758,63741381523 4686,24799250483 4611,33370026518 4570,84048583245 4562,59899176223 4600,07198586141 4671,76304672318 4756,63873796663 4769,75420892793 4788,60356469001 
4805,22629423031 4826,44215725011 4850,9864321337 4877,48092906755 4902,4485929713 4928,47930696848 4954,9403043938 4981,55285039155 5007,27451280488 5024,74296790136 5036,76263853933 5042,32396056638 5041,98484539492 5038,21362967109 5030,64347776255 5019,37388388461 5003,65833197698 4986,30271435103 4967,74490459127 4948,26709603923 4929,28451054003 4912,66638410437 4894,80914382993 4877,13957878492 4861,20035145194 4845,94841961764 4830,60368259146 4813,82243578317 4799,113985039 4786,5550749385 4775,30011245766 4766,40957036795 4760,98888425138 4759,12621775126 4757,49547709025 4737,60270202139 4691,56299829066 4641,5815191354 4562,89049720466 4455,51232943036 4347,97438020685 4233,36174284811 4135,97126579965 4056,33927386877 3968,58838352598 4013,70576893698 4055,08875777423 4097,96034573032 4146,9291258321 4205,66821160201 4276,39833012132 4359,75199980489 4397,2076452432 4386,23137731176 4454,37062940644 4601,21530001793 4756,75454275608 4772,27727702963 4788,38630521628 4802,47375860838 4813,7558309922 4821,0176801218 4822,76345622248 4821,3846882617 4816,91349912129 4806,35705834102 4791,33331502775 4777,07733318758 4765,58747371052 4755,45272663382 4669,60074584528 4620,55543609999 4606,08952069422 4625,40285513608 4691,2724031482 4758,30585201781 4770,00500711708 4785,79813519432 
4800,15158837827 4819,65877526443 4842,46219092993 4863,70891494142 4886,67525630871 4910,80981490939 4935,78104776654 4960,69231935793 4984,8481018285 5012,3848559837 5032,9218577319 5041,28869613898 5042,51444309271 5037,70366523847 5029,48377953763 5017,55501769596 5002,04603295619 4982,3223627129 4961,09609405506 4938,94931208463 4918,95378076604 4900,71513043218 4884,57883695531 4869,79624367621 4853,26347220957 4837,4995544187 4819,81892360964 4803,16985408954 4788,7134378616 4776,10422136762 4765,45206159084 4757,35478590678 4743,68068656425 4728,23082965634 4716,46317588467 4708,0054577684 4704,80037394813 4666,79970623527 4619,184964479 4581,26150622947 4492,62347435628 4401,72679632571 4332,60534154853 4263,99494559891 4176,39625703285 4067,85775284478 4046,55015602429 4076,60251376245 4112,10722577532 4157,37357938215 4215,6317621062 4288,42797133347 4278,15162100135 4260,4479136327 4342,72966635722 4515,34605107192 4707,46037311322 4769,13370560269 4786,87942208879 4800,56931800158 4813,36950625488 4823,86518245743 4832,07512458622 4834,64646177158 4833,16889213629 4826,38632480517 4814,86835768274 4801,24762993074 4786,33846228179 4774,03673525999 4763,9659030851 4755,58379611801 4692,99205537882 4673,46473101676 4685,53301872156 4730,23037553628 4761,75652788606 4773,03937364031 4785,49884276054 
4798,1446426796 4815,00767960712 4832,14684993685 4850,85201050167 4871,37102246738 4893,34561475621 4916,08890285407 4938,8000089167 4963,79889960683 4991,73501086272 5017,6761430848 5033,63365194563 5037,65564015258 5034,52721549498 5025,39550287708 5012,98071055437 4997,04174067712 4977,73620441457 4953,98525435666 4931,33432867368 4910,0067905398 4890,39941552756 4873,85029109552 4859,84523070488 4845,81941167677 4828,5771152871 4810,08313483814 4793,70814086907 4779,6044009872 4767,02863442963 4757,04418070056 4705,24639154392 4684,91938201707 4671,16070483929 4662,71370903527 4666,51223944081 4679,52266745458 4688,79659579141 4660,86041066371 4639,56219932416 4615,2746364806 4557,93476575916 4512,31220404371 4451,54793620591 4375,59522323062 4286,3446150812 4179,45343540706 4091,46407730288 4113,69620864984 4144,71449382479 4188,36753946682 4247,22957283114 4185,21766728371 4161,19287599523 4246,76255566887 4432,18874977188 4634,00434882176 4762,9254465236 4782,89169336547 4798,91176600201 4811,92202181659 4822,73404877095 4832,34844719898 4839,72052997309 4844,43308519904 4840,48498938555 4832,29712407893 4822,61652400124 4810,84827517893 4797,6069738078 4783,59666683878 4773,7944901971 4765,59621643178 4759,31629269348 4755,75918470237 4756,3068212774 4759,84282163391 4766,75327473226 4776,86881542356 4786,34936765728 
4799,41932140481 4809,90268757243 4823,80892650618 4840,20359248402 4858,60800155031 4878,51301171663 4899,0447869896 4921,40392505788 4948,68159375683 4974,57876365127 4998,58957575656 5020,26163139803 5029,24994757337 5027,84162186789 5019,18125137004 5005,13736564948 4987,91979573687 4967,10498422669 4944,66451077 4920,80796919625 4898,34771945798 4878,41750437918 4861,20981491041 4845,71304338513 4831,70522675087 4814,04041593356 4796,17334378572 4780,59274346455 4766,73485183516 4755,08096804473 4669,67791896763 4641,93570733691 4623,35464029775 4612,74731699367 4614,29904134434 4631,58095800905 4646,97996101472 4663,9589753479 4688,46336977403 4680,03012935355 4669,78558135388 4679,04925241912 4640,21500873103 4578,28454906733 4501,86198906026 4414,27616017248 4315,93674639935 4204,02819776782 4138,38155562191 4163,96232024566 4203,6796223628 4143,77273945813 4074,76170673924 4124,76871212672 4296,06079184856 4501,21658460959 4701,55024937869 4770,28133143862 4788,33895822354 4804,8916164108 4818,41937215087 4828,85415239805 4837,44773617234 4844,59673629886 4847,84423715801 4845,56254949503 4838,89148436748 4830,71248101952 4821,27012612084 4809,79536821034 4797,28024743002 4784,95851666055 4776,73484240898 4770,33754317501 4766,02578952759 4764,86477659842 4767,56834023511 4773,18363597468 4778,7862378631 4787,97291925533 
4799,14572901216 4807,35306152224 4817,09203306434 4831,4002992548 4847,87547418096 4865,59893080794 4885,2642872955 4911,21567011629 4936,37913400276 4960,18842727815 4982,12549320852 5001,72659610551 5018,19019658202 5017,28034304277 5009,00003204524 4993,31229024664 4973,53311482065 4952,30032648318 4930,13317235957 4906,70295000341 4884,23052724454 4864,10102574202 4845,58772790733 4827,96289151996 4810,14544422495 4795,71324292778 4779,10114843044 4764,16074239459 4721,81152236914 4638,03085013455 4602,67494086607 4578,85806626355 4565,51842513012 4572,04059210005 4590,48221764029 4608,83649584478 4636,64606813241 4675,25589633189 4715,8018058681 4731,213455472 4754,6801630744 4755,79743458226 4723,75469899722 4653,16298837988 4569,98931198097 4476,56770044895 4377,838678272 4270,54393623057 4180,11781662064 4204,0708489856 4055,23469343111 4017,03527397559 4105,97103543856 4315,12759787643 4518,23820643667 4718,77274649045 4771,11405470683 4788,68823395997 4804,95351870306 4819,73231477216 4831,57418373109 4840,23393456259 4846,8609973248 4847,68417289905 4847,49962950376 4845,38676869086 4838,91127699732 4831,08079081266 4822,16560959352 4811,38629227876 4799,81213599463 4788,91846389716 4782,22452534662 4777,54060147183 4775,07435579044 4776,04666937558 4777,86426901524 4782,11961744529 4790,223538421 
4797,69408892601 4804,88253377454 4813,14191053609 4823,49331682028 4837,36205108746 4853,22040673038 4876,65732143303 4899,96526697318 4922,53854450562 4943,80849672007 4963,2535621337 4980,40656428341 4994,85985028141 5001,74375673023 4993,93649885421 4978,23750135987 4958,33729053729 4937,47524653665 4915,65487821557 4894,29960877882 4872,09169564922 4850,82543726987 4829,79564543345 4809,1613906576 4791,87826884808 4778,10885745643 4764,82066073762 4720,58667813063 4637,68212328004 4592,80124696815 4561,44116605289 4542,85064434118 4551,31466514398 4568,04218505678 4586,8829960466 4623,93934002186 4668,25350463748 4715,71571011091 4757,80715982684 4762,79583195956 4763,97518059458 4763,3761759618 4760,32554380412 4727,88376032015 4642,22310904114 4548,10400593675 4453,92888129708 4358,11824250024 4158,74914037271 4029,63495195047 4027,82280794362 4169,28970984178 4364,69010929172 4558,14267328093 4753,34446525166 4772,25256029101 4788,72931796846 4804,50011855568 4819,21699887667 4831,69742631075 4841,62847755442 4845,41981701268 4846,2765415502 4847,08992023973 4847,01261243851 4845,22233424812 4839,18384149316 4831,98112221232 4823,90154556705 4814,16564185995 4803,89700646232 4794,78060309329 4789,85037896402 4787,02756797065 4784,30627199777 4784,04960263064 4787,50280968551 4792,37756245102 
4796,6745730647 4802,39457648922 4809,73911513521 4817,58527523969 4827,52424861592 4847,33807665555 4867,6872694979 4887,95862824362 4907,55841062115 4925,92655138129 4942,54780552049 4956,96016337756 4968,76104152965 4977,61178277842 4974,07729233632 4961,42683563877 4943,55881799006 4922,92982478321 4903,04168442407 4882,64704944057 4861,33525243919 4837,29233625565 4814,18992703783 4794,2815723947 4777,61728687563 4764,27696944558 4752,76192891905 4674,14936760726 4618,94899972082 4578,502244642 4554,28614529981 4559,60692667916 4571,4614200472 4590,82931994625 4631,64266624779 4678,58790977221 4730,1336385036 4760,48067041385 4767,18667352414 4772,20145886886 4772,36354164063 4770,93113951561 4768,05168314663 4760,59615266434 4722,53400654748 4634,26024124774 4548,21353223864 4316,16813064646 4118,79969856627 4106,65083605742 4268,1105315168 4440,37005727144 4619,19304240247 4758,7438601459 4774,16957192345 4789,28694539916 4803,80786842102 4817,47219069248 4830,05212611053 4838,98579320261 4842,84283118698 4844,69037804178 4845,43900525633 4846,35209116292 4846,49853890957 4845,23731474703 4839,87340551015 4833,55901851108 4826,58758222029 4818,20804932038 4809,53694405899 4802,36986655797 4797,81152935554 4793,57300570447 4791,8008898116 4793,05186607689 4793,85382835693 
4796,64806655083 4800,0593849894 4805,99373909443 4812,90678798533 4827,00096176989 4843,10898564159 4860,57302956452 4877,94740843695 4894,63433628106 4910,06930742828 4923,73368403573 4935,16446009999 4943,96165079966 4949,63761872102 4953,34554078429 4942,20867502284 4926,20333291192 4907,07287808829 4887,67683684717 4867,11762738389 4842,71102033388 4818,29250713056 4796,56547551369 4777,67323254355 4762,78444051561 4734,79320742496 4699,82549697554 4652,46039641479 4606,83505264326 4591,21121986989 4590,37596198059 4597,85913127288 4630,44378829583 4673,68158130314 4724,35512454942 4759,75994729551 4767,07127730589 4773,16185973602 4777,94108369798 4780,71096239353 4779,28367093609 4776,53418542733 4772,44944388083 4764,05638613337 4744,60111022702 4542,0253226033 4385,73507751311 4300,59197835713 4320,87763523463 4469,85408820157 4633,01941081871 4757,99403807589 4772,11430902326 4786,12024828208 4799,70788325642 4812,59809745696 4824,54231074208 4832,06411667912 4837,26947311757 4841,52707307555 4843,82609473105 4844,48494822212 4845,75257414356 4846,33206173899 4846,40782835429 4841,95150755937 4836,67481960676 4830,90128636685 4824,05409763736 4816,28280860973 4807,34633387455 4802,88176604338 4800,49216157181 4796,32543437027 4795,3160756835 
4796,72767069569 4798,49168092413 4802,59140722096 4815,25609254095 4827,89076566812 4840,04669097259 4854,58232962333 4869,11233563686 4882,851676728 4895,21690460622 4905,67589140233 4913,75941992735 4919,75923409006 4925,09836948716 4929,02002937051 4922,69692513628 4908,30107396514 4888,92681218879 4865,98707354778 4842,33520526615 4819,56216487196 4796,85224879647 4777,11552690254 4762,72893575779 4748,56937988232 4699,75049414722 4681,06530524132 4658,2458755181 4643,12285171351 4641,86556297574 4668,13551993268 4706,96320093847 4755,63250681938 4763,629419819 4770,79938892137 4776,93377622642 4781,89735880568 4785,63026512648 4788,14794071128 4786,69849631952 4783,56187950797 4779,62194140215 4762,41167060423 4667,02954088103 4559,97633238044 4541,45762106428 4557,11405807265 4610,19282490094 4743,29865704842 4766,99127699837 4779,94265994595 4792,75442990285 4805,1118885263 4816,7275037279 4823,23289849336 4829,25537093429 4834,96806690061 4839,42939354027 4842,6295637027 4844,05500249026 4845,15829334809 4846,33827029065 4847,05832664611 4844,97465622634 4840,82686772522 4836,29278338776 4828,09896100703 4819,51772815403 4812,1208895272 4805,64410068047 4800,4776858167 4796,94046538042 
4796,95781152684 4798,35043181612 4806,87194024731 4816,4514103076 4827,37160998085 4837,69604940294 4847,44916448909 4858,79609333019 4869,24721672029 4878,21193268344 4884,97760509673 4891,54074706531 4897,0736705296 4901,92722377833 4906,21932232578 4904,32681126895 4888,39241549665 4866,56256809595 4843,64556837838 4821,54083107886 4800,77584365253 4782,52511976401 4769,61626670764 4760,12509279645 4740,77501095026 4726,15610619823 4737,33252806306 4727,6314350752 4741,66870067424 4757,03325846067 4762,46684258695 4769,67853388168 4776,37190101503 4782,28653002721 4787,23841987949 4791,12405854588 4793,92190030892 4795,69139883487 4795,18306123089 4785,29284423293 4772,88695848365 4762,77644987274 4758,00325491903 4756,44627332336 4758,24125000583 4760,99914354927 4764,41566152005 4775,82695478105 4787,41585605097 4798,8415468719 4808,92994748975 4815,03024477851 4821,02571919609 4826,81446578902 4832,3088790829 4836,90612912049 4840,99604701787 4843,34218119219 4844,33797763526 4846,14980700699 4847,55023989791 4847,83854571479 4842,85203038046 4836,65145478179 4830,34506390201 4820,68162626919 4810,19118244185 4804,06999134359 4799,83183454208 
4800,53862948434 4804,44595340548 4810,41188323954 4817,63522313851 4825,33322657294 4833,62257308293 4840,75091863991 4847,19999368886 4854,04711679602 4860,19521694083 4866,30403100855 4871,7020146114 4877,5911510962 4881,84994337325 4883,34436486512 4880,93199440882 4866,30879368195 4846,6993751246 4825,38561765748 4807,22384388961 4793,1053227737 4780,29434527081 4769,70360892865 4763,70051321548 4760,67982140735 4761,37340511561 4765,31092374431 4767,07855193012 4772,33893447802 4778,3159652255 4784,14747852145 4789,52430886653 4794,21306021309 4798,06315003657 4801,01053821665 4803,07830740085 4800,10147074373 4791,63008203491 4783,56224523263 4780,96862587851 4780,16580982597 4779,19340396039 4778,95038399018 4779,79965858889 4781,91256859249 4784,84287071012 4794,34197945462 4802,19791525381 4807,92255843631 4813,68223124405 4819,36110424575 4824,85643845423 4830,08111921465 4834,96551584631 4838,97804534426 4842,2281067697 4844,0777268583 4845,73048223951 4846,44531667392 4845,47625031922 4841,79459009557 4834,74633971129 4826,31410530947 4816,88647969493 4807,83487258526 4801,82902451997 
4807,91194346475 4810,35779730736 4813,66556939898 4818,17725168717 4823,44918321193 4828,49483839856 4833,3583097854 4836,68540716114 4841,08537678848 4846,44814291672 4852,70173062101 4857,91311398867 4860,46566069882 4859,86850112535 4858,04643355459 4854,54270367391 4843,84158256608 4828,66557123282 4812,92154169814 4799,66696727039 4789,19802445387 4780,56992841132 4774,52216104114 4772,70066624919 4774,15252126933 4780,12281721826 4786,77403691438 4791,37344565365 4796,08797173671 4800,57813510203 4804,58656277453 4807,94780280757 4810,59368313419 4804,37289276082 4798,27654057009 4796,08329366675 4797,20428251117 4797,47510674485 4798,47197648923 4798,41375678713 4797,55679247858 4797,80341201958 4799,21971791628 4799,03211701631 4800,56710248205 4805,9945672058 4811,52246310975 4817,02419007132 4822,38753306732 4827,51783475893 4832,34028716673 4836,80130590027 4840,4786760197 4842,88184638482 4842,13465186624 4841,8244310921 4839,68087119268 4835,45235923299 4828,05601662685 4820,57800774724 4812,48744792698 4808,24483828529 
4816,19317968706 4814,88949521426 4816,33578802711 4818,26566222984 4820,25680690597 4822,696579401 4825,51974393669 4829,12712843134 4833,18159330086 4837,30585096676 4839,73267131697 4840,45754996399 4840,01298655464 4838,16956944876 4836,30617488038 4835,29093343993 4832,65885021594 4821,20327548771 4809,47329076221 4800,12045514954 4794,04076176079 4790,38166002336 4790,52899019008 4793,56763356371 4798,53947033971 4804,73444814952 4809,8086687237 4813,29479346684 4816,55219148254 4815,39951878203 4809,96502246777 4806,63137582515 4806,41120858613 4807,66793349515 4809,61289434227 4811,69945749554 4812,53849387437 4813,60102719062 4814,15437868229 4810,99219966871 4808,37006559199 4806,94203603076 4806,36922076251 4810,23808447139 4815,49319535621 4820,66470039148 4825,65078734548 4830,37188948737 4834,31864642312 4835,99561898109 4836,96701791807 4835,37259397015 4831,86270204795 4828,44774814946 4824,96838714122 4820,71126071031 4819,09374866643 4817,76820065759 
4821,46271054199 4820,42385888903 4818,8787021664 4817,83597548981 4818,68074844021 4820,63774647193 4823,18971602429 4825,05049031132 4825,62552559924 4825,68672625479 4824,56537243635 4824,73816723927 4825,25984783845 4825,05292761918 4824,77704570472 4823,86098464525 4822,90006714443 4821,34664991619 4815,25745948092 4811,08966705575 4809,91020301483 4810,80018425129 4812,98792815468 4816,3674074583 4820,77542744718 4821,95566761063 4820,27844843231 4817,84574037541 4816,78922327147 4816,72451059629 4816,66944108161 4817,3128967834 4818,60221867534 4820,43092829779 4821,08262150512 4820,88165322683 4819,59066570314 4818,68228609474 4816,83416254834 4815,71361596102 4815,62648319382 4816,44469027065 4819,75947014035 4823,47031104108 4826,22651246974 4827,73245421765 4827,29909263551 4825,93226291637 4823,79925261083 4820,96609362793 4820,9413463872 4821,04292794271 4821,82775034458 4822,53407938964 
3307,44179358625 3307,44179358625 3307,44179358625 3307,44179358625 3307,44179358625 3307,44179358625 3307,44179358625 3307,44179358625 3307,44179358625 3307,44179358625 3307,44179358625 3307,44179358625 3307,44179358625 3307,44179358625 3307,44179358625 3307,44179358625 3307,44179358625 3307,44179358625 3307,44179358625 3307,44179358625 3307,44179358625 3307,44179358625 3307,44179358625 3307,44179358625 3307,44179358625 3307,44179358625 3307,44179358625 3307,44179358625 3307,44179358625 3307,44179358625 3307,44179358625 3307,44179358625 3307,44179358625 3307,44179358625 3307,44179358625 3307,44179358625 3307,44179358625 3307,44179358625 3307,44179358625 3307,44179358625 3307,44179358625 3307,44179358625 3307,44179358625 3307,44179358625 3307,44179358625 3307,44179358625 3307,44179358625 3307,44179358625 3307,44179358625 
3307,44179358625 3307,44179358625 3307,44179358625 3307,44179358625 3307,44179358625 3307,44179358625 3307,44179358625 3307,44179358625 3307,44179358625 3307,44179358625 3307,44179358625 3307,44179358625 3307,44179358625 3307,44179358625 3307,44179358625 3307,44179358625 3307,44179358625 3307,44179358625 3307,44179358625 3307,44179358625 3307,44179358625 3307,44179358625 3307,44179358625 3307,44179358625 3307,44179358625 3307,44179358625 3307,44179358625 3307,44179358625 3307,44179358625 3307,44179358625 3307,44179358625 3307,44179358625 3307,44179358625 3307,44179358625 3307,44179358625 3307,44179358625 3307,44179358625 3307,44179358625 3307,44179358625 3307,44179358625 3307,44179358625 3307,44179358625 3307,44179358625 3307,44179358625 
3307,44179358625 3307,44179358625 3307,44179358625 3307,44179358625 3307,44179358625 3307,44179358625 3307,44179358625 3307,44179358625 3307,44179358625 3307,44179358625 3307,44179358625 3307,44179358625 3307,44179358625 3307,44179358625 3307,44179358625 3307,44179358625 3307,44179358625 3307,44179358625 3307,44179358625 3307,44179358625 3307,44179358625 3307,44179358625 3307,44179358625 3307,44179358625 3307,44179358625 3307,44179358625 3307,44179358625 3307,44179358625 3307,44179358625 3307,44179358625 3307,44179358625 3307,44179358625 3307,44179358625 3307,44179358625 3307,44179358625 3307,44179358625 3307,44179358625 3307,44179358625 3307,44179358625 
3307,44179358625 3307,44179358625 3307,44179358625 3307,44179358625 3307,44179358625 3307,44179358625 3307,44179358625 3307,44179358625 3307,44179358625 3307,44179358625 3307,44179358625 3307,44179358625 3307,44179358625 3307,44179358625 3307,44179358625 3307,44179358625 3307,44179358625 3307,44179358625 3307,44179358625 3307,44179358625 3307,44179358625 3307,44179358625 3307,44179358625 3307,44179358625 3307,44179358625 3307,44179358625 3307,44179358625 3307,44179358625 3307,44179358625 3307,44179358625 3307,44179358625 3307,44179358625 3307,44179358625 
3307,44179358625 3307,44179358625 3307,44179358625 3307,44179358625 3307,44179358625 3307,44179358625 3307,44179358625 3307,44179358625 3307,44179358625 3307,44179358625 3307,44179358625 3307,44179358625 3307,44179358625 3307,44179358625 3307,44179358625 3307,44179358625 3307,44179358625 3307,44179358625 3307,44179358625 3307,44179358625 3307,44179358625 3307,44179358625 3307,44179358625 3307,44179358625 3307,44179358625 3307,44179358625 3307,44179358625 
3307,44179358625 3307,44179358625 3307,44179358625 3307,44179358625 3307,44179358625 3307,44179358625 3307,44179358625 3307,44179358625 3307,44179358625 3307,44179358625 3307,44179358625 3307,44179358625 3307,44179358625 3307,44179358625 3307,44179358625 3307,44179358625 3307,44179358625 3307,44179358625 3307,44179358625 3307,44179358625 3307,44179358625 
3307,44179358625 3307,44179358625 3307,44179358625 3307,44179358625 3307,44179358625 3307,44179358625 3307,44179358625 3307,44179358625 3307,44179358625 3307,44179358625 3307,44179358625 3307,44179358625 3307,44179358625 3307,44179358625 3307,44179358625 
3307,44179358625 3307,44179358625 3307,44179358625 3307,44179358625 3307,44179358625 3307,44179358625 3307,44179358625 3307,44179358625 3307,44179358625 
3307,44179358625 3307,44179358625 3307,44179358625 
