40 80 86
3,90802E003	3,90879E003	3,90834E003	
3,90796E003	3,90721E003	3,90847E003	3,90856E003	3,90950E003	3,90938E003	3,90951E003	3,90801E003	3,90757E003	
3,90600E003	3,90776E003	3,90888E003	3,90618E003	3,90617E003	3,90955E003	3,90869E003	3,90858E003	3,91101E003	3,91037E003	3,90913E003	3,91056E003	3,90733E003	3,90733E003	3,90799E003	
3,90587E003	3,90487E003	3,90886E003	3,90995E003	3,90659E003	3,90081E003	3,90503E003	3,90999E003	3,90939E003	3,90790E003	3,90788E003	3,91067E003	3,91227E003	3,91148E003	3,91112E003	3,91039E003	3,90898E003	3,90706E003	3,90786E003	3,90848E003	3,90753E003	
3,90556E003	3,90404E003	3,90510E003	3,91000E003	3,91069E003	3,90746E003	3,90146E003	3,88784E003	3,90511E003	3,90996E003	3,90982E003	3,90847E003	3,90738E003	3,90745E003	3,91018E003	3,91263E003	3,91295E003	3,91342E003	3,91339E003	3,91104E003	3,90897E003	3,90812E003	3,90721E003	3,90867E003	3,91001E003	3,90790E003	3,90718E003	
3,90511E003	3,90414E003	3,90338E003	3,90556E003	3,91062E003	3,91126E003	3,90830E003	3,90345E003	3,88628E003	3,88034E003	3,90484E003	3,90922E003	3,90983E003	3,90845E003	3,90757E003	3,90688E003	3,90727E003	3,90979E003	3,91196E003	3,91426E003	3,91415E003	3,91540E003	3,91607E003	3,91327E003	3,90811E003	3,90776E003	3,90763E003	3,90776E003	3,90962E003	3,91118E003	3,90973E003	3,90754E003	3,90688E003	
3,90493E003	3,90438E003	3,90158E003	3,90367E003	3,90623E003	3,91081E003	3,91155E003	3,90889E003	3,90446E003	3,88652E003	3,87279E003	3,87828E003	3,90419E003	3,90803E003	3,90956E003	3,90809E003	3,90743E003	3,90707E003	3,90647E003	3,90726E003	3,90938E003	3,91157E003	3,91431E003	3,91541E003	3,91602E003	3,91764E003	3,91892E003	3,91564E003	3,90940E003	3,90640E003	3,90707E003	3,90732E003	3,90845E003	3,91042E003	3,91231E003	3,91166E003	3,90923E003	3,90729E003	3,90667E003	
3,90473E003	3,90424E003	3,90240E003	3,90015E003	3,90411E003	3,90707E003	3,91086E003	3,91154E003	3,90872E003	3,90413E003	3,88284E003	3,86800E003	3,86246E003	3,88635E003	3,90462E003	3,90762E003	3,90878E003	3,90735E003	3,90681E003	3,90659E003	3,90635E003	3,90596E003	3,90848E003	3,91028E003	3,91240E003	3,91519E003	3,91665E003	3,91771E003	3,91935E003	3,92148E003	3,91961E003	3,91368E003	3,90759E003	3,90521E003	3,90645E003	3,90720E003	3,90854E003	3,91126E003	3,91345E003	3,91367E003	3,91144E003	3,90889E003	3,90712E003	3,90647E003	
3,90459E003	3,90395E003	3,90333E003	3,89881E003	3,90005E003	3,90456E003	3,90765E003	3,91082E003	3,91131E003	3,90835E003	3,90380E003	3,88081E003	3,86413E003	3,85582E003	3,86594E003	3,89069E003	3,90423E003	3,90731E003	3,90756E003	3,90661E003	3,90610E003	3,90600E003	3,90602E003	3,90563E003	3,90737E003	3,90948E003	3,91119E003	3,91353E003	3,91608E003	3,91781E003	3,91932E003	3,92112E003	3,92364E003	3,92369E003	3,91836E003	3,91132E003	3,90571E003	3,90413E003	3,90585E003	3,90712E003	3,90852E003	3,91223E003	3,91417E003	3,91553E003	3,91376E003	3,91130E003	3,90860E003	3,90701E003	3,90628E003	
3,90460E003	3,90386E003	3,90362E003	3,89945E003	3,89653E003	3,90234E003	3,90490E003	3,90777E003	3,91063E003	3,91099E003	3,90791E003	3,90348E003	3,87952E003	3,86124E003	3,85083E003	3,85286E003	3,87089E003	3,89184E003	3,90343E003	3,90677E003	3,90634E003	3,90579E003	3,90533E003	3,90532E003	3,90555E003	3,90548E003	3,90599E003	3,90855E003	3,91018E003	3,91206E003	3,91473E003	3,91694E003	3,91891E003	3,92086E003	3,92261E003	3,92509E003	3,92670E003	3,92290E003	3,91583E003	3,90916E003	3,90397E003	3,90323E003	3,90527E003	3,90692E003	3,90837E003	3,91296E003	3,91508E003	3,91702E003	3,91608E003	3,91368E003	3,91111E003	3,90836E003	3,90694E003	3,90615E003	
3,90456E003	3,90387E003	3,90376E003	3,89991E003	3,89559E003	3,89647E003	3,90345E003	3,90524E003	3,90823E003	3,91068E003	3,91030E003	3,90673E003	3,89633E003	3,87301E003	3,85430E003	3,84435E003	3,84567E003	3,85964E003	3,87961E003	3,89242E003	3,90418E003	3,90591E003	3,90485E003	3,90479E003	3,90440E003	3,90479E003	3,90513E003	3,90513E003	3,90604E003	3,90866E003	3,91030E003	3,91193E003	3,91463E003	3,91688E003	3,91929E003	3,92170E003	3,92377E003	3,92587E003	3,92878E003	3,92851E003	3,92320E003	3,91548E003	3,90860E003	3,90326E003	3,89697E003	3,90429E003	3,90635E003	3,90782E003	3,91248E003	3,91572E003	3,91761E003	3,91856E003	3,91623E003	3,91376E003	3,91113E003	3,90826E003	3,90690E003	3,90607E003	
3,90459E003	3,90398E003	3,90361E003	3,90093E003	3,89684E003	3,89321E003	3,89896E003	3,90345E003	3,90528E003	3,90865E003	3,91051E003	3,90943E003	3,90541E003	3,88922E003	3,86735E003	3,84840E003	3,83927E003	3,84001E003	3,85132E003	3,86771E003	3,88162E003	3,89354E003	3,90453E003	3,90430E003	3,90393E003	3,90363E003	3,90370E003	3,90427E003	3,90481E003	3,90489E003	3,90619E003	3,90877E003	3,91035E003	3,91175E003	3,91443E003	3,91678E003	3,91921E003	3,92187E003	3,92449E003	3,92638E003	3,92905E003	3,93171E003	3,92956E003	3,92274E003	3,91509E003	3,90804E003	3,90010E003	3,89092E003	3,90299E003	3,90556E003	3,90758E003	3,91146E003	3,91621E003	3,91830E003	3,92006E003	3,91896E003	3,91622E003	3,91370E003	3,91109E003	3,90816E003	3,90688E003	3,90600E003	
3,90471E003	3,90418E003	3,90355E003	3,90234E003	3,89890E003	3,89236E003	3,89397E003	3,89969E003	3,90341E003	3,90563E003	3,90887E003	3,91014E003	3,90817E003	3,90423E003	3,88281E003	3,86282E003	3,84401E003	3,83566E003	3,83585E003	3,84579E003	3,85675E003	3,87179E003	3,88067E003	3,89781E003	3,90344E003	3,90151E003	3,90231E003	3,90095E003	3,90326E003	3,90382E003	3,90451E003	3,90472E003	3,90637E003	3,90881E003	3,91042E003	3,91159E003	3,91417E003	3,91665E003	3,91887E003	3,92164E003	3,92484E003	3,92705E003	3,92923E003	3,93221E003	3,93334E003	3,92987E003	3,92198E003	3,91462E003	3,90749E003	3,89714E003	3,88583E003	3,89776E003	3,90464E003	3,90718E003	3,91033E003	3,91576E003	3,91879E003	3,92050E003	3,92125E003	3,91879E003	3,91623E003	3,91359E003	3,91097E003	3,90806E003	3,90687E003	3,90595E003	
3,90482E003	3,90427E003	3,90349E003	3,90335E003	3,90043E003	3,89336E003	3,89117E003	3,89608E003	3,89812E003	3,90333E003	3,90668E003	3,90922E003	3,90972E003	3,90617E003	3,89633E003	3,87318E003	3,85437E003	3,83662E003	3,83064E003	3,83493E003	3,84279E003	3,85197E003	3,86505E003	3,87325E003	3,89025E003	3,89823E003	3,89689E003	3,89767E003	3,89676E003	3,89887E003	3,90262E003	3,90390E003	3,90431E003	3,90543E003	3,90754E003	3,90983E003	3,91117E003	3,91259E003	3,91568E003	3,91764E003	3,92010E003	3,92325E003	3,92669E003	3,92883E003	3,93127E003	3,93428E003	3,93529E003	3,93168E003	3,92384E003	3,91606E003	3,90883E003	3,90020E003	3,88135E003	3,88932E003	3,90282E003	3,90593E003	3,90893E003	3,91393E003	3,91874E003	3,92085E003	3,92243E003	3,92172E003	3,91891E003	3,91640E003	3,91368E003	3,91097E003	3,90803E003	3,90683E003	3,90590E003	
3,90489E003	3,90441E003	3,90364E003	3,90364E003	3,90221E003	3,89534E003	3,89041E003	3,89265E003	3,89467E003	3,89634E003	3,90413E003	3,90764E003	3,90931E003	3,90809E003	3,90421E003	3,88527E003	3,86469E003	3,84539E003	3,83159E003	3,82695E003	3,83540E003	3,84102E003	3,84800E003	3,85910E003	3,86675E003	3,88336E003	3,89204E003	3,89275E003	3,89349E003	3,89295E003	3,89482E003	3,89932E003	3,90321E003	3,90393E003	3,90469E003	3,90669E003	3,90891E003	3,91059E003	3,91187E003	3,91380E003	3,91675E003	3,91861E003	3,92132E003	3,92474E003	3,92829E003	3,93036E003	3,93298E003	3,93599E003	3,93685E003	3,93314E003	3,92542E003	3,91747E003	3,91030E003	3,90348E003	3,88244E003	3,88088E003	3,89459E003	3,90441E003	3,90762E003	3,91171E003	3,91722E003	3,92108E003	3,92276E003	3,92364E003	3,92167E003	3,91889E003	3,91640E003	3,91367E003	3,91090E003	3,90798E003	3,90677E003	3,90586E003	
3,90497E003	3,90459E003	3,90384E003	3,90367E003	3,90339E003	3,89787E003	3,89081E003	3,89082E003	3,89302E003	3,89274E003	3,89691E003	3,90530E003	3,90816E003	3,90912E003	3,90632E003	3,89807E003	3,87607E003	3,85820E003	3,83935E003	3,82929E003	3,82681E003	3,83676E003	3,84005E003	3,84509E003	3,85406E003	3,86149E003	3,87747E003	3,88665E003	3,88867E003	3,89007E003	3,88974E003	3,89154E003	3,89612E003	3,90020E003	3,90351E003	3,90415E003	3,90586E003	3,90781E003	3,91001E003	3,91124E003	3,91236E003	3,91522E003	3,91741E003	3,91947E003	3,92235E003	3,92604E003	3,92958E003	3,93166E003	3,93431E003	3,93729E003	3,93795E003	3,93427E003	3,92690E003	3,91871E003	3,91167E003	3,90468E003	3,88477E003	3,87465E003	3,88663E003	3,90168E003	3,90608E003	3,90996E003	3,91502E003	3,92009E003	3,92263E003	3,92409E003	3,92387E003	3,92140E003	3,91868E003	3,91623E003	3,91354E003	3,91077E003	3,90791E003	3,90671E003	3,90582E003	
3,90501E003	3,90476E003	3,90399E003	3,90368E003	3,90369E003	3,89967E003	3,89210E003	3,88958E003	3,89135E003	3,89005E003	3,89094E003	3,90336E003	3,90686E003	3,90878E003	3,90748E003	3,90370E003	3,88394E003	3,86527E003	3,84695E003	3,83110E003	3,82689E003	3,83170E003	3,83859E003	3,83849E003	3,84557E003	3,85068E003	3,86230E003	3,87628E003	3,88239E003	3,88549E003	3,88737E003	3,88706E003	3,88963E003	3,89483E003	3,89933E003	3,90334E003	3,90410E003	3,90609E003	3,90796E003	3,91008E003	3,91130E003	3,91245E003	3,91504E003	3,91735E003	3,91928E003	3,92205E003	3,92582E003	3,92974E003	3,93200E003	3,93459E003	3,93770E003	3,93919E003	3,93689E003	3,93089E003	3,92215E003	3,91484E003	3,90764E003	3,89405E003	3,87466E003	3,87573E003	3,89017E003	3,90377E003	3,90751E003	3,91202E003	3,91733E003	3,92193E003	3,92387E003	3,92485E003	3,92417E003	3,92135E003	3,91863E003	3,91621E003	3,91351E003	3,91074E003	3,90788E003	3,90662E003	3,90576E003	
3,90501E003	3,90485E003	3,90408E003	3,90366E003	3,90393E003	3,90088E003	3,89304E003	3,88936E003	3,88988E003	3,88837E003	3,88681E003	3,89781E003	3,90595E003	3,90817E003	3,90787E003	3,90431E003	3,88734E003	3,86873E003	3,85073E003	3,83384E003	3,82730E003	3,82933E003	3,83760E003	3,83778E003	3,83957E003	3,84514E003	3,85272E003	3,86768E003	3,87659E003	3,88131E003	3,88424E003	3,88415E003	3,88614E003	3,89118E003	3,89567E003	3,90131E003	3,90367E003	3,90519E003	3,90717E003	3,90906E003	3,91070E003	3,91199E003	3,91329E003	3,91656E003	3,91823E003	3,92053E003	3,92387E003	3,92800E003	3,93156E003	3,93383E003	3,93669E003	3,93962E003	3,93983E003	3,93607E003	3,92874E003	3,92010E003	3,91284E003	3,90569E003	3,88645E003	3,86971E003	3,87537E003	3,89068E003	3,90410E003	3,90841E003	3,91330E003	3,91865E003	3,92306E003	3,92484E003	3,92551E003	3,92438E003	3,92150E003	3,91875E003	3,91631E003	3,91358E003	3,91079E003	3,90790E003	3,90649E003	3,90566E003	
3,90501E003	3,90491E003	3,90421E003	3,90367E003	3,90420E003	3,90237E003	3,89448E003	3,88977E003	3,88929E003	3,88765E003	3,88419E003	3,89247E003	3,90505E003	3,90752E003	3,90798E003	3,90503E003	3,89072E003	3,87315E003	3,85648E003	3,83847E003	3,82910E003	3,82913E003	3,83855E003	3,83964E003	3,83743E003	3,84182E003	3,84608E003	3,85967E003	3,87088E003	3,87765E003	3,88225E003	3,88286E003	3,88347E003	3,88773E003	3,89291E003	3,89830E003	3,90279E003	3,90426E003	3,90655E003	3,90825E003	3,91016E003	3,91138E003	3,91259E003	3,91489E003	3,91723E003	3,91904E003	3,92174E003	3,92570E003	3,92989E003	3,93276E003	3,93540E003	3,93858E003	3,94048E003	3,93936E003	3,93436E003	3,92614E003	3,91807E003	3,91080E003	3,90379E003	3,87976E003	3,86634E003	3,87581E003	3,89212E003	3,90461E003	3,90942E003	3,91446E003	3,91974E003	3,92393E003	3,92554E003	3,92578E003	3,92431E003	3,92141E003	3,91867E003	3,91624E003	3,91352E003	3,91076E003	3,90787E003	3,90636E003	3,90556E003	
3,90503E003	3,90497E003	3,90438E003	3,90371E003	3,90449E003	3,90339E003	3,89650E003	3,89078E003	3,88959E003	3,88773E003	3,88299E003	3,88836E003	3,90392E003	3,90692E003	3,90797E003	3,90579E003	3,89502E003	3,87838E003	3,86207E003	3,84439E003	3,83285E003	3,83031E003	3,84029E003	3,84317E003	3,83935E003	3,83973E003	3,84292E003	3,85435E003	3,86606E003	3,87320E003	3,87891E003	3,88264E003	3,88248E003	3,88538E003	3,89096E003	3,89591E003	3,90124E003	3,90379E003	3,90565E003	3,90758E003	3,90916E003	3,91077E003	3,91197E003	3,91314E003	3,91615E003	3,91779E003	3,91987E003	3,92302E003	3,92735E003	3,93134E003	3,93379E003	3,93656E003	3,93973E003	3,94044E003	3,93797E003	3,93183E003	3,92340E003	3,91588E003	3,90883E003	3,89815E003	3,87400E003	3,86517E003	3,87727E003	3,89441E003	3,90530E003	3,91044E003	3,91541E003	3,92058E003	3,92448E003	3,92592E003	3,92558E003	3,92396E003	3,92108E003	3,91838E003	3,91600E003	3,91334E003	3,91063E003	3,90779E003	3,90622E003	3,90544E003	
3,90501E003	3,90498E003	3,90446E003	3,90372E003	3,90470E003	3,90362E003	3,89787E003	3,89186E003	3,88985E003	3,88775E003	3,88217E003	3,88689E003	3,90358E003	3,90677E003	3,90788E003	3,90589E003	3,89540E003	3,87983E003	3,86410E003	3,84693E003	3,83559E003	3,83425E003	3,84422E003	3,84653E003	3,84167E003	3,84014E003	3,84280E003	3,85405E003	3,86495E003	3,87221E003	3,87895E003	3,88286E003	3,88259E003	3,88558E003	3,89127E003	3,89625E003	3,90148E003	3,90387E003	3,90588E003	3,90777E003	3,90921E003	3,91078E003	3,91191E003	3,91316E003	3,91593E003	3,91757E003	3,91960E003	3,92280E003	3,92723E003	3,93121E003	3,93380E003	3,93663E003	3,93976E003	3,94026E003	3,93774E003	3,93151E003	3,92327E003	3,91569E003	3,90865E003	3,89745E003	3,87353E003	3,86361E003	3,87529E003	3,89265E003	3,90509E003	3,91049E003	3,91547E003	3,92058E003	3,92454E003	3,92594E003	3,92540E003	3,92376E003	3,92094E003	3,91826E003	3,91587E003	3,91323E003	3,91058E003	3,90774E003	3,90604E003	3,90529E003	
3,90494E003	3,90493E003	3,90446E003	3,90372E003	3,90486E003	3,90372E003	3,89862E003	3,89286E003	3,88996E003	3,88728E003	3,88160E003	3,88761E003	3,90387E003	3,90716E003	3,90776E003	3,90541E003	3,89290E003	3,87825E003	3,86155E003	3,84599E003	3,83797E003	3,84115E003	3,84930E003	3,84850E003	3,84229E003	3,84079E003	3,84608E003	3,85890E003	3,86607E003	3,87488E003	3,88216E003	3,88253E003	3,88414E003	3,88903E003	3,89356E003	3,89954E003	3,90335E003	3,90490E003	3,90720E003	3,90862E003	3,91010E003	3,91128E003	3,91248E003	3,91457E003	3,91658E003	3,91834E003	3,92097E003	3,92515E003	3,92961E003	3,93270E003	3,93552E003	3,93865E003	3,94019E003	3,93880E003	3,93345E003	3,92559E003	3,91744E003	3,91019E003	3,90347E003	3,87725E003	3,86423E003	3,86968E003	3,88695E003	3,90394E003	3,90948E003	3,91475E003	3,91969E003	3,92411E003	3,92581E003	3,92533E003	3,92369E003	3,92097E003	3,91826E003	3,91585E003	3,91319E003	3,91059E003	3,90771E003	3,90582E003	3,90509E003	
3,90490E003	3,90489E003	3,90447E003	3,90387E003	3,90500E003	3,90387E003	3,89979E003	3,89405E003	3,89070E003	3,88687E003	3,88209E003	3,88967E003	3,90440E003	3,90751E003	3,90768E003	3,90480E003	3,89107E003	3,87749E003	3,86090E003	3,84761E003	3,84158E003	3,85005E003	3,85507E003	3,85092E003	3,84486E003	3,84373E003	3,85290E003	3,86347E003	3,86898E003	3,87909E003	3,88508E003	3,88465E003	3,88731E003	3,89275E003	3,89756E003	3,90256E003	3,90409E003	3,90629E003	3,90813E003	3,90933E003	3,91077E003	3,91173E003	3,91322E003	3,91547E003	3,91713E003	3,91923E003	3,92284E003	3,92744E003	3,93122E003	3,93396E003	3,93712E003	3,93956E003	3,93878E003	3,93480E003	3,92748E003	3,91941E003	3,91185E003	3,90511E003	3,88307E003	3,86684E003	3,86526E003	3,88165E003	3,90148E003	3,90822E003	3,91388E003	3,91852E003	3,92327E003	3,92545E003	3,92506E003	3,92340E003	3,92077E003	3,91805E003	3,91565E003	3,91301E003	3,91050E003	3,90763E003	3,90560E003	3,90489E003	
3,90486E003	3,90486E003	3,90454E003	3,90405E003	3,90516E003	3,90406E003	3,90131E003	3,89576E003	3,89201E003	3,88725E003	3,88386E003	3,89311E003	3,90509E003	3,90774E003	3,90757E003	3,90424E003	3,89159E003	3,87824E003	3,86198E003	3,85096E003	3,84835E003	3,85892E003	3,86090E003	3,85419E003	3,84803E003	3,84951E003	3,85994E003	3,86785E003	3,87594E003	3,88547E003	3,88709E003	3,88800E003	3,89235E003	3,89646E003	3,90199E003	3,90377E003	3,90539E003	3,90761E003	3,90883E003	3,90988E003	3,91108E003	3,91218E003	3,91420E003	3,91586E003	3,91758E003	3,92044E003	3,92483E003	3,92902E003	3,93208E003	3,93510E003	3,93807E003	3,93808E003	3,93539E003	3,92876E003	3,92111E003	3,91344E003	3,90678E003	3,89024E003	3,87024E003	3,86327E003	3,87758E003	3,89641E003	3,90698E003	3,91296E003	3,91730E003	3,92203E003	3,92483E003	3,92456E003	3,92285E003	3,92035E003	3,91765E003	3,91528E003	3,91272E003	3,91031E003	3,90750E003	3,90538E003	3,90470E003	
3,90480E003	3,90486E003	3,90455E003	3,90428E003	3,90526E003	3,90417E003	3,90219E003	3,89733E003	3,89311E003	3,88721E003	3,88625E003	3,89966E003	3,90636E003	3,90807E003	3,90712E003	3,90248E003	3,88952E003	3,87433E003	3,86039E003	3,85368E003	3,86124E003	3,86688E003	3,86317E003	3,85450E003	3,85130E003	3,86073E003	3,86947E003	3,87531E003	3,88663E003	3,89067E003	3,89054E003	3,89429E003	3,89816E003	3,90325E003	3,90400E003	3,90560E003	3,90780E003	3,90895E003	3,90980E003	3,91098E003	3,91214E003	3,91388E003	3,91550E003	3,91723E003	3,92044E003	3,92498E003	3,92885E003	3,93191E003	3,93512E003	3,93731E003	3,93626E003	3,93201E003	3,92497E003	3,91725E003	3,90997E003	3,90362E003	3,87855E003	3,86615E003	3,86935E003	3,88747E003	3,90452E003	3,91084E003	3,91545E003	3,92017E003	3,92377E003	3,92408E003	3,92234E003	3,92025E003	3,91745E003	3,91499E003	3,91259E003	3,91015E003	3,90743E003	3,90515E003	3,90451E003	
3,90471E003	3,90482E003	3,90448E003	3,90456E003	3,90529E003	3,90427E003	3,90302E003	3,89750E003	3,89352E003	3,88718E003	3,89171E003	3,90438E003	3,90784E003	3,90808E003	3,90506E003	3,89715E003	3,88383E003	3,86870E003	3,86076E003	3,86537E003	3,87267E003	3,86952E003	3,86018E003	3,85542E003	3,86515E003	3,87293E003	3,87945E003	3,89147E003	3,89358E003	3,89450E003	3,89854E003	3,90229E003	3,90389E003	3,90471E003	3,90697E003	3,90862E003	3,90941E003	3,91043E003	3,91132E003	3,91304E003	3,91446E003	3,91607E003	3,91879E003	3,92321E003	3,92737E003	3,93067E003	3,93397E003	3,93611E003	3,93493E003	3,93040E003	3,92340E003	3,91561E003	3,90845E003	3,89843E003	3,87509E003	3,86445E003	3,87487E003	3,89472E003	3,90704E003	3,91310E003	3,91728E003	3,92184E003	3,92351E003	3,92216E003	3,92013E003	3,91748E003	3,91486E003	3,91257E003	3,91006E003	3,90744E003	3,90491E003	3,90430E003	
3,90464E003	3,90477E003	3,90443E003	3,90488E003	3,90535E003	3,90445E003	3,90333E003	3,89825E003	3,89337E003	3,89022E003	3,90036E003	3,90680E003	3,90850E003	3,90727E003	3,90355E003	3,89345E003	3,87806E003	3,86885E003	3,86999E003	3,87897E003	3,87670E003	3,86726E003	3,86066E003	3,87054E003	3,87685E003	3,88418E003	3,89652E003	3,89765E003	3,89881E003	3,90281E003	3,90387E003	3,90452E003	3,90593E003	3,90809E003	3,90914E003	3,90964E003	3,91061E003	3,91213E003	3,91325E003	3,91483E003	3,91703E003	3,92125E003	3,92560E003	3,92913E003	3,93245E003	3,93452E003	3,93324E003	3,92851E003	3,92166E003	3,91379E003	3,90697E003	3,89243E003	3,87332E003	3,86577E003	3,88150E003	3,90339E003	3,90988E003	3,91471E003	3,91916E003	3,92261E003	3,92183E003	3,91981E003	3,91734E003	3,91470E003	3,91242E003	3,90995E003	3,90746E003	3,90468E003	3,90409E003	
3,90461E003	3,90476E003	3,90443E003	3,90518E003	3,90544E003	3,90468E003	3,90355E003	3,90005E003	3,89440E003	3,89565E003	3,90474E003	3,90816E003	3,90859E003	3,90547E003	3,90163E003	3,88740E003	3,87704E003	3,87558E003	3,88547E003	3,88425E003	3,87495E003	3,86711E003	3,87709E003	3,88158E003	3,88988E003	3,90189E003	3,90208E003	3,90341E003	3,90396E003	3,90470E003	3,90529E003	3,90738E003	3,90889E003	3,90930E003	3,91015E003	3,91107E003	3,91211E003	3,91360E003	3,91533E003	3,91909E003	3,92359E003	3,92730E003	3,93061E003	3,93260E003	3,93121E003	3,92635E003	3,91980E003	3,91202E003	3,90565E003	3,88795E003	3,87246E003	3,87080E003	3,88933E003	3,90592E003	3,91213E003	3,91612E003	3,92037E003	3,92127E003	3,91913E003	3,91720E003	3,91445E003	3,91212E003	3,90976E003	3,90747E003	3,90471E003	3,90388E003	
3,90456E003	3,90474E003	3,90470E003	3,90551E003	3,90561E003	3,90490E003	3,90362E003	3,89967E003	3,89647E003	3,90367E003	3,90774E003	3,90899E003	3,90681E003	3,90398E003	3,89355E003	3,88364E003	3,88376E003	3,89243E003	3,88979E003	3,87792E003	3,87626E003	3,88506E003	3,88919E003	3,90188E003	3,90396E003	3,90399E003	3,90451E003	3,90514E003	3,90559E003	3,90751E003	3,90901E003	3,90922E003	3,90993E003	3,91104E003	3,91172E003	3,91321E003	3,91553E003	3,91986E003	3,92390E003	3,92760E003	3,93055E003	3,93017E003	3,92632E003	3,91988E003	3,91247E003	3,90590E003	3,88976E003	3,87408E003	3,87351E003	3,89381E003	3,90759E003	3,91308E003	3,91695E003	3,92040E003	3,91918E003	3,91698E003	3,91449E003	3,91196E003	3,90978E003	3,90749E003	3,90478E003	3,90366E003	
3,90450E003	3,90483E003	3,90507E003	3,90591E003	3,90588E003	3,90506E003	3,90373E003	3,90127E003	3,90333E003	3,90664E003	3,90904E003	3,90804E003	3,90510E003	3,89994E003	3,89046E003	3,89250E003	3,89951E003	3,89484E003	3,88135E003	3,88636E003	3,89078E003	3,89870E003	3,90469E003	3,90483E003	3,90520E003	3,90561E003	3,90595E003	3,90765E003	3,90911E003	3,90915E003	3,90972E003	3,91096E003	3,91131E003	3,91281E003	3,91587E003	3,92025E003	3,92433E003	3,92781E003	3,92859E003	3,92565E003	3,91986E003	3,91286E003	3,90621E003	3,89232E003	3,87655E003	3,87709E003	3,89992E003	3,90909E003	3,91376E003	3,91766E003	3,91899E003	3,91654E003	3,91457E003	3,91188E003	3,90973E003	3,90746E003	3,90489E003	3,90351E003	
3,90452E003	3,90493E003	3,90548E003	3,90637E003	3,90627E003	3,90505E003	3,90379E003	3,90346E003	3,90543E003	3,90878E003	3,90873E003	3,90630E003	3,90385E003	3,89728E003	3,90101E003	3,90371E003	3,89919E003	3,88779E003	3,89529E003	3,89859E003	3,90474E003	3,90575E003	3,90593E003	3,90614E003	3,90636E003	3,90782E003	3,90917E003	3,90907E003	3,90950E003	3,91047E003	3,91088E003	3,91263E003	3,91631E003	3,92047E003	3,92457E003	3,92648E003	3,92464E003	3,91950E003	3,91327E003	3,90655E003	3,89534E003	3,87990E003	3,88160E003	3,90411E003	3,91035E003	3,91426E003	3,91767E003	3,91640E003	3,91427E003	3,91187E003	3,90960E003	3,90748E003	3,90509E003	3,90350E003	
3,90460E003	3,90501E003	3,90586E003	3,90688E003	3,90647E003	3,90486E003	3,90421E003	3,90520E003	3,90856E003	3,90903E003	3,90691E003	3,90444E003	3,90289E003	3,90464E003	3,90453E003	3,89700E003	3,89850E003	3,90171E003	3,90513E003	3,90649E003	3,90667E003	3,90681E003	3,90699E003	3,90877E003	3,90929E003	3,90888E003	3,91002E003	3,90989E003	3,91156E003	3,91513E003	3,91937E003	3,92357E003	3,92416E003	3,92061E003	3,91536E003	3,90850E003	3,90330E003	3,88513E003	3,88243E003	3,90445E003	3,91061E003	3,91426E003	3,91659E003	3,91428E003	3,91222E003	3,90969E003	3,90766E003	3,90543E003	3,90352E003	
3,90477E003	3,90553E003	3,90632E003	3,90736E003	3,90632E003	3,90492E003	3,90529E003	3,90794E003	3,90912E003	3,90749E003	3,90522E003	3,90516E003	3,90603E003	3,90454E003	3,90194E003	3,90352E003	3,90549E003	3,90721E003	3,90728E003	3,90724E003	3,90805E003	3,90933E003	3,90890E003	3,90941E003	3,90932E003	3,91054E003	3,91389E003	3,91834E003	3,92213E003	3,92118E003	3,91675E003	3,91094E003	3,90485E003	3,89236E003	3,88478E003	3,90495E003	3,91087E003	3,91423E003	3,91477E003	3,91213E003	3,90997E003	3,90786E003	3,90575E003	3,90365E003	
3,90503E003	3,90620E003	3,90706E003	3,90764E003	3,90585E003	3,90573E003	3,90734E003	3,90902E003	3,90782E003	3,90607E003	3,90691E003	3,90677E003	3,90448E003	3,90415E003	3,90579E003	3,90782E003	3,90788E003	3,90767E003	3,90893E003	3,90919E003	3,90867E003	3,90886E003	3,90958E003	3,91269E003	3,91745E003	3,92007E003	3,91719E003	3,91272E003	3,90670E003	3,90040E003	3,88987E003	3,90548E003	3,91110E003	3,91365E003	3,91248E003	3,91034E003	3,90807E003	3,90610E003	3,90419E003	
3,90535E003	3,90682E003	3,90818E003	3,90707E003	3,90621E003	3,90711E003	3,90908E003	3,90768E003	3,90783E003	3,90787E003	3,90585E003	3,90483E003	3,90663E003	3,90849E003	3,90809E003	3,90900E003	3,90914E003	3,90873E003	3,90834E003	3,91044E003	3,91473E003	3,91817E003	3,91496E003	3,91047E003	3,90516E003	3,89628E003	3,90461E003	3,91063E003	3,91253E003	3,91085E003	3,90868E003	3,90661E003	3,90478E003	
3,90585E003	3,90764E003	3,90842E003	3,90668E003	3,90694E003	3,90908E003	3,90841E003	3,90897E003	3,90709E003	3,90540E003	3,90746E003	3,90863E003	3,90908E003	3,90911E003	3,90822E003	3,90836E003	3,91195E003	3,91621E003	3,91286E003	3,90840E003	3,90410E003	3,90401E003	3,91017E003	3,91126E003	3,90932E003	3,90718E003	3,90556E003	
3,90671E003	3,90862E003	3,90766E003	3,90660E003	3,90908E003	3,91018E003	3,90820E003	3,90597E003	3,90829E003	3,90917E003	3,90897E003	3,90774E003	3,90965E003	3,91388E003	3,91070E003	3,90702E003	3,90488E003	3,90961E003	3,91010E003	3,90813E003	3,90633E003	
3,90770E003	3,90847E003	3,90665E003	3,91062E003	3,90913E003	3,90640E003	3,90912E003	3,90901E003	3,90830E003	3,91122E003	3,90891E003	3,90674E003	3,90837E003	3,90907E003	3,90720E003	
3,90843E003	3,90753E003	3,90999E003	3,90739E003	3,90867E003	3,90908E003	3,90836E003	3,90799E003	3,90846E003	
3,20955E003	3,20955E003	3,20955E003	
