40 80 86
3,91018E003	3,91076E003	3,91051E003	
3,91012E003	3,90977E003	3,91013E003	3,91057E003	3,91130E003	3,91110E003	3,91146E003	3,91045E003	3,90976E003	
3,90903E003	3,91007E003	3,91054E003	3,90897E003	3,90892E003	3,91091E003	3,91082E003	3,91088E003	3,91209E003	3,91187E003	3,91139E003	3,91205E003	3,91019E003	3,90965E003	3,90975E003	
3,90874E003	3,90855E003	3,91053E003	3,91097E003	3,90917E003	3,90719E003	3,90843E003	3,91101E003	3,91098E003	3,91038E003	3,91054E003	3,91207E003	3,91309E003	3,91278E003	3,91245E003	3,91205E003	3,91127E003	3,91006E003	3,91000E003	3,90995E003	3,90939E003	
3,90840E003	3,90791E003	3,90862E003	3,91094E003	3,91122E003	3,90955E003	3,90725E003	3,90604E003	3,90849E003	3,91091E003	3,91102E003	3,91044E003	3,91003E003	3,91031E003	3,91192E003	3,91346E003	3,91390E003	3,91407E003	3,91376E003	3,91243E003	3,91133E003	3,91076E003	3,91010E003	3,91045E003	3,91075E003	3,90958E003	3,90910E003	
3,90801E003	3,90770E003	3,90756E003	3,90873E003	3,91109E003	3,91136E003	3,90989E003	3,90753E003	3,90585E003	3,90549E003	3,90840E003	3,91052E003	3,91088E003	3,91026E003	3,90986E003	3,90969E003	3,91019E003	3,91179E003	3,91330E003	3,91478E003	3,91494E003	3,91539E003	3,91530E003	3,91360E003	3,91102E003	3,91064E003	3,91040E003	3,91029E003	3,91094E003	3,91139E003	3,91052E003	3,90932E003	3,90884E003	
3,90777E003	3,90757E003	3,90706E003	3,90757E003	3,90889E003	3,91102E003	3,91137E003	3,91008E003	3,90797E003	3,90588E003	3,90478E003	3,90540E003	3,90815E003	3,90995E003	3,91064E003	3,90994E003	3,90958E003	3,90946E003	3,90940E003	3,91014E003	3,91162E003	3,91320E003	3,91498E003	3,91587E003	3,91628E003	3,91681E003	3,91694E003	3,91493E003	3,91171E003	3,91008E003	3,91015E003	3,91012E003	3,91053E003	3,91132E003	3,91200E003	3,91151E003	3,91021E003	3,90912E003	3,90863E003	
3,90751E003	3,90728E003	3,90685E003	3,90679E003	3,90762E003	3,90910E003	3,91088E003	3,91121E003	3,90989E003	3,90777E003	3,90557E003	3,90439E003	3,88412E003	3,90620E003	3,90839E003	3,90971E003	3,91015E003	3,90941E003	3,90908E003	3,90899E003	3,90907E003	3,90927E003	3,91093E003	3,91239E003	3,91402E003	3,91587E003	3,91695E003	3,91758E003	3,91818E003	3,91869E003	3,91724E003	3,91397E003	3,91079E003	3,90940E003	3,90972E003	3,90994E003	3,91049E003	3,91168E003	3,91259E003	3,91253E003	3,91137E003	3,90999E003	3,90895E003	3,90842E003	
3,90730E003	3,90695E003	3,90671E003	3,90637E003	3,90662E003	3,90766E003	3,90918E003	3,91070E003	3,91096E003	3,90963E003	3,90758E003	3,90540E003	3,88526E003	3,83963E003	3,90451E003	3,90666E003	3,90822E003	3,90947E003	3,90944E003	3,90886E003	3,90851E003	3,90846E003	3,90863E003	3,90881E003	3,91010E003	3,91170E003	3,91320E003	3,91499E003	3,91677E003	3,91798E003	3,91885E003	3,91956E003	3,92028E003	3,91968E003	3,91658E003	3,91278E003	3,90981E003	3,90876E003	3,90929E003	3,90975E003	3,91038E003	3,91207E003	3,91296E003	3,91346E003	3,91255E003	3,91126E003	3,90980E003	3,90882E003	3,90823E003	
3,90718E003	3,90673E003	3,90661E003	3,90615E003	3,90600E003	3,90665E003	3,90764E003	3,90907E003	3,91045E003	3,91068E003	3,90934E003	3,90740E003	3,90529E003	3,86836E003	3,80688E003	3,83368E003	3,90503E003	3,90680E003	3,90782E003	3,90910E003	3,90871E003	3,90827E003	3,90793E003	3,90790E003	3,90813E003	3,90841E003	3,90914E003	3,91091E003	3,91239E003	3,91403E003	3,91599E003	3,91763E003	3,91896E003	3,92004E003	3,92078E003	3,92154E003	3,92166E003	3,91921E003	3,91528E003	3,91164E003	3,90886E003	3,90818E003	3,90885E003	3,90951E003	3,91019E003	3,91231E003	3,91335E003	3,91420E003	3,91370E003	3,91251E003	3,91115E003	3,90965E003	3,90872E003	3,90808E003	
3,90704E003	3,90656E003	3,90645E003	3,90593E003	3,90561E003	3,90581E003	3,90666E003	3,90763E003	3,90912E003	3,91033E003	3,91025E003	3,90873E003	3,90665E003	3,90477E003	3,82457E003	3,76492E003	3,78820E003	3,89261E003	3,90581E003	3,90681E003	3,90797E003	3,90846E003	3,90775E003	3,90751E003	3,90722E003	3,90741E003	3,90774E003	3,90812E003	3,90908E003	3,91094E003	3,91248E003	3,91407E003	3,91612E003	3,91786E003	3,91949E003	3,92090E003	3,92191E003	3,92266E003	3,92348E003	3,92264E003	3,91943E003	3,91514E003	3,91136E003	3,90845E003	3,90750E003	3,90826E003	3,90908E003	3,90978E003	3,91197E003	3,91357E003	3,91449E003	3,91489E003	3,91379E003	3,91255E003	3,91113E003	3,90957E003	3,90864E003	3,90795E003	
3,90695E003	3,90647E003	3,90619E003	3,90579E003	3,90545E003	3,90522E003	3,90585E003	3,90651E003	3,90751E003	3,90917E003	3,91013E003	3,90977E003	3,90810E003	3,90604E003	3,90435E003	3,78768E003	3,73394E003	3,75387E003	3,84388E003	3,90489E003	3,90594E003	3,90675E003	3,90786E003	3,90745E003	3,90702E003	3,90668E003	3,90663E003	3,90695E003	3,90743E003	3,90789E003	3,90907E003	3,91096E003	3,91252E003	3,91406E003	3,91614E003	3,91800E003	3,91973E003	3,92136E003	3,92274E003	3,92353E003	3,92439E003	3,92498E003	3,92322E003	3,91927E003	3,91495E003	3,91105E003	3,90807E003	3,90685E003	3,90761E003	3,90856E003	3,90950E003	3,91135E003	3,91367E003	3,91477E003	3,91560E003	3,91511E003	3,91382E003	3,91252E003	3,91110E003	3,90949E003	3,90858E003	3,90785E003	
3,90692E003	3,90645E003	3,90602E003	3,90572E003	3,90540E003	3,90488E003	3,90513E003	3,90578E003	3,90637E003	3,90754E003	3,90915E003	3,90987E003	3,90915E003	3,90756E003	3,90551E003	3,88128E003	3,76249E003	3,71578E003	3,73214E003	3,81390E003	3,88568E003	3,90519E003	3,90572E003	3,90688E003	3,90708E003	3,90651E003	3,90631E003	3,90602E003	3,90620E003	3,90656E003	3,90715E003	3,90772E003	3,90909E003	3,91094E003	3,91254E003	3,91400E003	3,91608E003	3,91804E003	3,91976E003	3,92152E003	3,92327E003	3,92433E003	3,92513E003	3,92600E003	3,92581E003	3,92339E003	3,91892E003	3,91470E003	3,91074E003	3,90771E003	3,90629E003	3,90701E003	3,90799E003	3,90914E003	3,91068E003	3,91331E003	3,91490E003	3,91580E003	3,91618E003	3,91509E003	3,91385E003	3,91248E003	3,91104E003	3,90942E003	3,90854E003	3,90778E003	
3,90690E003	3,90638E003	3,90584E003	3,90567E003	3,90532E003	3,90472E003	3,90461E003	3,90517E003	3,90553E003	3,90624E003	3,90792E003	3,90924E003	3,90964E003	3,90825E003	3,90654E003	3,90479E003	3,83285E003	3,71818E003	3,69044E003	3,73957E003	3,80160E003	3,85913E003	3,90466E003	3,90509E003	3,90617E003	3,90645E003	3,90597E003	3,90572E003	3,90543E003	3,90554E003	3,90594E003	3,90654E003	3,90715E003	3,90824E003	3,90993E003	3,91181E003	3,91337E003	3,91499E003	3,91732E003	3,91905E003	3,92085E003	3,92275E003	3,92457E003	3,92558E003	3,92645E003	3,92731E003	3,92704E003	3,92452E003	3,92002E003	3,91556E003	3,91147E003	3,90803E003	3,90589E003	3,90619E003	3,90717E003	3,90839E003	3,90985E003	3,91228E003	3,91470E003	3,91587E003	3,91671E003	3,91645E003	3,91519E003	3,91397E003	3,91254E003	3,91105E003	3,90940E003	3,90849E003	3,90771E003	
3,90688E003	3,90637E003	3,90580E003	3,90566E003	3,90530E003	3,90469E003	3,90294E003	3,90462E003	3,90496E003	3,90531E003	3,90654E003	3,90831E003	3,90926E003	3,90892E003	3,90743E003	3,90567E003	3,89455E003	3,78002E003	3,69399E003	3,67643E003	3,75754E003	3,79800E003	3,83689E003	3,89450E003	3,90454E003	3,90555E003	3,90585E003	3,90550E003	3,90522E003	3,90493E003	3,90497E003	3,90540E003	3,90593E003	3,90662E003	3,90751E003	3,90910E003	3,91092E003	3,91261E003	3,91419E003	3,91606E003	3,91831E003	3,91998E003	3,92185E003	3,92384E003	3,92568E003	3,92662E003	3,92755E003	3,92838E003	3,92803E003	3,92544E003	3,92097E003	3,91640E003	3,91226E003	3,90848E003	3,90599E003	3,90543E003	3,90634E003	3,90754E003	3,90905E003	3,91107E003	3,91380E003	3,91583E003	3,91679E003	3,91731E003	3,91650E003	3,91524E003	3,91400E003	3,91256E003	3,91102E003	3,90937E003	3,90845E003	3,90766E003	
3,90689E003	3,90641E003	3,90583E003	3,90558E003	3,90535E003	3,90476E003	3,89147E003	3,89852E003	3,90459E003	3,90476E003	3,90535E003	3,90705E003	3,90854E003	3,90919E003	3,90819E003	3,90662E003	3,90501E003	3,86292E003	3,74893E003	3,69387E003	3,69280E003	3,78068E003	3,79950E003	3,82123E003	3,86287E003	3,88696E003	3,90504E003	3,90535E003	3,90508E003	3,90484E003	3,90453E003	3,90453E003	3,90491E003	3,90542E003	3,90613E003	3,90690E003	3,90831E003	3,90996E003	3,91184E003	3,91338E003	3,91490E003	3,91717E003	3,91906E003	3,92078E003	3,92268E003	3,92475E003	3,92654E003	3,92746E003	3,92838E003	3,92919E003	3,92874E003	3,92617E003	3,92184E003	3,91714E003	3,91302E003	3,90910E003	3,90622E003	3,90489E003	3,90558E003	3,90675E003	3,90819E003	3,91008E003	3,91260E003	3,91519E003	3,91661E003	3,91745E003	3,91748E003	3,91644E003	3,91519E003	3,91396E003	3,91252E003	3,91098E003	3,90935E003	3,90842E003	3,90764E003	
3,90689E003	3,90644E003	3,90584E003	3,90550E003	3,90537E003	3,90479E003	3,88797E003	3,87538E003	3,89825E003	3,90428E003	3,90463E003	3,90600E003	3,90779E003	3,90888E003	3,90856E003	3,90716E003	3,90557E003	3,90337E003	3,80258E003	3,70637E003	3,69780E003	3,75134E003	3,80374E003	3,79045E003	3,82224E003	3,83118E003	3,88135E003	3,90476E003	3,90478E003	3,90459E003	3,90439E003	3,88567E003	3,89271E003	3,90465E003	3,90521E003	3,90595E003	3,90680E003	3,90835E003	3,90999E003	3,91185E003	3,91340E003	3,91496E003	3,91712E003	3,91909E003	3,92078E003	3,92268E003	3,92483E003	3,92684E003	3,92789E003	3,92885E003	3,92979E003	3,92977E003	3,92786E003	3,92415E003	3,91918E003	3,91487E003	3,91074E003	3,90724E003	3,90502E003	3,90469E003	3,90567E003	3,90699E003	3,90876E003	3,91099E003	3,91366E003	3,91607E003	3,91722E003	3,91785E003	3,91768E003	3,91648E003	3,91522E003	3,91399E003	3,91254E003	3,91099E003	3,90935E003	3,90839E003	3,90761E003	
3,90687E003	3,90644E003	3,90581E003	3,90541E003	3,90537E003	3,90478E003	3,88350E003	3,86097E003	3,87475E003	3,87889E003	3,88684E003	3,90531E003	3,90725E003	3,90849E003	3,90863E003	3,90735E003	3,90581E003	3,90457E003	3,82968E003	3,73190E003	3,70747E003	3,74184E003	3,80772E003	3,79840E003	3,79042E003	3,80262E003	3,82426E003	3,89186E003	3,90440E003	3,90184E003	3,88784E003	3,86015E003	3,85763E003	3,88985E003	3,90465E003	3,90542E003	3,90623E003	3,90752E003	3,90917E003	3,91090E003	3,91262E003	3,91426E003	3,91591E003	3,91837E003	3,92003E003	3,92184E003	3,92392E003	3,92616E003	3,92793E003	3,92890E003	3,92988E003	3,93064E003	3,92996E003	3,92732E003	3,92297E003	3,91800E003	3,91371E003	3,90962E003	3,90635E003	3,90439E003	3,90447E003	3,90557E003	3,90703E003	3,90909E003	3,91153E003	3,91426E003	3,91660E003	3,91768E003	3,91819E003	3,91783E003	3,91661E003	3,91533E003	3,91408E003	3,91261E003	3,91104E003	3,90938E003	3,90835E003	3,90756E003	
3,90688E003	3,90647E003	3,90585E003	3,90539E003	3,90544E003	3,90484E003	3,88746E003	3,85609E003	3,86160E003	3,86391E003	3,85799E003	3,90474E003	3,90675E003	3,90811E003	3,90860E003	3,90760E003	3,90604E003	3,90490E003	3,86831E003	3,76988E003	3,72634E003	3,74755E003	3,82441E003	3,82398E003	3,78779E003	3,79153E003	3,78656E003	3,84897E003	3,88428E003	3,88627E003	3,87956E003	3,85235E003	3,83411E003	3,85621E003	3,89712E003	3,90492E003	3,90569E003	3,90673E003	3,90845E003	3,91005E003	3,91186E003	3,91344E003	3,91506E003	3,91714E003	3,91916E003	3,92085E003	3,92275E003	3,92504E003	3,92723E003	3,92861E003	3,92964E003	3,93068E003	3,93090E003	3,92954E003	3,92629E003	3,92151E003	3,91679E003	3,91251E003	3,90852E003	3,90555E003	3,87019E003	3,90435E003	3,90558E003	3,90719E003	3,90950E003	3,91204E003	3,91477E003	3,91702E003	3,91803E003	3,91835E003	3,91785E003	3,91661E003	3,91534E003	3,91409E003	3,91262E003	3,91106E003	3,90940E003	3,90831E003	3,90754E003	
3,90693E003	3,90653E003	3,90595E003	3,90542E003	3,90557E003	3,90499E003	3,90041E003	3,86096E003	3,86007E003	3,85959E003	3,84317E003	3,90343E003	3,90618E003	3,90778E003	3,90853E003	3,90788E003	3,90637E003	3,90530E003	3,90337E003	3,81365E003	3,75808E003	3,76158E003	3,84373E003	3,85837E003	3,81502E003	3,78975E003	3,77724E003	3,82454E003	3,86610E003	3,86997E003	3,86740E003	3,85873E003	3,83037E003	3,83703E003	3,87647E003	3,90455E003	3,90532E003	3,90621E003	3,90767E003	3,90930E003	3,91090E003	3,91261E003	3,91420E003	3,91580E003	3,91814E003	3,91981E003	3,92153E003	3,92357E003	3,92593E003	3,92794E003	3,92905E003	3,93006E003	3,93100E003	3,93062E003	3,92861E003	3,92482E003	3,91994E003	3,91549E003	3,91134E003	3,90758E003	3,90487E003	3,84790E003	3,90436E003	3,90571E003	3,90747E003	3,90996E003	3,91250E003	3,91520E003	3,91731E003	3,91824E003	3,91831E003	3,91774E003	3,91651E003	3,91525E003	3,91402E003	3,91258E003	3,91104E003	3,90940E003	3,90829E003	3,90753E003	
3,90696E003	3,90657E003	3,90602E003	3,90544E003	3,90568E003	3,90509E003	3,90440E003	3,86848E003	3,86098E003	3,85856E003	3,83528E003	3,89206E003	3,90602E003	3,90771E003	3,90849E003	3,90794E003	3,90642E003	3,90545E003	3,90453E003	3,83774E003	3,78645E003	3,79876E003	3,87585E003	3,88550E003	3,83621E003	3,79638E003	3,77830E003	3,82300E003	3,85813E003	3,86209E003	3,86603E003	3,85822E003	3,82878E003	3,83607E003	3,87650E003	3,90456E003	3,90532E003	3,90623E003	3,90775E003	3,90936E003	3,91090E003	3,91260E003	3,91416E003	3,91579E003	3,91803E003	3,91970E003	3,92140E003	3,92345E003	3,92586E003	3,92787E003	3,92904E003	3,93007E003	3,93100E003	3,93052E003	3,92848E003	3,92466E003	3,91986E003	3,91537E003	3,91123E003	3,90748E003	3,90478E003	3,83178E003	3,88941E003	3,90551E003	3,90734E003	3,90996E003	3,91251E003	3,91519E003	3,91733E003	3,91825E003	3,91825E003	3,91768E003	3,91647E003	3,91523E003	3,91400E003	3,91257E003	3,91106E003	3,90942E003	3,90825E003	3,90750E003	
3,90696E003	3,90658E003	3,90604E003	3,90546E003	3,90576E003	3,90515E003	3,90448E003	3,87716E003	3,86353E003	3,85726E003	3,83382E003	3,90031E003	3,90619E003	3,90793E003	3,90850E003	3,90780E003	3,90630E003	3,90543E003	3,90446E003	3,84413E003	3,81657E003	3,85639E003	3,90442E003	3,89826E003	3,83632E003	3,79248E003	3,79112E003	3,84451E003	3,84939E003	3,86375E003	3,87320E003	3,84295E003	3,83186E003	3,85889E003	3,89542E003	3,90495E003	3,90572E003	3,90695E003	3,90868E003	3,91016E003	3,91178E003	3,91335E003	3,91497E003	3,91696E003	3,91883E003	3,92048E003	3,92236E003	3,92474E003	3,92704E003	3,92852E003	3,92964E003	3,93065E003	3,93071E003	3,92923E003	3,92582E003	3,92120E003	3,91643E003	3,91214E003	3,90826E003	3,90520E003	3,84144E003	3,85085E003	3,90500E003	3,90677E003	3,90943E003	3,91211E003	3,91472E003	3,91709E003	3,91817E003	3,91821E003	3,91766E003	3,91652E003	3,91527E003	3,91404E003	3,91261E003	3,91112E003	3,90946E003	3,90821E003	3,90746E003	
3,90701E003	3,90662E003	3,90611E003	3,90559E003	3,90589E003	3,90528E003	3,90465E003	3,89181E003	3,87576E003	3,86126E003	3,84538E003	3,90454E003	3,90651E003	3,90817E003	3,90856E003	3,90764E003	3,90626E003	3,90549E003	3,90454E003	3,86665E003	3,85143E003	3,90451E003	3,90489E003	3,90441E003	3,84774E003	3,80394E003	3,83020E003	3,86342E003	3,85493E003	3,87962E003	3,88357E003	3,85221E003	3,85463E003	3,89004E003	3,90469E003	3,90541E003	3,90632E003	3,90791E003	3,90950E003	3,91094E003	3,91258E003	3,91407E003	3,91581E003	3,91781E003	3,91947E003	3,92117E003	3,92337E003	3,92582E003	3,92769E003	3,92886E003	3,92997E003	3,93052E003	3,92940E003	3,92665E003	3,92230E003	3,91757E003	3,91312E003	3,90916E003	3,90582E003	3,86839E003	3,82275E003	3,90456E003	3,90629E003	3,90884E003	3,91167E003	3,91415E003	3,91667E003	3,91798E003	3,91807E003	3,91753E003	3,91644E003	3,91520E003	3,91399E003	3,91258E003	3,91114E003	3,90948E003	3,90817E003	3,90743E003	
3,90708E003	3,90670E003	3,90625E003	3,90577E003	3,90608E003	3,90549E003	3,90491E003	3,90445E003	3,89610E003	3,87561E003	3,87018E003	3,90497E003	3,90694E003	3,90839E003	3,90864E003	3,90751E003	3,90642E003	3,90568E003	3,90476E003	3,89786E003	3,90183E003	3,90523E003	3,90534E003	3,90461E003	3,86131E003	3,83508E003	3,86952E003	3,88161E003	3,89129E003	3,90445E003	3,89321E003	3,87699E003	3,89654E003	3,90461E003	3,90528E003	3,90599E003	3,90723E003	3,90889E003	3,91025E003	3,91165E003	3,91320E003	3,91474E003	3,91666E003	3,91834E003	3,91991E003	3,92184E003	3,92426E003	3,92639E003	3,92780E003	3,92894E003	3,92983E003	3,92915E003	3,92705E003	3,92306E003	3,91855E003	3,91405E003	3,91010E003	3,90659E003	3,90210E003	3,81617E003	3,90025E003	3,90587E003	3,90829E003	3,91124E003	3,91356E003	3,91608E003	3,91767E003	3,91783E003	3,91727E003	3,91626E003	3,91504E003	3,91385E003	3,91249E003	3,91110E003	3,90949E003	3,90814E003	3,90743E003	
3,90714E003	3,90679E003	3,90635E003	3,90598E003	3,90624E003	3,90567E003	3,90513E003	3,90474E003	3,90448E003	3,88966E003	3,90170E003	3,90571E003	3,90767E003	3,90872E003	3,90862E003	3,90720E003	3,90645E003	3,90558E003	3,90484E003	3,90462E003	3,90540E003	3,90586E003	3,90542E003	3,90446E003	3,86270E003	3,88911E003	3,90438E003	3,90433E003	3,90475E003	3,90467E003	3,90437E003	3,90453E003	3,90486E003	3,90548E003	3,90615E003	3,90736E003	3,90900E003	3,91031E003	3,91161E003	3,91313E003	3,91468E003	3,91646E003	3,91809E003	3,91964E003	3,92168E003	3,92412E003	3,92606E003	3,92741E003	3,92857E003	3,92904E003	3,92783E003	3,92499E003	3,92079E003	3,91626E003	3,91199E003	3,90827E003	3,90527E003	3,85522E003	3,85199E003	3,90513E003	3,90717E003	3,91022E003	3,91264E003	3,91516E003	3,91712E003	3,91755E003	3,91701E003	3,91620E003	3,91496E003	3,91375E003	3,91247E003	3,91109E003	3,90952E003	3,90812E003	3,90743E003	
3,90718E003	3,90686E003	3,90641E003	3,90621E003	3,90637E003	3,90584E003	3,90535E003	3,90492E003	3,90470E003	3,90436E003	3,90498E003	3,90675E003	3,90855E003	3,90896E003	3,90797E003	3,90701E003	3,90626E003	3,90542E003	3,90513E003	3,90570E003	3,90633E003	3,90595E003	3,90494E003	3,89207E003	3,90452E003	3,90468E003	3,90469E003	3,90518E003	3,90496E003	3,90478E003	3,90501E003	3,90538E003	3,90597E003	3,90674E003	3,90830E003	3,90976E003	3,91097E003	3,91238E003	3,91380E003	3,91558E003	3,91715E003	3,91869E003	3,92056E003	3,92299E003	3,92509E003	3,92657E003	3,92780E003	3,92825E003	3,92699E003	3,92402E003	3,91984E003	3,91529E003	3,91108E003	3,90748E003	3,90484E003	3,83583E003	3,89043E003	3,90583E003	3,90843E003	3,91144E003	3,91372E003	3,91614E003	3,91720E003	3,91686E003	3,91613E003	3,91498E003	3,91373E003	3,91252E003	3,91111E003	3,90959E003	3,90809E003	3,90741E003	
3,90726E003	3,90695E003	3,90651E003	3,90649E003	3,90656E003	3,90610E003	3,90561E003	3,90521E003	3,90493E003	3,90486E003	3,90598E003	3,90806E003	3,90909E003	3,90887E003	3,90759E003	3,90698E003	3,90609E003	3,90570E003	3,90603E003	3,90683E003	3,90654E003	3,90552E003	3,90462E003	3,90498E003	3,90504E003	3,90513E003	3,90567E003	3,90540E003	3,90527E003	3,90555E003	3,90596E003	3,90652E003	3,90760E003	3,90918E003	3,91041E003	3,91154E003	3,91295E003	3,91463E003	3,91609E003	3,91763E003	3,91930E003	3,92167E003	3,92389E003	3,92551E003	3,92677E003	3,92722E003	3,92592E003	3,92288E003	3,91878E003	3,91422E003	3,91020E003	3,90679E003	3,90459E003	3,84293E003	3,90477E003	3,90679E003	3,90990E003	3,91243E003	3,91481E003	3,91669E003	3,91663E003	3,91594E003	3,91491E003	3,91368E003	3,91249E003	3,91113E003	3,90968E003	3,90807E003	3,90741E003	
3,90736E003	3,90709E003	3,90667E003	3,90680E003	3,90680E003	3,90642E003	3,90595E003	3,90562E003	3,90529E003	3,90561E003	3,90717E003	3,90893E003	3,90940E003	3,90836E003	3,90759E003	3,90676E003	3,90628E003	3,90642E003	3,90734E003	3,90716E003	3,90616E003	3,90516E003	3,90556E003	3,90548E003	3,90568E003	3,90623E003	3,90592E003	3,90591E003	3,90612E003	3,90659E003	3,90718E003	3,90861E003	3,90994E003	3,91093E003	3,91222E003	3,91360E003	3,91501E003	3,91652E003	3,91800E003	3,92020E003	3,92251E003	3,92424E003	3,92553E003	3,92597E003	3,92465E003	3,92158E003	3,91764E003	3,91316E003	3,90940E003	3,90626E003	3,90446E003	3,88106E003	3,90555E003	3,90809E003	3,91115E003	3,91333E003	3,91558E003	3,91629E003	3,91557E003	3,91482E003	3,91357E003	3,91239E003	3,91110E003	3,90975E003	3,90817E003	3,90742E003	
3,90745E003	3,90720E003	3,90693E003	3,90711E003	3,90707E003	3,90674E003	3,90623E003	3,90586E003	3,90576E003	3,90677E003	3,90879E003	3,90960E003	3,90895E003	3,90805E003	3,90727E003	3,90681E003	3,90708E003	3,90788E003	3,90756E003	3,90631E003	3,90580E003	3,90611E003	3,90599E003	3,90659E003	3,90663E003	3,90641E003	3,90656E003	3,90693E003	3,90741E003	3,90873E003	3,91002E003	3,91090E003	3,91212E003	3,91355E003	3,91477E003	3,91623E003	3,91790E003	3,92026E003	3,92227E003	3,92387E003	3,92485E003	3,92408E003	3,92153E003	3,91769E003	3,91338E003	3,90953E003	3,90645E003	3,90464E003	3,90435E003	3,90605E003	3,90900E003	3,91178E003	3,91389E003	3,91576E003	3,91549E003	3,91468E003	3,91359E003	3,91236E003	3,91117E003	3,90984E003	3,90829E003	3,90743E003	
3,90755E003	3,90739E003	3,90726E003	3,90749E003	3,90742E003	3,90707E003	3,90656E003	3,90630E003	3,90671E003	3,90837E003	3,90967E003	3,90950E003	3,90854E003	3,90781E003	3,90737E003	3,90778E003	3,90844E003	3,90792E003	3,90650E003	3,90653E003	3,90649E003	3,90670E003	3,90729E003	3,90707E003	3,90710E003	3,90732E003	3,90770E003	3,90888E003	3,91011E003	3,91088E003	3,91200E003	3,91346E003	3,91448E003	3,91587E003	3,91778E003	3,92007E003	3,92197E003	3,92332E003	3,92319E003	3,92114E003	3,91765E003	3,91356E003	3,90969E003	3,90670E003	3,90491E003	3,90475E003	3,90673E003	3,90985E003	3,91230E003	3,91439E003	3,91528E003	3,91442E003	3,91361E003	3,91235E003	3,91120E003	3,90991E003	3,90843E003	3,90747E003	
3,90770E003	3,90760E003	3,90764E003	3,90792E003	3,90785E003	3,90734E003	3,90688E003	3,90689E003	3,90794E003	3,90961E003	3,90984E003	3,90908E003	3,90837E003	3,90793E003	3,90847E003	3,90892E003	3,90821E003	3,90693E003	3,90719E003	3,90706E003	3,90768E003	3,90778E003	3,90768E003	3,90777E003	3,90804E003	3,90905E003	3,91019E003	3,91085E003	3,91187E003	3,91315E003	3,91412E003	3,91554E003	3,91763E003	3,91970E003	3,92147E003	3,92198E003	3,92054E003	3,91742E003	3,91373E003	3,90986E003	3,90700E003	3,90526E003	3,90525E003	3,90758E003	3,91062E003	3,91272E003	3,91456E003	3,91426E003	3,91344E003	3,91235E003	3,91119E003	3,90999E003	3,90861E003	3,90758E003	
3,90786E003	3,90778E003	3,90798E003	3,90835E003	3,90817E003	3,90753E003	3,90736E003	3,90796E003	3,90962E003	3,91006E003	3,90942E003	3,90871E003	3,90847E003	3,90928E003	3,90919E003	3,90785E003	3,90763E003	3,90751E003	3,90805E003	3,90830E003	3,90822E003	3,90829E003	3,90859E003	3,90979E003	3,91060E003	3,91117E003	3,91249E003	3,91323E003	3,91461E003	3,91664E003	3,91872E003	3,92049E003	3,92035E003	3,91810E003	3,91490E003	3,91097E003	3,90791E003	3,90584E003	3,90544E003	3,90785E003	3,91088E003	3,91285E003	3,91418E003	3,91338E003	3,91251E003	3,91128E003	3,91015E003	3,90886E003	3,90770E003	
3,90808E003	3,90817E003	3,90838E003	3,90880E003	3,90837E003	3,90784E003	3,90813E003	3,90946E003	3,91019E003	3,90976E003	3,90913E003	3,90938E003	3,90985E003	3,90907E003	3,90808E003	3,90793E003	3,90840E003	3,90882E003	3,90870E003	3,90873E003	3,90934E003	3,91035E003	3,91080E003	3,91179E003	3,91251E003	3,91368E003	3,91561E003	3,91776E003	3,91930E003	3,91842E003	3,91572E003	3,91228E003	3,90880E003	3,90659E003	3,90576E003	3,90820E003	3,91113E003	3,91295E003	3,91347E003	3,91245E003	3,91144E003	3,91032E003	3,90910E003	3,90787E003	
3,90834E003	3,90863E003	3,90891E003	3,90916E003	3,90842E003	3,90846E003	3,90931E003	3,91024E003	3,91000E003	3,90959E003	3,91017E003	3,91011E003	3,90887E003	3,90837E003	3,90872E003	3,90928E003	3,90918E003	3,90917E003	3,91002E003	3,91062E003	3,91106E003	3,91186E003	3,91280E003	3,91460E003	3,91685E003	3,91782E003	3,91603E003	3,91328E003	3,90983E003	3,90744E003	3,90631E003	3,90856E003	3,91136E003	3,91280E003	3,91253E003	3,91162E003	3,91048E003	3,90936E003	3,90824E003	
3,90861E003	3,90905E003	3,90958E003	3,90912E003	3,90881E003	3,90932E003	3,91040E003	3,91013E003	3,91049E003	3,91059E003	3,90950E003	3,90868E003	3,90911E003	3,90966E003	3,90948E003	3,91011E003	3,91063E003	3,91109E003	3,91160E003	3,91304E003	3,91519E003	3,91659E003	3,91467E003	3,91193E003	3,90885E003	3,90698E003	3,90823E003	3,91120E003	3,91237E003	3,91183E003	3,91082E003	3,90969E003	3,90861E003	
3,90895E003	3,90956E003	3,90987E003	3,90914E003	3,90936E003	3,91055E003	3,91064E003	3,91107E003	3,91008E003	3,90894E003	3,90950E003	3,90986E003	3,91021E003	3,91064E003	3,91088E003	3,91155E003	3,91349E003	3,91534E003	3,91339E003	3,91068E003	3,90815E003	3,90802E003	3,91103E003	3,91186E003	3,91114E003	3,91005E003	3,90908E003	
3,90946E003	3,91012E003	3,90968E003	3,90931E003	3,91075E003	3,91157E003	3,91061E003	3,90919E003	3,90991E003	3,91032E003	3,91062E003	3,91067E003	3,91200E003	3,91394E003	3,91210E003	3,90976E003	3,90846E003	3,91081E003	3,91139E003	3,91056E003	3,90955E003	
3,91001E003	3,91015E003	3,90942E003	3,91165E003	3,91106E003	3,90938E003	3,91038E003	3,91068E003	3,91090E003	3,91239E003	3,91099E003	3,90944E003	3,91028E003	3,91095E003	3,91007E003	
3,91039E003	3,90997E003	3,91141E003	3,90984E003	3,91058E003	3,91105E003	3,91048E003	3,91015E003	3,91069E003	
3,20955E003	3,20955E003	3,20955E003	
