40 80 86
3,90901E003	3,90969E003	3,90937E003	
3,90896E003	3,90838E003	3,90916E003	3,90944E003	3,91033E003	3,91017E003	3,91047E003	3,90922E003	3,90860E003	
3,90745E003	3,90882E003	3,90957E003	3,90743E003	3,90736E003	3,91007E003	3,90967E003	3,90965E003	3,91147E003	3,91109E003	3,91025E003	3,91130E003	3,90879E003	3,90847E003	3,90878E003	
3,90722E003	3,90664E003	3,90958E003	3,91031E003	3,90771E003	3,90480E003	3,90653E003	3,91032E003	3,91007E003	3,90905E003	3,90911E003	3,91128E003	3,91264E003	3,91215E003	3,91179E003	3,91120E003	3,91015E003	3,90863E003	3,90895E003	3,90917E003	3,90837E003	
3,90688E003	3,90589E003	3,90677E003	3,91032E003	3,91077E003	3,90832E003	3,90486E003	3,89633E003	3,90658E003	3,91024E003	3,91029E003	3,90934E003	3,90859E003	3,90877E003	3,91094E003	3,91299E003	3,91345E003	3,91380E003	3,91361E003	3,91174E003	3,91015E003	3,90947E003	3,90874E003	3,90962E003	3,91037E003	3,90870E003	3,90805E003	
3,90645E003	3,90581E003	3,90538E003	3,90704E003	3,91067E003	3,91111E003	3,90889E003	3,90528E003	3,89348E003	3,88597E003	3,90640E003	3,90967E003	3,91020E003	3,90922E003	3,90857E003	3,90814E003	3,90861E003	3,91068E003	3,91257E003	3,91451E003	3,91463E003	3,91549E003	3,91574E003	3,91345E003	3,90959E003	3,90921E003	3,90906E003	3,90913E003	3,91037E003	3,91131E003	3,91012E003	3,90839E003	3,90777E003	
3,90624E003	3,90584E003	3,90486E003	3,90550E003	3,90742E003	3,91071E003	3,91123E003	3,90926E003	3,90599E003	3,89375E003	3,87448E003	3,88342E003	3,90595E003	3,90880E003	3,90993E003	3,90888E003	3,90835E003	3,90809E003	3,90778E003	3,90855E003	3,91038E003	3,91231E003	3,91463E003	3,91570E003	3,91627E003	3,91735E003	3,91799E003	3,91532E003	3,91060E003	3,90827E003	3,90863E003	3,90878E003	3,90960E003	3,91098E003	3,91222E003	3,91162E003	3,90973E003	3,90817E003	3,90756E003	
3,90600E003	3,90561E003	3,90480E003	3,90456E003	3,90572E003	3,90791E003	3,91064E003	3,91112E003	3,90905E003	3,90570E003	3,88832E003	3,86730E003	3,86048E003	3,89535E003	3,90630E003	3,90848E003	3,90930E003	3,90823E003	3,90777E003	3,90759E003	3,90751E003	3,90745E003	3,90955E003	3,91122E003	3,91317E003	3,91555E003	3,91689E003	3,91780E003	3,91893E003	3,92020E003	3,91849E003	3,91388E003	3,90925E003	3,90734E003	3,90810E003	3,90863E003	3,90963E003	3,91159E003	3,91311E003	3,91316E003	3,91145E003	3,90946E003	3,90801E003	3,90735E003	
3,90583E003	3,90529E003	3,90484E003	3,90419E003	3,90445E003	3,90594E003	3,90821E003	3,91050E003	3,91085E003	3,90871E003	3,90542E003	3,88527E003	3,86165E003	3,85065E003	3,86627E003	3,90203E003	3,90604E003	3,90821E003	3,90834E003	3,90757E003	3,90711E003	3,90701E003	3,90710E003	3,90701E003	3,90855E003	3,91043E003	3,91210E003	3,91424E003	3,91648E003	3,91802E003	3,91926E003	3,92054E003	3,92211E003	3,92178E003	3,91756E003	3,91213E003	3,90782E003	3,90648E003	3,90758E003	3,90849E003	3,90956E003	3,91227E003	3,91369E003	3,91458E003	3,91324E003	3,91134E003	3,90923E003	3,90789E003	3,90717E003	
3,90576E003	3,90512E003	3,90491E003	3,90411E003	3,90376E003	3,90466E003	3,90607E003	3,90818E003	3,91026E003	3,91053E003	3,90833E003	3,90515E003	3,88330E003	3,85751E003	3,84341E003	3,84749E003	3,87410E003	3,90370E003	3,90547E003	3,90776E003	3,90736E003	3,90685E003	3,90641E003	3,90637E003	3,90658E003	3,90670E003	3,90735E003	3,90953E003	3,91114E003	3,91298E003	3,91537E003	3,91737E003	3,91909E003	3,92066E003	3,92193E003	3,92352E003	3,92431E003	3,92116E003	3,91566E003	3,91049E003	3,90649E003	3,90574E003	3,90707E003	3,90826E003	3,90939E003	3,91275E003	3,91434E003	3,91572E003	3,91499E003	3,91319E003	3,91120E003	3,90905E003	3,90782E003	3,90704E003	
3,90567E003	3,90503E003	3,90488E003	3,90402E003	3,90152E003	3,90344E003	3,90484E003	3,90621E003	3,90840E003	3,91019E003	3,90994E003	3,90741E003	3,90395E003	3,87390E003	3,84766E003	3,83432E003	3,83740E003	3,85834E003	3,88708E003	3,90380E003	3,90592E003	3,90701E003	3,90612E003	3,90593E003	3,90555E003	3,90582E003	3,90614E003	3,90636E003	3,90732E003	3,90958E003	3,91124E003	3,91293E003	3,91538E003	3,91747E003	3,91955E003	3,92152E003	3,92310E003	3,92452E003	3,92633E003	3,92572E003	3,92145E003	3,91544E003	3,91009E003	3,90594E003	3,90478E003	3,90628E003	3,90775E003	3,90889E003	3,91233E003	3,91477E003	3,91619E003	3,91684E003	3,91514E003	3,91327E003	3,91122E003	3,90897E003	3,90776E003	3,90693E003	
3,90564E003	3,90503E003	3,90467E003	3,90402E003	3,90161E003	3,89699E003	3,90387E003	3,90474E003	3,90614E003	3,90861E003	3,90997E003	3,90924E003	3,90642E003	3,89636E003	3,86583E003	3,83943E003	3,82736E003	3,82963E003	3,84679E003	3,87058E003	3,89015E003	3,90390E003	3,90603E003	3,90571E003	3,90526E003	3,90490E003	3,90487E003	3,90530E003	3,90580E003	3,90610E003	3,90737E003	3,90963E003	3,91126E003	3,91283E003	3,91529E003	3,91748E003	3,91964E003	3,92185E003	3,92388E003	3,92525E003	3,92699E003	3,92854E003	3,92654E003	3,92116E003	3,91517E003	3,90967E003	3,90543E003	3,90387E003	3,90540E003	3,90708E003	3,90861E003	3,91151E003	3,91505E003	3,91668E003	3,91796E003	3,91717E003	3,91517E003	3,91324E003	3,91120E003	3,90890E003	3,90773E003	3,90685E003	
3,90569E003	3,90512E003	3,90454E003	3,90411E003	3,90313E003	3,89415E003	3,89702E003	3,90388E003	3,90463E003	3,90630E003	3,90868E003	3,90963E003	3,90829E003	3,90554E003	3,88725E003	3,85952E003	3,83347E003	3,82264E003	3,82414E003	3,83931E003	3,85542E003	3,87660E003	3,88845E003	3,90437E003	3,90510E003	3,90451E003	3,90443E003	3,90411E003	3,90441E003	3,90485E003	3,90549E003	3,90591E003	3,90744E003	3,90963E003	3,91130E003	3,91271E003	3,91513E003	3,91743E003	3,91948E003	3,92181E003	3,92432E003	3,92600E003	3,92749E003	3,92937E003	3,92977E003	3,92679E003	3,92063E003	3,91482E003	3,90925E003	3,90497E003	3,89814E003	3,90458E003	3,90632E003	3,90821E003	3,91059E003	3,91464E003	3,91697E003	3,91830E003	3,91886E003	3,91710E003	3,91520E003	3,91318E003	3,91112E003	3,90882E003	3,90772E003	3,90680E003	
3,90573E003	3,90512E003	3,90441E003	3,90422E003	3,90369E003	3,89402E003	3,89135E003	3,89904E003	3,90301E003	3,90451E003	3,90698E003	3,90886E003	3,90928E003	3,90683E003	3,90384E003	3,87375E003	3,84780E003	3,82353E003	3,81622E003	3,82360E003	3,83566E003	3,84906E003	3,86728E003	3,87797E003	3,90000E003	3,90418E003	3,90377E003	3,90367E003	3,90099E003	3,90318E003	3,90415E003	3,90485E003	3,90538E003	3,90652E003	3,90845E003	3,91059E003	3,91212E003	3,91375E003	3,91653E003	3,91848E003	3,92069E003	3,92327E003	3,92593E003	3,92754E003	3,92920E003	3,93108E003	3,93138E003	3,92829E003	3,92213E003	3,91599E003	3,91030E003	3,90544E003	3,89195E003	3,90067E003	3,90515E003	3,90718E003	3,90946E003	3,91319E003	3,91682E003	3,91850E003	3,91972E003	3,91925E003	3,91723E003	3,91536E003	3,91327E003	3,91114E003	3,90881E003	3,90768E003	3,90674E003	
3,90575E003	3,90518E003	3,90446E003	3,90434E003	3,90384E003	3,89558E003	3,88885E003	3,89263E003	3,89648E003	3,90008E003	3,90503E003	3,90761E003	3,90888E003	3,90809E003	3,90544E003	3,89018E003	3,86204E003	3,83562E003	3,81713E003	3,81183E003	3,82510E003	3,83380E003	3,84385E003	3,85907E003	3,86878E003	3,89019E003	3,89989E003	3,89843E003	3,89715E003	3,89460E003	3,89621E003	3,90246E003	3,90418E003	3,90489E003	3,90574E003	3,90757E003	3,90964E003	3,91140E003	3,91293E003	3,91492E003	3,91761E003	3,91948E003	3,92184E003	3,92459E003	3,92731E003	3,92885E003	3,93061E003	3,93248E003	3,93267E003	3,92949E003	3,92341E003	3,91713E003	3,91144E003	3,90612E003	3,89362E003	3,88868E003	3,90392E003	3,90598E003	3,90838E003	3,91146E003	3,91559E003	3,91856E003	3,91992E003	3,92063E003	3,91927E003	3,91726E003	3,91539E003	3,91328E003	3,91110E003	3,90878E003	3,90764E003	3,90671E003	
3,90580E003	3,90529E003	3,90458E003	3,90432E003	3,90403E003	3,89828E003	3,88833E003	3,88879E003	3,89273E003	3,89354E003	3,90072E003	3,90583E003	3,90796E003	3,90872E003	3,90684E003	3,90403E003	3,87760E003	3,85339E003	3,82777E003	3,81481E003	3,81263E003	3,82787E003	3,83308E003	3,84015E003	3,85216E003	3,86137E003	3,88184E003	3,89213E003	3,89229E003	3,89178E003	3,88932E003	3,89062E003	3,89674E003	3,90315E003	3,90441E003	3,90514E003	3,90673E003	3,90857E003	3,91067E003	3,91215E003	3,91357E003	3,91622E003	3,91836E003	3,92034E003	3,92280E003	3,92572E003	3,92841E003	3,92993E003	3,93170E003	3,93354E003	3,93359E003	3,93044E003	3,92459E003	3,91814E003	3,91252E003	3,90704E003	3,89724E003	3,87998E003	3,89478E003	3,90482E003	3,90715E003	3,91007E003	3,91387E003	3,91772E003	3,91975E003	3,92093E003	3,92085E003	3,91912E003	3,91715E003	3,91529E003	3,91320E003	3,91102E003	3,90873E003	3,90760E003	3,90668E003	
3,90583E003	3,90540E003	3,90465E003	3,90428E003	3,90418E003	3,90003E003	3,88920E003	3,88595E003	3,88917E003	3,88847E003	3,89106E003	3,90435E003	3,90694E003	3,90840E003	3,90758E003	3,90503E003	3,88819E003	3,86307E003	3,83837E003	3,81720E003	3,81272E003	3,82085E003	3,83140E003	3,83141E003	3,84099E003	3,84710E003	3,86183E003	3,87916E003	3,88489E003	3,88643E003	3,88656E003	3,88418E003	3,88670E003	3,89389E003	3,90107E003	3,90422E003	3,90505E003	3,90685E003	3,90865E003	3,91070E003	3,91218E003	3,91364E003	3,91611E003	3,91834E003	3,92026E003	3,92266E003	3,92566E003	3,92864E003	3,93032E003	3,93209E003	3,93407E003	3,93475E003	3,93260E003	3,92774E003	3,92090E003	3,91506E003	3,90937E003	3,90446E003	3,88090E003	3,87968E003	3,89857E003	3,90537E003	3,90815E003	3,91155E003	3,91556E003	3,91908E003	3,92068E003	3,92151E003	3,92111E003	3,91913E003	3,91715E003	3,91531E003	3,91321E003	3,91102E003	3,90873E003	3,90754E003	3,90664E003	
3,90582E003	3,90543E003	3,90467E003	3,90421E003	3,90428E003	3,90101E003	3,88969E003	3,88470E003	3,88610E003	3,88503E003	3,88421E003	3,90111E003	3,90621E003	3,90790E003	3,90780E003	3,90541E003	3,89263E003	3,86780E003	3,84372E003	3,82124E003	3,81352E003	3,81782E003	3,83045E003	3,83096E003	3,83307E003	3,83986E003	3,84890E003	3,86774E003	3,87736E003	3,88093E003	3,88223E003	3,87981E003	3,88109E003	3,88766E003	3,89446E003	3,90368E003	3,90453E003	3,90595E003	3,90782E003	3,90968E003	3,91144E003	3,91300E003	3,91459E003	3,91754E003	3,91931E003	3,92145E003	3,92422E003	3,92744E003	3,93012E003	3,93176E003	3,93365E003	3,93544E003	3,93516E003	3,93193E003	3,92609E003	3,91929E003	3,91348E003	3,90783E003	3,89967E003	3,87259E003	3,87803E003	3,89849E003	3,90556E003	3,90876E003	3,91245E003	3,91651E003	3,91992E003	3,92140E003	3,92202E003	3,92130E003	3,91928E003	3,91728E003	3,91542E003	3,91330E003	3,91108E003	3,90876E003	3,90747E003	3,90658E003	
3,90583E003	3,90548E003	3,90476E003	3,90421E003	3,90444E003	3,90274E003	3,89127E003	3,88472E003	3,88462E003	3,88328E003	3,87976E003	3,89293E003	3,90552E003	3,90738E003	3,90783E003	3,90589E003	3,89709E003	3,87390E003	3,85185E003	3,82796E003	3,81631E003	3,81785E003	3,83225E003	3,83413E003	3,83066E003	3,83585E003	3,84018E003	3,85726E003	3,87021E003	3,87650E003	3,87993E003	3,87819E003	3,87716E003	3,88221E003	3,88958E003	3,89828E003	3,90396E003	3,90508E003	3,90711E003	3,90881E003	3,91074E003	3,91223E003	3,91375E003	3,91604E003	3,91832E003	3,92018E003	3,92255E003	3,92572E003	3,92893E003	3,93107E003	3,93291E003	3,93498E003	3,93599E003	3,93471E003	3,93057E003	3,92407E003	3,91766E003	3,91186E003	3,90632E003	3,88897E003	3,86659E003	3,87774E003	3,89993E003	3,90589E003	3,90946E003	3,91328E003	3,91731E003	3,92056E003	3,92192E003	3,92224E003	3,92128E003	3,91925E003	3,91725E003	3,91539E003	3,91328E003	3,91108E003	3,90876E003	3,90740E003	3,90652E003	
3,90586E003	3,90555E003	3,90489E003	3,90425E003	3,90465E003	3,90380E003	3,89405E003	3,88597E003	3,88478E003	3,88304E003	3,87765E003	3,88675E003	3,90469E003	3,90693E003	3,90780E003	3,90639E003	3,90293E003	3,88117E003	3,85978E003	3,83647E003	3,82184E003	3,81982E003	3,83510E003	3,83963E003	3,83403E003	3,83362E003	3,83652E003	3,85063E003	3,86449E003	3,87132E003	3,87616E003	3,87857E003	3,87614E003	3,87889E003	3,88640E003	3,89404E003	3,90321E003	3,90456E003	3,90625E003	3,90807E003	3,90972E003	3,91146E003	3,91296E003	3,91445E003	3,91722E003	3,91898E003	3,92097E003	3,92363E003	3,92700E003	3,93001E003	3,93181E003	3,93369E003	3,93570E003	3,93581E003	3,93354E003	3,92857E003	3,92192E003	3,91591E003	3,91027E003	3,90504E003	3,87961E003	3,86389E003	3,87912E003	3,90279E003	3,90637E003	3,91020E003	3,91398E003	3,91794E003	3,92097E003	3,92221E003	3,92212E003	3,92106E003	3,91903E003	3,91706E003	3,91524E003	3,91316E003	3,91101E003	3,90873E003	3,90732E003	3,90646E003	
3,90587E003	3,90557E003	3,90497E003	3,90426E003	3,90481E003	3,90396E003	3,89599E003	3,88748E003	3,88508E003	3,88300E003	3,87638E003	3,88459E003	3,90444E003	3,90682E003	3,90774E003	3,90647E003	3,90360E003	3,88342E003	3,86298E003	3,84054E003	3,82629E003	3,82599E003	3,84117E003	3,84483E003	3,83772E003	3,83452E003	3,83654E003	3,85029E003	3,86294E003	3,86987E003	3,87609E003	3,87873E003	3,87613E003	3,87900E003	3,88669E003	3,89437E003	3,90343E003	3,90461E003	3,90639E003	3,90819E003	3,90975E003	3,91146E003	3,91291E003	3,91447E003	3,91706E003	3,91882E003	3,92078E003	3,92346E003	3,92690E003	3,92991E003	3,93180E003	3,93372E003	3,93570E003	3,93567E003	3,93336E003	3,92833E003	3,92181E003	3,91575E003	3,91012E003	3,90492E003	3,87865E003	3,86137E003	3,87602E003	3,90006E003	3,90620E003	3,91021E003	3,91401E003	3,91793E003	3,92101E003	3,92222E003	3,92200E003	3,92093E003	3,91894E003	3,91699E003	3,91517E003	3,91312E003	3,91100E003	3,90872E003	3,90721E003	3,90638E003	
3,90584E003	3,90556E003	3,90498E003	3,90427E003	3,90493E003	3,90405E003	3,89714E003	3,88900E003	3,88537E003	3,88250E003	3,87578E003	3,88585E003	3,90466E003	3,90712E003	3,90768E003	3,90617E003	3,90061E003	3,88179E003	3,86012E003	3,84009E003	3,83059E003	3,83661E003	3,84892E003	3,84799E003	3,83868E003	3,83520E003	3,84064E003	3,85636E003	3,86342E003	3,87238E003	3,87937E003	3,87724E003	3,87760E003	3,88357E003	3,89005E003	3,89961E003	3,90408E003	3,90549E003	3,90754E003	3,90905E003	3,91067E003	3,91214E003	3,91366E003	3,91580E003	3,91785E003	3,91965E003	3,92198E003	3,92529E003	3,92868E003	3,93099E003	3,93295E003	3,93498E003	3,93574E003	3,93427E003	3,92987E003	3,92363E003	3,91717E003	3,91136E003	3,90602E003	3,88461E003	3,86263E003	3,86814E003	3,89184E003	3,90533E003	3,90943E003	3,91343E003	3,91724E003	3,92066E003	3,92211E003	3,92194E003	3,92088E003	3,91898E003	3,91702E003	3,91518E003	3,91311E003	3,91104E003	3,90873E003	3,90709E003	3,90626E003	
3,90585E003	3,90556E003	3,90503E003	3,90441E003	3,90507E003	3,90419E003	3,89923E003	3,89115E003	3,88694E003	3,88245E003	3,87705E003	3,88930E003	3,90509E003	3,90742E003	3,90768E003	3,90580E003	3,89869E003	3,88143E003	3,86005E003	3,84329E003	3,83660E003	3,84983E003	3,85750E003	3,85161E003	3,84224E003	3,83900E003	3,84972E003	3,86199E003	3,86649E003	3,87728E003	3,88264E003	3,87968E003	3,88193E003	3,88909E003	3,89639E003	3,90379E003	3,90477E003	3,90668E003	3,90844E003	3,90983E003	3,91146E003	3,91279E003	3,91451E003	3,91673E003	3,91849E003	3,92048E003	3,92344E003	3,92698E003	3,92981E003	3,93177E003	3,93389E003	3,93533E003	3,93434E003	3,93096E003	3,92512E003	3,91872E003	3,91269E003	3,90730E003	3,89365E003	3,86693E003	3,86218E003	3,88438E003	3,90456E003	3,90851E003	3,91276E003	3,91636E003	3,92002E003	3,92181E003	3,92172E003	3,92067E003	3,91884E003	3,91687E003	3,91506E003	3,91301E003	3,91100E003	3,90870E003	3,90696E003	3,90616E003	
3,90587E003	3,90559E003	3,90514E003	3,90460E003	3,90525E003	3,90440E003	3,90216E003	3,89440E003	3,88965E003	3,88388E003	3,88043E003	3,89496E003	3,90565E003	3,90765E003	3,90767E003	3,90548E003	3,90013E003	3,88327E003	3,86245E003	3,84892E003	3,84692E003	3,86279E003	3,86594E003	3,85627E003	3,84654E003	3,84673E003	3,85914E003	3,86741E003	3,87543E003	3,88552E003	3,88507E003	3,88437E003	3,88942E003	3,89514E003	3,90368E003	3,90444E003	3,90589E003	3,90786E003	3,90921E003	3,91051E003	3,91198E003	3,91341E003	3,91547E003	3,91724E003	3,91899E003	3,92145E003	3,92487E003	3,92805E003	3,93029E003	3,93235E003	3,93424E003	3,93387E003	3,93144E003	3,92614E003	3,92005E003	3,91395E003	3,90861E003	3,90375E003	3,87258E003	3,85991E003	3,87889E003	3,90384E003	3,90760E003	3,91207E003	3,91544E003	3,91910E003	3,92133E003	3,92134E003	3,92025E003	3,91853E003	3,91658E003	3,91480E003	3,91282E003	3,91089E003	3,90864E003	3,90685E003	3,90606E003	
3,90587E003	3,90564E003	3,90520E003	3,90483E003	3,90539E003	3,90456E003	3,90371E003	3,89756E003	3,89222E003	3,88494E003	3,88496E003	3,90381E003	3,90664E003	3,90798E003	3,90745E003	3,90477E003	3,89834E003	3,87905E003	3,86154E003	3,85398E003	3,86589E003	3,87437E003	3,86922E003	3,85633E003	3,85023E003	3,86127E003	3,87094E003	3,87592E003	3,88845E003	3,89127E003	3,88900E003	3,89306E003	3,89827E003	3,90393E003	3,90465E003	3,90607E003	3,90801E003	3,90930E003	3,91047E003	3,91191E003	3,91336E003	3,91522E003	3,91695E003	3,91868E003	3,92136E003	3,92486E003	3,92778E003	3,92999E003	3,93215E003	3,93343E003	3,93227E003	3,92871E003	3,92309E003	3,91696E003	3,91116E003	3,90608E003	3,88611E003	3,86521E003	3,86784E003	3,89302E003	3,90582E003	3,91049E003	3,91404E003	3,91769E003	3,92050E003	3,92094E003	3,91985E003	3,91844E003	3,91643E003	3,91460E003	3,91274E003	3,91080E003	3,90861E003	3,90672E003	3,90597E003	
3,90585E003	3,90566E003	3,90520E003	3,90509E003	3,90548E003	3,90471E003	3,90392E003	3,89884E003	3,89400E003	3,88625E003	3,89401E003	3,90525E003	3,90781E003	3,90811E003	3,90614E003	3,90416E003	3,89197E003	3,87293E003	3,86375E003	3,87161E003	3,88247E003	3,87819E003	3,86451E003	3,85626E003	3,86769E003	3,87595E003	3,88186E003	3,89535E003	3,89561E003	3,89502E003	3,89970E003	3,90379E003	3,90451E003	3,90532E003	3,90724E003	3,90884E003	3,90991E003	3,91122E003	3,91247E003	3,91432E003	3,91592E003	3,91759E003	3,91995E003	3,92340E003	3,92654E003	3,92893E003	3,93116E003	3,93242E003	3,93117E003	3,92741E003	3,92182E003	3,91564E003	3,90993E003	3,90500E003	3,88023E003	3,86225E003	3,87561E003	3,90366E003	3,90770E003	3,91223E003	3,91550E003	3,91902E003	3,92045E003	3,91967E003	3,91833E003	3,91645E003	3,91452E003	3,91275E003	3,91077E003	3,90865E003	3,90659E003	3,90586E003	
3,90586E003	3,90568E003	3,90523E003	3,90539E003	3,90562E003	3,90494E003	3,90415E003	3,90127E003	3,89529E003	3,89211E003	3,90405E003	3,90709E003	3,90841E003	3,90769E003	3,90522E003	3,90379E003	3,88570E003	3,87483E003	3,87795E003	3,89117E003	3,88821E003	3,87457E003	3,86385E003	3,87549E003	3,88170E003	3,88878E003	3,90273E003	3,90184E003	3,90182E003	3,90396E003	3,90452E003	3,90512E003	3,90638E003	3,90827E003	3,90947E003	3,91037E003	3,91166E003	3,91335E003	3,91475E003	3,91641E003	3,91842E003	3,92174E003	3,92502E003	3,92760E003	3,92987E003	3,93109E003	3,92978E003	3,92588E003	3,92040E003	3,91418E003	3,90873E003	3,90404E003	3,87693E003	3,86386E003	3,88531E003	3,90506E003	3,90984E003	3,91355E003	3,91700E003	3,91970E003	3,91935E003	3,91805E003	3,91633E003	3,91441E003	3,91265E003	3,91071E003	3,90870E003	3,90647E003	3,90576E003	
3,90589E003	3,90575E003	3,90532E003	3,90571E003	3,90581E003	3,90524E003	3,90445E003	3,90383E003	3,89846E003	3,90147E003	3,90568E003	3,90820E003	3,90863E003	3,90658E003	3,90492E003	3,89838E003	3,88599E003	3,88556E003	3,90006E003	3,89865E003	3,88537E003	3,87310E003	3,88489E003	3,88864E003	3,89713E003	3,90437E003	3,90417E003	3,90433E003	3,90468E003	3,90527E003	3,90587E003	3,90764E003	3,90909E003	3,90987E003	3,91103E003	3,91227E003	3,91360E003	3,91519E003	3,91688E003	3,91989E003	3,92330E003	3,92602E003	3,92830E003	3,92947E003	3,92810E003	3,92414E003	3,91888E003	3,91275E003	3,90765E003	3,90026E003	3,87520E003	3,87110E003	3,89698E003	3,90697E003	3,91159E003	3,91472E003	3,91800E003	3,91886E003	3,91751E003	3,91619E003	3,91421E003	3,91245E003	3,91059E003	3,90874E003	3,90653E003	3,90567E003	
3,90592E003	3,90580E003	3,90560E003	3,90604E003	3,90604E003	3,90553E003	3,90466E003	3,90395E003	3,90321E003	3,90499E003	3,90796E003	3,90895E003	3,90754E003	3,90570E003	3,90400E003	3,89530E003	3,89699E003	3,90426E003	3,90391E003	3,88928E003	3,88541E003	3,89542E003	3,89849E003	3,90460E003	3,90504E003	3,90490E003	3,90519E003	3,90568E003	3,90615E003	3,90778E003	3,90921E003	3,90983E003	3,91088E003	3,91224E003	3,91330E003	3,91486E003	3,91692E003	3,92029E003	3,92331E003	3,92595E003	3,92787E003	3,92728E003	3,92408E003	3,91893E003	3,91307E003	3,90783E003	3,90283E003	3,87769E003	3,87538E003	3,90368E003	3,90824E003	3,91239E003	3,91542E003	3,91811E003	3,91744E003	3,91599E003	3,91423E003	3,91234E003	3,91063E003	3,90879E003	3,90662E003	3,90556E003	
3,90594E003	3,90595E003	3,90595E003	3,90644E003	3,90638E003	3,90580E003	3,90491E003	3,90436E003	3,90483E003	3,90725E003	3,90904E003	3,90845E003	3,90653E003	3,90491E003	3,90378E003	3,90420E003	3,90525E003	3,90460E003	3,89378E003	3,89895E003	3,90284E003	3,90440E003	3,90578E003	3,90568E003	3,90584E003	3,90613E003	3,90650E003	3,90794E003	3,90932E003	3,90980E003	3,91073E003	3,91217E003	3,91296E003	3,91449E003	3,91702E003	3,92036E003	3,92334E003	3,92572E003	3,92602E003	3,92352E003	3,91888E003	3,91333E003	3,90805E003	3,90394E003	3,88147E003	3,88100E003	3,90462E003	3,90941E003	3,91300E003	3,91603E003	3,91719E003	3,91561E003	3,91425E003	3,91228E003	3,91062E003	3,90880E003	3,90674E003	3,90551E003	
3,90603E003	3,90611E003	3,90635E003	3,90690E003	3,90681E003	3,90596E003	3,90514E003	3,90500E003	3,90648E003	3,90892E003	3,90899E003	3,90741E003	3,90584E003	3,90474E003	3,90540E003	3,90612E003	3,90520E003	3,90234E003	3,90438E003	3,90461E003	3,90605E003	3,90653E003	3,90653E003	3,90665E003	3,90690E003	3,90814E003	3,90941E003	3,90976E003	3,91057E003	3,91178E003	3,91258E003	3,91423E003	3,91714E003	3,92025E003	3,92315E003	3,92434E003	3,92269E003	3,91857E003	3,91360E003	3,90829E003	3,90437E003	3,88654E003	3,88801E003	3,90580E003	3,91042E003	3,91347E003	3,91612E003	3,91541E003	3,91399E003	3,91226E003	3,91053E003	3,90884E003	3,90692E003	3,90556E003	
3,90615E003	3,90625E003	3,90672E003	3,90738E003	3,90709E003	3,90600E003	3,90562E003	3,90641E003	3,90885E003	3,90927E003	3,90790E003	3,90632E003	3,90559E003	3,90675E003	3,90670E003	3,90486E003	3,90491E003	3,90515E003	3,90644E003	3,90718E003	3,90719E003	3,90727E003	3,90752E003	3,90901E003	3,90973E003	3,90989E003	3,91119E003	3,91160E003	3,91320E003	3,91602E003	3,91918E003	3,92212E003	3,92234E003	3,91945E003	3,91521E003	3,90981E003	3,90564E003	3,89460E003	3,88982E003	3,90611E003	3,91068E003	3,91353E003	3,91540E003	3,91393E003	3,91249E003	3,91061E003	3,90901E003	3,90721E003	3,90563E003	
3,90635E003	3,90671E003	3,90716E003	3,90786E003	3,90715E003	3,90622E003	3,90656E003	3,90849E003	3,90941E003	3,90838E003	3,90695E003	3,90706E003	3,90776E003	3,90670E003	3,90548E003	3,90568E003	3,90682E003	3,90781E003	3,90775E003	3,90773E003	3,90844E003	3,90961E003	3,90969E003	3,91051E003	3,91093E003	3,91220E003	3,91486E003	3,91814E003	3,92077E003	3,91986E003	3,91629E003	3,91166E003	3,90686E003	3,90383E003	3,89375E003	3,90652E003	3,91093E003	3,91356E003	3,91415E003	3,91238E003	3,91081E003	3,90918E003	3,90748E003	3,90578E003	
3,90661E003	3,90727E003	3,90781E003	3,90821E003	3,90699E003	3,90696E003	3,90816E003	3,90941E003	3,90869E003	3,90763E003	3,90835E003	3,90830E003	3,90662E003	3,90621E003	3,90714E003	3,90836E003	3,90831E003	3,90820E003	3,90925E003	3,90972E003	3,90976E003	3,91034E003	3,91125E003	3,91373E003	3,91721E003	3,91897E003	3,91665E003	3,91303E003	3,90829E003	3,90505E003	3,90145E003	3,90696E003	3,91116E003	3,91319E003	3,91255E003	3,91106E003	3,90935E003	3,90778E003	3,90622E003	
3,90691E003	3,90780E003	3,90871E003	3,90795E003	3,90739E003	3,90808E003	3,90954E003	3,90871E003	3,90897E003	3,90908E003	3,90761E003	3,90670E003	3,90775E003	3,90888E003	3,90858E003	3,90935E003	3,90972E003	3,90982E003	3,90997E003	3,91179E003	3,91500E003	3,91738E003	3,91484E003	3,91121E003	3,90700E003	3,90439E003	3,90637E003	3,91083E003	3,91242E003	3,91139E003	3,90981E003	3,90819E003	3,90669E003	
3,90733E003	3,90846E003	3,90899E003	3,90780E003	3,90803E003	3,90963E003	3,90935E003	3,90988E003	3,90851E003	3,90712E003	3,90835E003	3,90907E003	3,90946E003	3,90973E003	3,90949E003	3,90997E003	3,91275E003	3,91575E003	3,91313E003	3,90953E003	3,90610E003	3,90597E003	3,91051E003	3,91153E003	3,91027E003	3,90865E003	3,90731E003	
3,90800E003	3,90924E003	3,90855E003	3,90785E003	3,90975E003	3,91074E003	3,90933E003	3,90751E003	3,90896E003	3,90958E003	3,90967E003	3,90916E003	3,91082E003	3,91387E003	3,91138E003	3,90835E003	3,90662E003	3,91011E003	3,91072E003	3,90936E003	3,90792E003	
3,90877E003	3,90919E003	3,90794E003	3,91100E003	3,91002E003	3,90781E003	3,90961E003	3,90973E003	3,90957E003	3,91175E003	3,90990E003	3,90804E003	3,90923E003	3,90998E003	3,90862E003	
3,90933E003	3,90865E003	3,91062E003	3,90853E003	3,90954E003	3,91000E003	3,90935E003	3,90899E003	3,90952E003	
3,20955E003	3,20955E003	3,20955E003	
