40 80 86
3,89924E003	3,89982E003	3,89959E003	
3,89919E003	3,89880E003	3,89917E003	3,89961E003	3,90037E003	3,90019E003	3,90055E003	3,89954E003	3,89884E003	
3,89811E003	3,89914E003	3,89957E003	3,89798E003	3,89791E003	3,89994E003	3,89989E003	3,89996E003	3,90119E003	3,90098E003	3,90048E003	3,90114E003	3,89928E003	3,89875E003	3,89884E003	
3,89784E003	3,89763E003	3,89958E003	3,90000E003	3,89816E003	3,89615E003	3,89739E003	3,90002E003	3,90003E003	3,89945E003	3,89962E003	3,90117E003	3,90220E003	3,90190E003	3,90157E003	3,90113E003	3,90035E003	3,89917E003	3,89912E003	3,89907E003	3,89850E003	
3,89750E003	3,89699E003	3,89768E003	3,89998E003	3,90023E003	3,89853E003	3,89619E003	3,89496E003	3,89742E003	3,89990E003	3,90006E003	3,89950E003	3,89911E003	3,89940E003	3,90103E003	3,90258E003	3,90303E003	3,90321E003	3,90289E003	3,90152E003	3,90039E003	3,89983E003	3,89921E003	3,89959E003	3,89988E003	3,89871E003	3,89822E003	
3,89712E003	3,89679E003	3,89663E003	3,89778E003	3,90012E003	3,90037E003	3,89886E003	3,89646E003	3,89473E003	3,89435E003	3,89731E003	3,89950E003	3,89990E003	3,89931E003	3,89893E003	3,89877E003	3,89929E003	3,90090E003	3,90243E003	3,90392E003	3,90410E003	3,90455E003	3,90445E003	3,90272E003	3,90008E003	3,89969E003	3,89947E003	3,89940E003	3,90008E003	3,90055E003	3,89967E003	3,89846E003	3,89797E003	
3,89689E003	3,89667E003	3,89614E003	3,89663E003	3,89793E003	3,90004E003	3,90037E003	3,89905E003	3,89689E003	3,89475E003	3,89361E003	3,89424E003	3,89704E003	3,89890E003	3,89964E003	3,89898E003	3,89864E003	3,89853E003	3,89849E003	3,89925E003	3,90075E003	3,90234E003	3,90414E003	3,90504E003	3,90545E003	3,90600E003	3,90611E003	3,90406E003	3,90079E003	3,89912E003	3,89919E003	3,89920E003	3,89965E003	3,90047E003	3,90117E003	3,90069E003	3,89938E003	3,89827E003	3,89777E003	
3,89665E003	3,89640E003	3,89594E003	3,89585E003	3,89667E003	3,89813E003	3,89989E003	3,90019E003	3,89884E003	3,89667E003	3,89441E003	3,87663E003	3,86010E003	3,89503E003	3,89728E003	3,89865E003	3,89914E003	3,89843E003	3,89812E003	3,89805E003	3,89815E003	3,89838E003	3,90006E003	3,90153E003	3,90318E003	3,90505E003	3,90613E003	3,90678E003	3,90738E003	3,90789E003	3,90641E003	3,90310E003	3,89986E003	3,89843E003	3,89876E003	3,89901E003	3,89961E003	3,90084E003	3,90178E003	3,90173E003	3,90056E003	3,89918E003	3,89812E003	3,89757E003	
3,89645E003	3,89608E003	3,89581E003	3,89544E003	3,89567E003	3,89669E003	3,89820E003	3,89969E003	3,89992E003	3,89855E003	3,89646E003	3,89421E003	3,85963E003	3,82943E003	3,88140E003	3,89548E003	3,89710E003	3,89841E003	3,89843E003	3,89788E003	3,89755E003	3,89752E003	3,89771E003	3,89791E003	3,89923E003	3,90085E003	3,90237E003	3,90417E003	3,90596E003	3,90718E003	3,90806E003	3,90878E003	3,90950E003	3,90888E003	3,90574E003	3,90189E003	3,89885E003	3,89777E003	3,89831E003	3,89882E003	3,89949E003	3,90123E003	3,90215E003	3,90267E003	3,90177E003	3,90047E003	3,89900E003	3,89801E003	3,89740E003	
3,89635E003	3,89587E003	3,89572E003	3,89524E003	3,89506E003	3,89569E003	3,89666E003	3,89807E003	3,89943E003	3,89963E003	3,89825E003	3,89626E003	3,89409E003	3,84752E003	3,80710E003	3,82433E003	3,89379E003	3,89562E003	3,89671E003	3,89804E003	3,89769E003	3,89728E003	3,89695E003	3,89695E003	3,89721E003	3,89751E003	3,89826E003	3,90006E003	3,90156E003	3,90322E003	3,90519E003	3,90684E003	3,90818E003	3,90927E003	3,91001E003	3,91077E003	3,91088E003	3,90840E003	3,90442E003	3,90073E003	3,89788E003	3,89718E003	3,89787E003	3,89856E003	3,89929E003	3,90147E003	3,90255E003	3,90342E003	3,90293E003	3,90174E003	3,90037E003	3,89887E003	3,89792E003	3,89727E003	
3,89622E003	3,89572E003	3,89557E003	3,89502E003	3,89468E003	3,89485E003	3,89568E003	3,89664E003	3,89810E003	3,89929E003	3,89917E003	3,89761E003	3,89548E003	3,89353E003	3,81782E003	3,77935E003	3,79393E003	3,86203E003	3,89458E003	3,89565E003	3,89687E003	3,89741E003	3,89673E003	3,89651E003	3,89624E003	3,89646E003	3,89682E003	3,89723E003	3,89822E003	3,90010E003	3,90167E003	3,90327E003	3,90533E003	3,90709E003	3,90873E003	3,91014E003	3,91116E003	3,91191E003	3,91272E003	3,91187E003	3,90863E003	3,90429E003	3,90044E003	3,89747E003	3,89649E003	3,89726E003	3,89812E003	3,89887E003	3,90111E003	3,90276E003	3,90372E003	3,90413E003	3,90304E003	3,90179E003	3,90038E003	3,89880E003	3,89785E003	3,89715E003	
3,89614E003	3,89563E003	3,89533E003	3,89489E003	3,89453E003	3,89427E003	3,89488E003	3,89551E003	3,89649E003	3,89813E003	3,89907E003	3,89867E003	3,89695E003	3,89483E003	3,87134E003	3,79320E003	3,75884E003	3,77107E003	3,82865E003	3,89363E003	3,89474E003	3,89561E003	3,89678E003	3,89641E003	3,89600E003	3,89569E003	3,89566E003	3,89601E003	3,89651E003	3,89701E003	3,89822E003	3,90013E003	3,90171E003	3,90327E003	3,90537E003	3,90724E003	3,90898E003	3,91062E003	3,91200E003	3,91280E003	3,91366E003	3,91423E003	3,91245E003	3,90846E003	3,90410E003	3,90013E003	3,89708E003	3,89583E003	3,89660E003	3,89758E003	3,89857E003	3,90048E003	3,90285E003	3,90399E003	3,90485E003	3,90437E003	3,90309E003	3,90179E003	3,90036E003	3,89874E003	3,89781E003	3,89707E003	
3,89613E003	3,89562E003	3,89517E003	3,89484E003	3,89449E003	3,89394E003	3,89416E003	3,89479E003	3,89536E003	3,89651E003	3,89810E003	3,89879E003	3,89802E003	3,89638E003	3,89428E003	3,85369E003	3,77628E003	3,74634E003	3,75626E003	3,80795E003	3,85658E003	3,89395E003	3,89455E003	3,89576E003	3,89601E003	3,89547E003	3,89529E003	3,89502E003	3,89523E003	3,89562E003	3,89624E003	3,89684E003	3,89824E003	3,90012E003	3,90174E003	3,90323E003	3,90532E003	3,90730E003	3,90902E003	3,91079E003	3,91254E003	3,91361E003	3,91440E003	3,91527E003	3,91506E003	3,91262E003	3,90811E003	3,90384E003	3,89982E003	3,89672E003	3,89526E003	3,89599E003	3,89699E003	3,89820E003	3,89979E003	3,90248E003	3,90411E003	3,90505E003	3,90545E003	3,90437E003	3,90314E003	3,90176E003	3,90031E003	3,89868E003	3,89779E003	3,89701E003	
3,89611E003	3,89557E003	3,89500E003	3,89479E003	3,89441E003	3,89378E003	3,89365E003	3,89418E003	3,89452E003	3,89521E003	3,89687E003	3,89816E003	3,89853E003	3,89709E003	3,89533E003	3,89337E003	3,82034E003	3,74747E003	3,72937E003	3,75910E003	3,79921E003	3,83852E003	3,88809E003	3,89389E003	3,89503E003	3,89536E003	3,89491E003	3,89469E003	3,89443E003	3,89456E003	3,89499E003	3,89562E003	3,89626E003	3,89739E003	3,89911E003	3,90102E003	3,90259E003	3,90424E003	3,90658E003	3,90832E003	3,91012E003	3,91204E003	3,91386E003	3,91487E003	3,91574E003	3,91659E003	3,91630E003	3,91376E003	3,90923E003	3,90471E003	3,90056E003	3,89705E003	3,89486E003	3,89516E003	3,89616E003	3,89742E003	3,89893E003	3,90142E003	3,90389E003	3,90511E003	3,90598E003	3,90574E003	3,90449E003	3,90326E003	3,90184E003	3,90033E003	3,89867E003	3,89775E003	3,89695E003	
3,89610E003	3,89556E003	3,89497E003	3,89479E003	3,89441E003	3,89376E003	3,88568E003	3,89364E003	3,89396E003	3,89429E003	3,89549E003	3,89723E003	3,89815E003	3,89778E003	3,89624E003	3,89442E003	3,86133E003	3,78543E003	3,73113E003	3,71966E003	3,76879E003	3,79622E003	3,82374E003	3,86388E003	3,88447E003	3,89440E003	3,89475E003	3,89443E003	3,89418E003	3,89391E003	3,89398E003	3,89443E003	3,89500E003	3,89572E003	3,89664E003	3,89827E003	3,90012E003	3,90183E003	3,90344E003	3,90532E003	3,90758E003	3,90926E003	3,91114E003	3,91314E003	3,91497E003	3,91592E003	3,91684E003	3,91767E003	3,91730E003	3,91469E003	3,91019E003	3,90556E003	3,90137E003	3,89752E003	3,89497E003	3,89438E003	3,89531E003	3,89655E003	3,89811E003	3,90018E003	3,90297E003	3,90504E003	3,90605E003	3,90659E003	3,90580E003	3,90455E003	3,90331E003	3,90186E003	3,90032E003	3,89866E003	3,89772E003	3,89691E003	
3,89613E003	3,89561E003	3,89501E003	3,89473E003	3,89446E003	3,89385E003	3,87881E003	3,88186E003	3,89359E003	3,89374E003	3,89431E003	3,89598E003	3,89745E003	3,89806E003	3,89701E003	3,89540E003	3,89372E003	3,83899E003	3,76481E003	3,72949E003	3,72828E003	3,78229E003	3,79676E003	3,81356E003	3,84309E003	3,86165E003	3,89387E003	3,89424E003	3,89400E003	3,89378E003	3,89282E003	3,89353E003	3,89394E003	3,89447E003	3,89522E003	3,89602E003	3,89747E003	3,89915E003	3,90106E003	3,90262E003	3,90416E003	3,90644E003	3,90835E003	3,91007E003	3,91198E003	3,91406E003	3,91585E003	3,91676E003	3,91768E003	3,91848E003	3,91801E003	3,91542E003	3,91106E003	3,90631E003	3,90214E003	3,89816E003	3,89521E003	3,89385E003	3,89454E003	3,89574E003	3,89722E003	3,89916E003	3,90173E003	3,90438E003	3,90585E003	3,90673E003	3,90678E003	3,90576E003	3,90451E003	3,90327E003	3,90183E003	3,90028E003	3,89864E003	3,89770E003	3,89689E003	
3,89613E003	3,89565E003	3,89502E003	3,89465E003	3,89449E003	3,89388E003	3,87686E003	3,86755E003	3,88060E003	3,88327E003	3,89359E003	3,89494E003	3,89670E003	3,89776E003	3,89739E003	3,89595E003	3,89430E003	3,86625E003	3,79826E003	3,73705E003	3,73021E003	3,76254E003	3,79686E003	3,79188E003	3,81488E003	3,82383E003	3,85859E003	3,89360E003	3,89367E003	3,89351E003	3,88451E003	3,87082E003	3,87666E003	3,89367E003	3,89427E003	3,89505E003	3,89593E003	3,89752E003	3,89918E003	3,90107E003	3,90264E003	3,90422E003	3,90641E003	3,90839E003	3,91009E003	3,91199E003	3,91414E003	3,91615E003	3,91720E003	3,91815E003	3,91909E003	3,91905E003	3,91712E003	3,91339E003	3,90837E003	3,90401E003	3,89983E003	3,89625E003	3,89398E003	3,89364E003	3,89463E003	3,89599E003	3,89781E003	3,90009E003	3,90282E003	3,90528E003	3,90648E003	3,90714E003	3,90699E003	3,90580E003	3,90455E003	3,90331E003	3,90186E003	3,90030E003	3,89865E003	3,89767E003	3,89687E003	
3,89612E003	3,89566E003	3,89500E003	3,89457E003	3,89450E003	3,89387E003	3,87419E003	3,85874E003	3,86589E003	3,86724E003	3,87107E003	3,89425E003	3,89616E003	3,89737E003	3,89747E003	3,89614E003	3,89454E003	3,87954E003	3,81529E003	3,75199E003	3,73519E003	3,75567E003	3,79786E003	3,79512E003	3,79370E003	3,80467E003	3,82131E003	3,86686E003	3,88113E003	3,87770E003	3,87015E003	3,85409E003	3,85397E003	3,87560E003	3,89369E003	3,89449E003	3,89535E003	3,89667E003	3,89836E003	3,90011E003	3,90186E003	3,90352E003	3,90519E003	3,90766E003	3,90934E003	3,91115E003	3,91324E003	3,91548E003	3,91725E003	3,91822E003	3,91919E003	3,91994E003	3,91925E003	3,91658E003	3,91219E003	3,90719E003	3,90284E003	3,89869E003	3,89535E003	3,88489E003	3,88853E003	3,89453E003	3,89604E003	3,89814E003	3,90063E003	3,90342E003	3,90582E003	3,90695E003	3,90749E003	3,90715E003	3,90593E003	3,90466E003	3,90341E003	3,90194E003	3,90036E003	3,89869E003	3,89764E003	3,89683E003	
3,89613E003	3,89569E003	3,89504E003	3,89454E003	3,89457E003	3,89394E003	3,87679E003	3,85587E003	3,85785E003	3,85801E003	3,85314E003	3,89368E003	3,89566E003	3,89699E003	3,89744E003	3,89640E003	3,89478E003	3,89358E003	3,84051E003	3,77519E003	3,74640E003	3,75853E003	3,80744E003	3,80988E003	3,79082E003	3,79663E003	3,79716E003	3,83855E003	3,86353E003	3,86693E003	3,86426E003	3,84859E003	3,83884E003	3,85390E003	3,88107E003	3,89398E003	3,89478E003	3,89587E003	3,89762E003	3,89925E003	3,90109E003	3,90269E003	3,90434E003	3,90643E003	3,90847E003	3,91016E003	3,91207E003	3,91436E003	3,91655E003	3,91792E003	3,91896E003	3,91998E003	3,92019E003	3,91882E003	3,91554E003	3,91073E003	3,90596E003	3,90163E003	3,89757E003	3,89454E003	3,85999E003	3,88254E003	3,89455E003	3,89620E003	3,89856E003	3,90116E003	3,90394E003	3,90624E003	3,90730E003	3,90766E003	3,90717E003	3,90595E003	3,90467E003	3,90343E003	3,90196E003	3,90039E003	3,89871E003	3,89761E003	3,89681E003	
3,89618E003	3,89575E003	3,89514E003	3,89458E003	3,89470E003	3,89408E003	3,88505E003	3,85901E003	3,85707E003	3,85550E003	3,84423E003	3,88072E003	3,89510E003	3,89667E003	3,89738E003	3,89669E003	3,89512E003	3,89399E003	3,86435E003	3,80309E003	3,76606E003	3,76715E003	3,81943E003	3,83119E003	3,80675E003	3,79463E003	3,79059E003	3,82249E003	3,85117E003	3,85591E003	3,85606E003	3,85197E003	3,83593E003	3,84147E003	3,86735E003	3,89360E003	3,89440E003	3,89533E003	3,89682E003	3,89848E003	3,90011E003	3,90185E003	3,90347E003	3,90508E003	3,90745E003	3,90913E003	3,91085E003	3,91289E003	3,91525E003	3,91726E003	3,91837E003	3,91937E003	3,92030E003	3,91991E003	3,91788E003	3,91406E003	3,90914E003	3,90464E003	3,90044E003	3,89661E003	3,89384E003	3,84598E003	3,88308E003	3,89468E003	3,89649E003	3,89903E003	3,90162E003	3,90437E003	3,90654E003	3,90751E003	3,90761E003	3,90706E003	3,90584E003	3,90458E003	3,90336E003	3,90191E003	3,90037E003	3,89871E003	3,89758E003	3,89680E003	
3,89620E003	3,89578E003	3,89520E003	3,89460E003	3,89480E003	3,89419E003	3,89105E003	3,86365E003	3,85766E003	3,85491E003	3,83948E003	3,87354E003	3,89494E003	3,89659E003	3,89735E003	3,89674E003	3,89518E003	3,89415E003	3,87560E003	3,81845E003	3,78362E003	3,79031E003	3,84062E003	3,84917E003	3,82032E003	3,79893E003	3,79146E003	3,82173E003	3,84627E003	3,85102E003	3,85522E003	3,85166E003	3,83497E003	3,84088E003	3,86736E003	3,89360E003	3,89440E003	3,89535E003	3,89690E003	3,89855E003	3,90012E003	3,90184E003	3,90343E003	3,90508E003	3,90733E003	3,90901E003	3,91072E003	3,91277E003	3,91518E003	3,91718E003	3,91835E003	3,91938E003	3,92030E003	3,91980E003	3,91775E003	3,91389E003	3,90906E003	3,90453E003	3,90033E003	3,89651E003	3,89376E003	3,83615E003	3,87200E003	3,89449E003	3,89636E003	3,89902E003	3,90163E003	3,90436E003	3,90656E003	3,90752E003	3,90755E003	3,90700E003	3,90580E003	3,90456E003	3,90334E003	3,90190E003	3,90039E003	3,89873E003	3,89755E003	3,89677E003	
3,89621E003	3,89579E003	3,89523E003	3,89461E003	3,89489E003	3,89424E003	3,89354E003	3,86892E003	3,85913E003	3,85402E003	3,83852E003	3,87871E003	3,89511E003	3,89682E003	3,89735E003	3,89661E003	3,89505E003	3,89412E003	3,87129E003	3,82202E003	3,80226E003	3,82744E003	3,86545E003	3,85876E003	3,82172E003	3,79798E003	3,80055E003	3,83624E003	3,84185E003	3,85285E003	3,86029E003	3,84280E003	3,83745E003	3,85551E003	3,87996E003	3,89401E003	3,89482E003	3,89609E003	3,89785E003	3,89936E003	3,90101E003	3,90260E003	3,90424E003	3,90625E003	3,90814E003	3,90980E003	3,91167E003	3,91405E003	3,91636E003	3,91783E003	3,91894E003	3,91995E003	3,91999E003	3,91850E003	3,91506E003	3,91041E003	3,90560E003	3,90125E003	3,89731E003	3,89418E003	3,84232E003	3,84777E003	3,89396E003	3,89578E003	3,89849E003	3,90122E003	3,90389E003	3,90631E003	3,90743E003	3,90750E003	3,90697E003	3,90584E003	3,90460E003	3,90337E003	3,90194E003	3,90045E003	3,89877E003	3,89750E003	3,89673E003	
3,89625E003	3,89583E003	3,89529E003	3,89474E003	3,89501E003	3,89437E003	3,89371E003	3,87800E003	3,86666E003	3,85648E003	3,84559E003	3,89206E003	3,89543E003	3,89706E003	3,89741E003	3,89644E003	3,89500E003	3,89417E003	3,87548E003	3,83655E003	3,82507E003	3,86949E003	3,89097E003	3,86866E003	3,83060E003	3,80667E003	3,82595E003	3,84942E003	3,84640E003	3,86368E003	3,86746E003	3,84915E003	3,85207E003	3,87568E003	3,89373E003	3,89449E003	3,89543E003	3,89706E003	3,89868E003	3,90015E003	3,90182E003	3,90333E003	3,90509E003	3,90711E003	3,90877E003	3,91048E003	3,91268E003	3,91513E003	3,91699E003	3,91816E003	3,91927E003	3,91980E003	3,91866E003	3,91590E003	3,91151E003	3,90674E003	3,90224E003	3,89823E003	3,89483E003	3,85940E003	3,83071E003	3,89352E003	3,89529E003	3,89788E003	3,90077E003	3,90330E003	3,90587E003	3,90723E003	3,90736E003	3,90684E003	3,90576E003	3,90453E003	3,90332E003	3,90190E003	3,90045E003	3,89879E003	3,89746E003	3,89670E003	
3,89632E003	3,89591E003	3,89542E003	3,89492E003	3,89519E003	3,89458E003	3,89397E003	3,89212E003	3,87944E003	3,86546E003	3,86101E003	3,89391E003	3,89586E003	3,89728E003	3,89749E003	3,89632E003	3,89517E003	3,89437E003	3,88673E003	3,85763E003	3,85924E003	3,89380E003	3,89394E003	3,88075E003	3,84116E003	3,82773E003	3,85221E003	3,86232E003	3,87044E003	3,88655E003	3,87431E003	3,86530E003	3,87902E003	3,89363E003	3,89434E003	3,89508E003	3,89636E003	3,89805E003	3,89944E003	3,90087E003	3,90244E003	3,90401E003	3,90594E003	3,90763E003	3,90921E003	3,91115E003	3,91356E003	3,91569E003	3,91709E003	3,91823E003	3,91910E003	3,91841E003	3,91630E003	3,91228E003	3,90773E003	3,90319E003	3,89919E003	3,89562E003	3,88131E003	3,82695E003	3,87948E003	3,89486E003	3,89732E003	3,90032E003	3,90270E003	3,90527E003	3,90691E003	3,90710E003	3,90657E003	3,90557E003	3,90435E003	3,90317E003	3,90180E003	3,90041E003	3,89878E003	3,89742E003	3,89669E003	
3,89637E003	3,89599E003	3,89552E003	3,89512E003	3,89535E003	3,89475E003	3,89418E003	3,89377E003	3,89224E003	3,87425E003	3,88088E003	3,89465E003	3,89659E003	3,89760E003	3,89747E003	3,89599E003	3,89518E003	3,89425E003	3,89050E003	3,87773E003	3,89398E003	3,89447E003	3,89408E003	3,87570E003	3,84489E003	3,86458E003	3,87957E003	3,87883E003	3,89367E003	3,89361E003	3,88440E003	3,89352E003	3,89388E003	3,89454E003	3,89524E003	3,89648E003	3,89815E003	3,89949E003	3,90082E003	3,90237E003	3,90394E003	3,90573E003	3,90737E003	3,90893E003	3,91097E003	3,91341E003	3,91535E003	3,91669E003	3,91785E003	3,91830E003	3,91707E003	3,91422E003	3,90999E003	3,90542E003	3,90110E003	3,89732E003	3,89427E003	3,85127E003	3,84902E003	3,89411E003	3,89618E003	3,89929E003	3,90176E003	3,90433E003	3,90634E003	3,90681E003	3,90630E003	3,90550E003	3,90426E003	3,90306E003	3,90177E003	3,90039E003	3,89880E003	3,89738E003	3,89668E003	
3,89640E003	3,89605E003	3,89557E003	3,89534E003	3,89547E003	3,89492E003	3,89440E003	3,89395E003	3,89371E003	3,88477E003	3,89395E003	3,89569E003	3,89746E003	3,89784E003	3,89680E003	3,89578E003	3,89497E003	3,89407E003	3,89373E003	3,89430E003	3,89496E003	3,89462E003	3,89366E003	3,86451E003	3,88492E003	3,89355E003	3,89360E003	3,89412E003	3,89392E003	3,89376E003	3,89401E003	3,89441E003	3,89504E003	3,89584E003	3,89744E003	3,89892E003	3,90016E003	3,90160E003	3,90304E003	3,90484E003	3,90642E003	3,90797E003	3,90984E003	3,91227E003	3,91437E003	3,91585E003	3,91706E003	3,91751E003	3,91623E003	3,91324E003	3,90903E003	3,90444E003	3,90018E003	3,89653E003	3,89383E003	3,83935E003	3,87349E003	3,89482E003	3,89747E003	3,90053E003	3,90285E003	3,90533E003	3,90644E003	3,90613E003	3,90541E003	3,90427E003	3,90303E003	3,90181E003	3,90040E003	3,89887E003	3,89735E003	3,89665E003	
3,89646E003	3,89613E003	3,89566E003	3,89561E003	3,89565E003	3,89517E003	3,89466E003	3,89423E003	3,89393E003	3,89385E003	3,89495E003	3,89700E003	3,89800E003	3,89773E003	3,89640E003	3,89573E003	3,89478E003	3,89434E003	3,89466E003	3,89548E003	3,89523E003	3,89426E003	3,88824E003	3,89383E003	3,89393E003	3,89405E003	3,89462E003	3,89437E003	3,89426E003	3,89456E003	3,89501E003	3,89560E003	3,89671E003	3,89832E003	3,89959E003	3,90074E003	3,90218E003	3,90387E003	3,90534E003	3,90690E003	3,90857E003	3,91094E003	3,91315E003	3,91477E003	3,91603E003	3,91646E003	3,91515E003	3,91209E003	3,90796E003	3,90336E003	3,89929E003	3,89582E003	3,89357E003	3,84386E003	3,89374E003	3,89580E003	3,89896E003	3,90154E003	3,90397E003	3,90590E003	3,90588E003	3,90521E003	3,90419E003	3,90296E003	3,90177E003	3,90040E003	3,89894E003	3,89732E003	3,89664E003	
3,89655E003	3,89625E003	3,89581E003	3,89591E003	3,89589E003	3,89549E003	3,89499E003	3,89464E003	3,89429E003	3,89460E003	3,89614E003	3,89787E003	3,89830E003	3,89721E003	3,89639E003	3,89550E003	3,89496E003	3,89509E003	3,89602E003	3,89588E003	3,89492E003	3,89397E003	3,89442E003	3,89438E003	3,89461E003	3,89519E003	3,89490E003	3,89492E003	3,89515E003	3,89565E003	3,89627E003	3,89773E003	3,89909E003	3,90011E003	3,90142E003	3,90282E003	3,90424E003	3,90576E003	3,90725E003	3,90945E003	3,91176E003	3,91349E003	3,91477E003	3,91520E003	3,91387E003	3,91078E003	3,90681E003	3,90229E003	3,89848E003	3,89529E003	3,88959E003	3,86793E003	3,89454E003	3,89712E003	3,90023E003	3,90246E003	3,90476E003	3,90551E003	3,90482E003	3,90408E003	3,90284E003	3,90166E003	3,90035E003	3,89900E003	3,89741E003	3,89664E003	
3,89663E003	3,89636E003	3,89606E003	3,89622E003	3,89615E003	3,89580E003	3,89526E003	3,89488E003	3,89477E003	3,89575E003	3,89774E003	3,89852E003	3,89783E003	3,89688E003	3,89604E003	3,89553E003	3,89578E003	3,89660E003	3,89632E003	3,89512E003	3,89465E003	3,89501E003	3,89493E003	3,89555E003	3,89561E003	3,89541E003	3,89558E003	3,89598E003	3,89650E003	3,89784E003	3,89917E003	3,90007E003	3,90131E003	3,90276E003	3,90400E003	3,90546E003	3,90713E003	3,90950E003	3,91150E003	3,91309E003	3,91407E003	3,91329E003	3,91072E003	3,90685E003	3,90251E003	3,89861E003	3,89547E003	3,89362E003	3,88399E003	3,89506E003	3,89804E003	3,90087E003	3,90303E003	3,90495E003	3,90471E003	3,90392E003	3,90284E003	3,90161E003	3,90041E003	3,89908E003	3,89751E003	3,89663E003	
3,89672E003	3,89653E003	3,89638E003	3,89658E003	3,89649E003	3,89611E003	3,89559E003	3,89532E003	3,89572E003	3,89735E003	3,89862E003	3,89842E003	3,89740E003	3,89661E003	3,89612E003	3,89652E003	3,89720E003	3,89672E003	3,89534E003	3,89542E003	3,89542E003	3,89566E003	3,89627E003	3,89607E003	3,89612E003	3,89637E003	3,89678E003	3,89798E003	3,89924E003	3,90004E003	3,90118E003	3,90265E003	3,90368E003	3,90509E003	3,90700E003	3,90929E003	3,91118E003	3,91253E003	3,91239E003	3,91033E003	3,90681E003	3,90268E003	3,89877E003	3,89573E003	3,89390E003	3,89374E003	3,89575E003	3,89891E003	3,90141E003	3,90354E003	3,90448E003	3,90364E003	3,90284E003	3,90158E003	3,90043E003	3,89912E003	3,89764E003	3,89666E003	
3,89685E003	3,89673E003	3,89674E003	3,89700E003	3,89691E003	3,89638E003	3,89591E003	3,89591E003	3,89694E003	3,89859E003	3,89878E003	3,89797E003	3,89720E003	3,89672E003	3,89726E003	3,89772E003	3,89705E003	3,89582E003	3,89612E003	3,89603E003	3,89667E003	3,89678E003	3,89671E003	3,89681E003	3,89711E003	3,89815E003	3,89931E003	3,90000E003	3,90103E003	3,90233E003	3,90332E003	3,90474E003	3,90683E003	3,90890E003	3,91066E003	3,91116E003	3,90971E003	3,90657E003	3,90285E003	3,89895E003	3,89604E003	3,89426E003	3,89424E003	3,89660E003	3,89969E003	3,90184E003	3,90371E003	3,90345E003	3,90265E003	3,90156E003	3,90040E003	3,89919E003	3,89780E003	3,89675E003	
3,89700E003	3,89690E003	3,89707E003	3,89743E003	3,89723E003	3,89657E003	3,89639E003	3,89698E003	3,89862E003	3,89902E003	3,89834E003	3,89756E003	3,89729E003	3,89810E003	3,89804E003	3,89674E003	3,89657E003	3,89648E003	3,89705E003	3,89731E003	3,89725E003	3,89735E003	3,89767E003	3,89889E003	3,89973E003	3,90032E003	3,90165E003	3,90240E003	3,90379E003	3,90582E003	3,90791E003	3,90967E003	3,90952E003	3,90725E003	3,90403E003	3,90006E003	3,89696E003	3,89485E003	3,89444E003	3,89688E003	3,89995E003	3,90197E003	3,90334E003	3,90257E003	3,90170E003	3,90047E003	3,89934E003	3,89804E003	3,89686E003	
3,89720E003	3,89728E003	3,89746E003	3,89786E003	3,89742E003	3,89688E003	3,89716E003	3,89847E003	3,89917E003	3,89869E003	3,89801E003	3,89824E003	3,89872E003	3,89797E003	3,89702E003	3,89692E003	3,89741E003	3,89784E003	3,89774E003	3,89779E003	3,89843E003	3,89946E003	3,89993E003	3,90093E003	3,90167E003	3,90285E003	3,90478E003	3,90692E003	3,90845E003	3,90757E003	3,90485E003	3,90139E003	3,89786E003	3,89562E003	3,89477E003	3,89724E003	3,90020E003	3,90207E003	3,90263E003	3,90162E003	3,90062E003	3,89949E003	3,89826E003	3,89702E003	
3,89745E003	3,89773E003	3,89798E003	3,89822E003	3,89747E003	3,89751E003	3,89833E003	3,89924E003	3,89896E003	3,89850E003	3,89907E003	3,89903E003	3,89783E003	3,89737E003	3,89773E003	3,89831E003	3,89823E003	3,89824E003	3,89911E003	3,89973E003	3,90018E003	3,90100E003	3,90194E003	3,90374E003	3,90599E003	3,90695E003	3,90515E003	3,90239E003	3,89890E003	3,89648E003	3,89533E003	3,89759E003	3,90044E003	3,90191E003	3,90168E003	3,90078E003	3,89963E003	3,89850E003	3,89737E003	
3,89771E003	3,89814E003	3,89865E003	3,89817E003	3,89786E003	3,89836E003	3,89940E003	3,89908E003	3,89943E003	3,89954E003	3,89848E003	3,89769E003	3,89814E003	3,89871E003	3,89854E003	3,89919E003	3,89973E003	3,90021E003	3,90072E003	3,90217E003	3,90432E003	3,90571E003	3,90379E003	3,90102E003	3,89791E003	3,89601E003	3,89727E003	3,90027E003	3,90148E003	3,90097E003	3,89996E003	3,89882E003	3,89773E003	
3,89804E003	3,89863E003	3,89893E003	3,89820E003	3,89840E003	3,89956E003	3,89961E003	3,90004E003	3,89908E003	3,89797E003	3,89854E003	3,89892E003	3,89929E003	3,89974E003	3,89998E003	3,90066E003	3,90261E003	3,90445E003	3,90249E003	3,89975E003	3,89720E003	3,89706E003	3,90010E003	3,90096E003	3,90027E003	3,89917E003	3,89819E003	
3,89854E003	3,89919E003	3,89874E003	3,89836E003	3,89976E003	3,90058E003	3,89963E003	3,89823E003	3,89896E003	3,89939E003	3,89970E003	3,89976E003	3,90110E003	3,90303E003	3,90118E003	3,89882E003	3,89751E003	3,89987E003	3,90049E003	3,89967E003	3,89865E003	
3,89908E003	3,89921E003	3,89848E003	3,90069E003	3,90010E003	3,89842E003	3,89945E003	3,89976E003	3,89999E003	3,90148E003	3,90005E003	3,89851E003	3,89934E003	3,90004E003	3,89916E003	
3,89946E003	3,89903E003	3,90047E003	3,89890E003	3,89965E003	3,90013E003	3,89954E003	3,89922E003	3,89976E003	
3,20955E003	3,20955E003	3,20955E003	
