40 80 86
3,89982E003	3,90038E003	3,90011E003	
3,89973E003	3,89943E003	3,89980E003	3,90023E003	3,90090E003	3,90070E003	3,90105E003	3,90004E003	3,89936E003	
3,89863E003	3,89970E003	3,90021E003	3,89868E003	3,89864E003	3,90058E003	3,90044E003	3,90049E003	3,90168E003	3,90144E003	3,90099E003	3,90164E003	3,89977E003	3,89922E003	3,89933E003	
3,89834E003	3,89817E003	3,90017E003	3,90065E003	3,89890E003	3,89696E003	3,89820E003	3,90070E003	3,90061E003	3,90000E003	3,90014E003	3,90165E003	3,90264E003	3,90232E003	3,90202E003	3,90166E003	3,90087E003	3,89963E003	3,89955E003	3,89951E003	3,89897E003	
3,89798E003	3,89752E003	3,89825E003	3,90060E003	3,90090E003	3,89929E003	3,89705E003	3,89588E003	3,89829E003	3,90062E003	3,90067E003	3,90007E003	3,89965E003	3,89991E003	3,90149E003	3,90301E003	3,90342E003	3,90358E003	3,90330E003	3,90204E003	3,90096E003	3,90037E003	3,89965E003	3,89998E003	3,90027E003	3,89912E003	3,89866E003	
3,89757E003	3,89729E003	3,89718E003	3,89837E003	3,90076E003	3,90107E003	3,89964E003	3,89735E003	3,89573E003	3,89538E003	3,89822E003	3,90026E003	3,90055E003	3,89990E003	3,89949E003	3,89930E003	3,89979E003	3,90135E003	3,90283E003	3,90429E003	3,90444E003	3,90487E003	3,90481E003	3,90318E003	3,90066E003	3,90028E003	3,90001E003	3,89983E003	3,90044E003	3,90089E003	3,90002E003	3,89884E003	3,89838E003	
3,89732E003	3,89714E003	3,89666E003	3,89720E003	3,89854E003	3,90071E003	3,90109E003	3,89985E003	3,89781E003	3,89579E003	3,89474E003	3,89532E003	3,89798E003	3,89971E003	3,90033E003	3,89959E003	3,89923E003	3,89908E003	3,89901E003	3,89973E003	3,90118E003	3,90272E003	3,90448E003	3,90535E003	3,90574E003	3,90628E003	3,90642E003	3,90447E003	3,90134E003	3,89975E003	3,89981E003	3,89973E003	3,90006E003	3,90080E003	3,90147E003	3,90099E003	3,89970E003	3,89862E003	3,89815E003	
3,89704E003	3,89684E003	3,89644E003	3,89640E003	3,89727E003	3,89878E003	3,90059E003	3,90096E003	3,89969E003	3,89764E003	3,89551E003	3,89439E003	3,89408E003	3,89612E003	3,89822E003	3,89946E003	3,89984E003	3,89907E003	3,89873E003	3,89863E003	3,89868E003	3,89886E003	3,90049E003	3,90192E003	3,90352E003	3,90535E003	3,90640E003	3,90702E003	3,90761E003	3,90814E003	3,90673E003	3,90353E003	3,90045E003	3,89910E003	3,89940E003	3,89956E003	3,90003E003	3,90116E003	3,90204E003	3,90197E003	3,90081E003	3,89945E003	3,89843E003	3,89792E003	
3,89681E003	3,89649E003	3,89628E003	3,89597E003	3,89626E003	3,89733E003	3,89888E003	3,90043E003	3,90073E003	3,89946E003	3,89748E003	3,89537E003	3,89414E003	3,86244E003	3,89451E003	3,89657E003	3,89805E003	3,89922E003	3,89914E003	3,89853E003	3,89818E003	3,89811E003	3,89825E003	3,89840E003	3,89967E003	3,90124E003	3,90271E003	3,90446E003	3,90621E003	3,90740E003	3,90826E003	3,90896E003	3,90970E003	3,90913E003	3,90609E003	3,90238E003	3,89949E003	3,89848E003	3,89898E003	3,89938E003	3,89993E003	3,90155E003	3,90239E003	3,90288E003	3,90197E003	3,90068E003	3,89924E003	3,89827E003	3,89771E003	
3,89667E003	3,89625E003	3,89616E003	3,89574E003	3,89562E003	3,89631E003	3,89733E003	3,89879E003	3,90021E003	3,90049E003	3,89920E003	3,89733E003	3,89530E003	3,89398E003	3,79536E003	3,85161E003	3,89502E003	3,89671E003	3,89765E003	3,89885E003	3,89842E003	3,89796E003	3,89760E003	3,89756E003	3,89777E003	3,89802E003	3,89871E003	3,90045E003	3,90190E003	3,90351E003	3,90544E003	3,90705E003	3,90836E003	3,90943E003	3,91016E003	3,91093E003	3,91107E003	3,90867E003	3,90481E003	3,90127E003	3,89857E003	3,89791E003	3,89856E003	3,89915E003	3,89975E003	3,90180E003	3,90278E003	3,90359E003	3,90309E003	3,90190E003	3,90054E003	3,89906E003	3,89815E003	3,89754E003	
3,89650E003	3,89606E003	3,89598E003	3,89550E003	3,89522E003	3,89546E003	3,89635E003	3,89735E003	3,89887E003	3,90013E003	3,90009E003	3,89864E003	3,89663E003	3,89483E003	3,84212E003	3,69982E003	3,75178E003	3,89424E003	3,89576E003	3,89669E003	3,89777E003	3,89820E003	3,89746E003	3,89720E003	3,89690E003	3,89707E003	3,89738E003	3,89772E003	3,89865E003	3,90047E003	3,90198E003	3,90353E003	3,90554E003	3,90727E003	3,90887E003	3,91027E003	3,91127E003	3,91201E003	3,91284E003	3,91204E003	3,90889E003	3,90467E003	3,90099E003	3,89818E003	3,89725E003	3,89799E003	3,89875E003	3,89937E003	3,90147E003	3,90300E003	3,90388E003	3,90425E003	3,90315E003	3,90191E003	3,90050E003	3,89895E003	3,89804E003	3,89739E003	
3,89639E003	3,89595E003	3,89571E003	3,89534E003	3,89505E003	3,89486E003	3,89553E003	3,89622E003	3,89725E003	3,89895E003	3,89996E003	3,89965E003	3,89805E003	3,89606E003	3,89446E003	3,76241E003	3,62903E003	3,67319E003	3,87954E003	3,89490E003	3,89586E003	3,89660E003	3,89764E003	3,89718E003	3,89673E003	3,89638E003	3,89631E003	3,89661E003	3,89706E003	3,89749E003	3,89863E003	3,90048E003	3,90200E003	3,90350E003	3,90556E003	3,90738E003	3,90909E003	3,91071E003	3,91207E003	3,91286E003	3,91373E003	3,91433E003	3,91261E003	3,90872E003	3,90449E003	3,90069E003	3,89780E003	3,89662E003	3,89737E003	3,89825E003	3,89911E003	3,90089E003	3,90312E003	3,90416E003	3,90495E003	3,90444E003	3,90315E003	3,90186E003	3,90045E003	3,89885E003	3,89796E003	3,89726E003	
3,89635E003	3,89591E003	3,89552E003	3,89526E003	3,89498E003	3,89450E003	3,89479E003	3,89548E003	3,89611E003	3,89732E003	3,89897E003	3,89974E003	3,89907E003	3,89755E003	3,89558E003	3,89420E003	3,70683E003	3,59106E003	3,62597E003	3,81870E003	3,89415E003	3,89516E003	3,89561E003	3,89669E003	3,89684E003	3,89624E003	3,89602E003	3,89572E003	3,89588E003	3,89622E003	3,89678E003	3,89731E003	3,89864E003	3,90046E003	3,90201E003	3,90344E003	3,90549E003	3,90742E003	3,90911E003	3,91086E003	3,91259E003	3,91364E003	3,91444E003	3,91532E003	3,91516E003	3,91278E003	3,90838E003	3,90424E003	3,90039E003	3,89745E003	3,89608E003	3,89678E003	3,89770E003	3,89879E003	3,90024E003	3,90279E003	3,90430E003	3,90515E003	3,90550E003	3,90440E003	3,90316E003	3,90180E003	3,90037E003	3,89876E003	3,89791E003	3,89717E003	
3,89630E003	3,89583E003	3,89533E003	3,89519E003	3,89489E003	3,89433E003	3,89426E003	3,89487E003	3,89527E003	3,89601E003	3,89774E003	3,89910E003	3,89955E003	3,89823E003	3,89659E003	3,89492E003	3,87647E003	3,60274E003	3,53441E003	3,65305E003	3,79264E003	3,89386E003	3,89465E003	3,89500E003	3,89601E003	3,89623E003	3,89571E003	3,89546E003	3,89515E003	3,89524E003	3,89561E003	3,89618E003	3,89675E003	3,89781E003	3,89945E003	3,90130E003	3,90281E003	3,90440E003	3,90669E003	3,90840E003	3,91017E003	3,91206E003	3,91387E003	3,91487E003	3,91575E003	3,91662E003	3,91637E003	3,91390E003	3,90946E003	3,90508E003	3,90109E003	3,89775E003	3,89568E003	3,89599E003	3,89693E003	3,89807E003	3,89945E003	3,90180E003	3,90414E003	3,90524E003	3,90602E003	3,90575E003	3,90448E003	3,90325E003	3,90184E003	3,90035E003	3,89872E003	3,89784E003	3,89708E003	
3,89627E003	3,89580E003	3,89528E003	3,89517E003	3,89486E003	3,89429E003	3,89396E003	3,89431E003	3,89469E003	3,89508E003	3,89635E003	3,89816E003	3,89916E003	3,89888E003	3,89746E003	3,89577E003	3,89439E003	3,76231E003	3,55009E003	3,50442E003	3,70490E003	3,78606E003	3,85939E003	3,89421E003	3,89447E003	3,89540E003	3,89564E003	3,89526E003	3,89497E003	3,89466E003	3,89469E003	3,89508E003	3,89559E003	3,89624E003	3,89709E003	3,89864E003	3,90042E003	3,90207E003	3,90361E003	3,90544E003	3,90766E003	3,90930E003	3,91116E003	3,91313E003	3,91496E003	3,91589E003	3,91682E003	3,91768E003	3,91735E003	3,91481E003	3,91040E003	3,90590E003	3,90186E003	3,89819E003	3,89578E003	3,89525E003	3,89613E003	3,89727E003	3,89870E003	3,90064E003	3,90328E003	3,90523E003	3,90613E003	3,90660E003	3,90578E003	3,90451E003	3,90327E003	3,90183E003	3,90031E003	3,89868E003	3,89778E003	3,89702E003	
3,89628E003	3,89583E003	3,89529E003	3,89509E003	3,89490E003	3,89435E003	3,89381E003	3,89394E003	3,89431E003	3,89452E003	3,89515E003	3,89689E003	3,89843E003	3,89913E003	3,89819E003	3,89670E003	3,89516E003	3,89406E003	3,69210E003	3,55786E003	3,55140E003	3,76546E003	3,79037E003	3,82310E003	3,89384E003	3,89405E003	3,89490E003	3,89516E003	3,89485E003	3,89459E003	3,89427E003	3,89426E003	3,89461E003	3,89509E003	3,89576E003	3,89649E003	3,89786E003	3,89947E003	3,90131E003	3,90281E003	3,90430E003	3,90653E003	3,90839E003	3,91009E003	3,91197E003	3,91403E003	3,91581E003	3,91672E003	3,91764E003	3,91847E003	3,91805E003	3,91552E003	3,91126E003	3,90663E003	3,90260E003	3,89879E003	3,89600E003	3,89472E003	3,89540E003	3,89651E003	3,89787E003	3,89969E003	3,90212E003	3,90463E003	3,90598E003	3,90676E003	3,90676E003	3,90571E003	3,90445E003	3,90321E003	3,90178E003	3,90025E003	3,89864E003	3,89774E003	3,89699E003	
3,89626E003	3,89585E003	3,89528E003	3,89500E003	3,89491E003	3,89437E003	3,88736E003	3,86555E003	3,89397E003	3,89409E003	3,89443E003	3,89584E003	3,89767E003	3,89881E003	3,89855E003	3,89722E003	3,89570E003	3,89452E003	3,82336E003	3,59228E003	3,57448E003	3,70500E003	3,81620E003	3,76126E003	3,82083E003	3,82523E003	3,89397E003	3,89461E003	3,89458E003	3,89437E003	3,89415E003	3,89385E003	3,89391E003	3,89435E003	3,89488E003	3,89558E003	3,89639E003	3,89790E003	3,89949E003	3,90131E003	3,90282E003	3,90434E003	3,90648E003	3,90842E003	3,91008E003	3,91196E003	3,91410E003	3,91610E003	3,91715E003	3,91810E003	3,91906E003	3,91906E003	3,91719E003	3,91353E003	3,90863E003	3,90440E003	3,90038E003	3,89698E003	3,89483E003	3,89453E003	3,89548E003	3,89673E003	3,89842E003	3,90058E003	3,90316E003	3,90549E003	3,90656E003	3,90714E003	3,90694E003	3,90573E003	3,90446E003	3,90323E003	3,90179E003	3,90025E003	3,89863E003	3,89769E003	3,89694E003	
3,89623E003	3,89584E003	3,89525E003	3,89490E003	3,89490E003	3,89435E003	3,87553E003	3,82822E003	3,87275E003	3,89144E003	3,89391E003	3,89515E003	3,89713E003	3,89842E003	3,89862E003	3,89741E003	3,89594E003	3,89478E003	3,88495E003	3,66218E003	3,60600E003	3,68861E003	3,83402E003	3,79061E003	3,74824E003	3,75995E003	3,79793E003	3,89405E003	3,89423E003	3,89409E003	3,89390E003	3,84595E003	3,83575E003	3,89387E003	3,89433E003	3,89507E003	3,89584E003	3,89709E003	3,89870E003	3,90038E003	3,90206E003	3,90366E003	3,90527E003	3,90770E003	3,90934E003	3,91112E003	3,91319E003	3,91542E003	3,91718E003	3,91815E003	3,91913E003	3,91991E003	3,91926E003	3,91666E003	3,91237E003	3,90747E003	3,90327E003	3,89929E003	3,89611E003	3,89422E003	3,89431E003	3,89537E003	3,89677E003	3,89874E003	3,90110E003	3,90375E003	3,90600E003	3,90701E003	3,90747E003	3,90708E003	3,90584E003	3,90456E003	3,90331E003	3,90185E003	3,90029E003	3,89865E003	3,89764E003	3,89689E003	
3,89624E003	3,89586E003	3,89529E003	3,89487E003	3,89497E003	3,89442E003	3,88451E003	3,81455E003	3,83913E003	3,85439E003	3,84867E003	3,89458E003	3,89663E003	3,89804E003	3,89858E003	3,89765E003	3,89616E003	3,89510E003	3,89417E003	3,75878E003	3,65706E003	3,70860E003	3,87736E003	3,85810E003	3,74858E003	3,73727E003	3,70302E003	3,84973E003	3,89393E003	3,89391E003	3,89381E003	3,82827E003	3,77643E003	3,82981E003	3,89394E003	3,89458E003	3,89532E003	3,89632E003	3,89800E003	3,89955E003	3,90131E003	3,90285E003	3,90444E003	3,90648E003	3,90848E003	3,91013E003	3,91202E003	3,91429E003	3,91647E003	3,91785E003	3,91889E003	3,91993E003	3,92017E003	3,91885E003	3,91565E003	3,91093E003	3,90629E003	3,90210E003	3,89821E003	3,89534E003	3,88847E003	3,89419E003	3,89537E003	3,89691E003	3,89915E003	3,90161E003	3,90425E003	3,90641E003	3,90735E003	3,90762E003	3,90709E003	3,90584E003	3,90456E003	3,90332E003	3,90186E003	3,90031E003	3,89866E003	3,89760E003	3,89686E003	
3,89628E003	3,89592E003	3,89539E003	3,89490E003	3,89510E003	3,89456E003	3,89390E003	3,82641E003	3,83418E003	3,84244E003	3,80968E003	3,89415E003	3,89606E003	3,89770E003	3,89851E003	3,89792E003	3,89647E003	3,89547E003	3,89457E003	3,85805E003	3,73663E003	3,74518E003	3,89393E003	3,89402E003	3,82208E003	3,73779E003	3,68261E003	3,79279E003	3,88214E003	3,88199E003	3,87014E003	3,84589E003	3,76828E003	3,78174E003	3,87744E003	3,89424E003	3,89497E003	3,89582E003	3,89723E003	3,89882E003	3,90037E003	3,90204E003	3,90360E003	3,90516E003	3,90747E003	3,90912E003	3,91081E003	3,91283E003	3,91519E003	3,91719E003	3,91829E003	3,91930E003	3,92027E003	3,91991E003	3,91793E003	3,91419E003	3,90938E003	3,90501E003	3,90095E003	3,89730E003	3,89468E003	3,83543E003	3,89420E003	3,89549E003	3,89718E003	3,89960E003	3,90205E003	3,90467E003	3,90669E003	3,90755E003	3,90758E003	3,90698E003	3,90574E003	3,90447E003	3,90324E003	3,90181E003	3,90029E003	3,89866E003	3,89758E003	3,89685E003	
3,89631E003	3,89596E003	3,89545E003	3,89492E003	3,89520E003	3,89466E003	3,89402E003	3,84584E003	3,83645E003	3,83973E003	3,78863E003	3,89401E003	3,89590E003	3,89762E003	3,89847E003	3,89797E003	3,89652E003	3,89563E003	3,89478E003	3,89387E003	3,80450E003	3,83237E003	3,89429E003	3,89432E003	3,87028E003	3,75387E003	3,68412E003	3,78773E003	3,86250E003	3,86279E003	3,86683E003	3,84477E003	3,76412E003	3,77930E003	3,87760E003	3,89424E003	3,89497E003	3,89584E003	3,89731E003	3,89889E003	3,90038E003	3,90204E003	3,90356E003	3,90516E003	3,90736E003	3,90900E003	3,91068E003	3,91272E003	3,91512E003	3,91711E003	3,91828E003	3,91932E003	3,92026E003	3,91981E003	3,91781E003	3,91403E003	3,90930E003	3,90489E003	3,90084E003	3,89719E003	3,89459E003	3,79412E003	3,89398E003	3,89530E003	3,89705E003	3,89959E003	3,90207E003	3,90466E003	3,90673E003	3,90757E003	3,90752E003	3,90692E003	3,90571E003	3,90445E003	3,90323E003	3,90181E003	3,90031E003	3,89869E003	3,89754E003	3,89682E003	
3,89632E003	3,89597E003	3,89548E003	3,89494E003	3,89529E003	3,89472E003	3,89410E003	3,86858E003	3,84382E003	3,83725E003	3,78563E003	3,89412E003	3,89607E003	3,89786E003	3,89848E003	3,89785E003	3,89642E003	3,89562E003	3,89472E003	3,89395E003	3,87210E003	3,89410E003	3,89470E003	3,89444E003	3,86352E003	3,73523E003	3,71166E003	3,83624E003	3,83638E003	3,86398E003	3,88290E003	3,80439E003	3,77082E003	3,83703E003	3,89392E003	3,89462E003	3,89535E003	3,89654E003	3,89823E003	3,89966E003	3,90124E003	3,90277E003	3,90435E003	3,90630E003	3,90815E003	3,90978E003	3,91163E003	3,91400E003	3,91629E003	3,91777E003	3,91889E003	3,91991E003	3,91999E003	3,91855E003	3,91518E003	3,91062E003	3,90593E003	3,90173E003	3,89795E003	3,89498E003	3,81766E003	3,84175E003	3,89480E003	3,89651E003	3,89909E003	3,90169E003	3,90422E003	3,90650E003	3,90750E003	3,90749E003	3,90691E003	3,90575E003	3,90450E003	3,90327E003	3,90184E003	3,90037E003	3,89873E003	3,89750E003	3,89678E003	
3,89637E003	3,89602E003	3,89556E003	3,89507E003	3,89542E003	3,89486E003	3,89428E003	3,89385E003	3,87483E003	3,84769E003	3,81627E003	3,89438E003	3,89639E003	3,89810E003	3,89855E003	3,89769E003	3,89637E003	3,89568E003	3,89480E003	3,89420E003	3,89404E003	3,89481E003	3,89512E003	3,89456E003	3,88170E003	3,75649E003	3,80768E003	3,87606E003	3,84560E003	3,89382E003	3,89385E003	3,82666E003	3,82880E003	3,89387E003	3,89437E003	3,89506E003	3,89593E003	3,89748E003	3,89903E003	3,90042E003	3,90202E003	3,90347E003	3,90517E003	3,90715E003	3,90878E003	3,91046E003	3,91265E003	3,91508E003	3,91695E003	3,91812E003	3,91924E003	3,91980E003	3,91871E003	3,91600E003	3,91171E003	3,90704E003	3,90268E003	3,89882E003	3,89558E003	3,88147E003	3,76910E003	3,89437E003	3,89603E003	3,89851E003	3,90127E003	3,90366E003	3,90610E003	3,90733E003	3,90736E003	3,90679E003	3,90569E003	3,90444E003	3,90323E003	3,90182E003	3,90039E003	3,89876E003	3,89747E003	3,89676E003	
3,89646E003	3,89612E003	3,89570E003	3,89527E003	3,89561E003	3,89507E003	3,89454E003	3,89413E003	3,89394E003	3,88277E003	3,87766E003	3,89480E003	3,89681E003	3,89831E003	3,89861E003	3,89756E003	3,89653E003	3,89586E003	3,89501E003	3,89455E003	3,89460E003	3,89549E003	3,89552E003	3,89471E003	3,89384E003	3,82690E003	3,89380E003	3,89389E003	3,89397E003	3,89423E003	3,89396E003	3,88585E003	3,89396E003	3,89431E003	3,89495E003	3,89562E003	3,89682E003	3,89844E003	3,89976E003	3,90112E003	3,90263E003	3,90413E003	3,90602E003	3,90767E003	3,90923E003	3,91114E003	3,91354E003	3,91567E003	3,91707E003	3,91822E003	3,91912E003	3,91846E003	3,91640E003	3,91246E003	3,90801E003	3,90359E003	3,89973E003	3,89632E003	3,89411E003	3,75001E003	3,89410E003	3,89562E003	3,89797E003	3,90085E003	3,90310E003	3,90553E003	3,90704E003	3,90714E003	3,90655E003	3,90552E003	3,90429E003	3,90311E003	3,90174E003	3,90037E003	3,89877E003	3,89746E003	3,89677E003	
3,89653E003	3,89622E003	3,89581E003	3,89548E003	3,89578E003	3,89526E003	3,89476E003	3,89442E003	3,89420E003	3,89391E003	3,89409E003	3,89554E003	3,89755E003	3,89864E003	3,89861E003	3,89725E003	3,89657E003	3,89577E003	3,89509E003	3,89490E003	3,89564E003	3,89604E003	3,89553E003	3,89449E003	3,89379E003	3,89404E003	3,89422E003	3,89413E003	3,89452E003	3,89443E003	3,89412E003	3,89426E003	3,89456E003	3,89515E003	3,89579E003	3,89696E003	3,89855E003	3,89982E003	3,90108E003	3,90257E003	3,90409E003	3,90583E003	3,90743E003	3,90896E003	3,91099E003	3,91342E003	3,91535E003	3,91670E003	3,91787E003	3,91835E003	3,91716E003	3,91437E003	3,91023E003	3,90576E003	3,90157E003	3,89794E003	3,89504E003	3,84863E003	3,84066E003	3,89491E003	3,89688E003	3,89986E003	3,90221E003	3,90464E003	3,90653E003	3,90689E003	3,90631E003	3,90548E003	3,90423E003	3,90302E003	3,90174E003	3,90037E003	3,89882E003	3,89744E003	3,89678E003	
3,89658E003	3,89630E003	3,89588E003	3,89572E003	3,89593E003	3,89545E003	3,89499E003	3,89461E003	3,89443E003	3,89412E003	3,89478E003	3,89659E003	3,89843E003	3,89890E003	3,89798E003	3,89708E003	3,89640E003	3,89563E003	3,89537E003	3,89592E003	3,89649E003	3,89604E003	3,89495E003	3,89412E003	3,89440E003	3,89450E003	3,89447E003	3,89494E003	3,89471E003	3,89452E003	3,89473E003	3,89507E003	3,89563E003	3,89636E003	3,89788E003	3,89930E003	3,90047E003	3,90184E003	3,90322E003	3,90497E003	3,90652E003	3,90803E003	3,90988E003	3,91230E003	3,91440E003	3,91588E003	3,91711E003	3,91758E003	3,91634E003	3,91342E003	3,90929E003	3,90480E003	3,90068E003	3,89718E003	3,89462E003	3,79896E003	3,89397E003	3,89558E003	3,89811E003	3,90105E003	3,90324E003	3,90558E003	3,90658E003	3,90619E003	3,90542E003	3,90426E003	3,90302E003	3,90181E003	3,90041E003	3,89891E003	3,89743E003	3,89678E003	
3,89667E003	3,89640E003	3,89600E003	3,89602E003	3,89613E003	3,89571E003	3,89527E003	3,89490E003	3,89466E003	3,89463E003	3,89579E003	3,89790E003	3,89898E003	3,89882E003	3,89760E003	3,89706E003	3,89625E003	3,89590E003	3,89622E003	3,89697E003	3,89661E003	3,89551E003	3,89454E003	3,89484E003	3,89484E003	3,89490E003	3,89542E003	3,89514E003	3,89500E003	3,89525E003	3,89564E003	3,89617E003	3,89721E003	3,89874E003	3,89994E003	3,90102E003	3,90240E003	3,90405E003	3,90548E003	3,90700E003	3,90865E003	3,91101E003	3,91322E003	3,91484E003	3,91610E003	3,91656E003	3,91529E003	3,91229E003	3,90825E003	3,90375E003	3,89982E003	3,89650E003	3,89438E003	3,81535E003	3,89455E003	3,89651E003	3,89955E003	3,90200E003	3,90430E003	3,90611E003	3,90598E003	3,90526E003	3,90422E003	3,90298E003	3,90180E003	3,90044E003	3,89901E003	3,89743E003	3,89679E003	
3,89680E003	3,89656E003	3,89618E003	3,89634E003	3,89638E003	3,89605E003	3,89561E003	3,89532E003	3,89502E003	3,89538E003	3,89697E003	3,89877E003	3,89930E003	3,89832E003	3,89762E003	3,89686E003	3,89643E003	3,89657E003	3,89744E003	3,89719E003	3,89612E003	3,89506E003	3,89539E003	3,89526E003	3,89543E003	3,89597E003	3,89565E003	3,89563E003	3,89582E003	3,89626E003	3,89681E003	3,89820E003	3,89949E003	3,90044E003	3,90170E003	3,90304E003	3,90442E003	3,90591E003	3,90737E003	3,90955E003	3,91186E003	3,91359E003	3,91488E003	3,91533E003	3,91404E003	3,91101E003	3,90713E003	3,90272E003	3,89904E003	3,89599E003	3,89425E003	3,89385E003	3,89530E003	3,89778E003	3,90077E003	3,90287E003	3,90505E003	3,90568E003	3,90493E003	3,90415E003	3,90290E003	3,90173E003	3,90044E003	3,89911E003	3,89755E003	3,89683E003	
3,89690E003	3,89669E003	3,89645E003	3,89667E003	3,89667E003	3,89638E003	3,89590E003	3,89557E003	3,89550E003	3,89654E003	3,89860E003	3,89946E003	3,89886E003	3,89803E003	3,89733E003	3,89692E003	3,89718E003	3,89794E003	3,89755E003	3,89623E003	3,89565E003	3,89590E003	3,89574E003	3,89632E003	3,89635E003	3,89612E003	3,89625E003	3,89660E003	3,89705E003	3,89833E003	3,89958E003	3,90043E003	3,90161E003	3,90301E003	3,90420E003	3,90563E003	3,90729E003	3,90964E003	3,91164E003	3,91324E003	3,91423E003	3,91348E003	3,91097E003	3,90717E003	3,90293E003	3,89916E003	3,89616E003	3,89442E003	3,89413E003	3,89579E003	3,89866E003	3,90138E003	3,90341E003	3,90520E003	3,90488E003	3,90404E003	3,90295E003	3,90171E003	3,90053E003	3,89922E003	3,89769E003	3,89685E003	
3,89703E003	3,89690E003	3,89680E003	3,89706E003	3,89703E003	3,89671E003	3,89624E003	3,89601E003	3,89645E003	3,89815E003	3,89948E003	3,89938E003	3,89848E003	3,89782E003	3,89742E003	3,89783E003	3,89844E003	3,89785E003	3,89636E003	3,89633E003	3,89624E003	3,89643E003	3,89701E003	3,89677E003	3,89679E003	3,89699E003	3,89734E003	3,89848E003	3,89968E003	3,90042E003	3,90150E003	3,90293E003	3,90392E003	3,90530E003	3,90719E003	3,90947E003	3,91136E003	3,91272E003	3,91260E003	3,91059E003	3,90714E003	3,90310E003	3,89932E003	3,89641E003	3,89468E003	3,89452E003	3,89645E003	3,89950E003	3,90188E003	3,90389E003	3,90472E003	3,90381E003	3,90299E003	3,90173E003	3,90059E003	3,89931E003	3,89785E003	3,89692E003	
3,89719E003	3,89713E003	3,89719E003	3,89751E003	3,89747E003	3,89699E003	3,89656E003	3,89660E003	3,89768E003	3,89939E003	3,89967E003	3,89897E003	3,89832E003	3,89793E003	3,89846E003	3,89886E003	3,89809E003	3,89675E003	3,89695E003	3,89678E003	3,89739E003	3,89747E003	3,89737E003	3,89743E003	3,89768E003	3,89866E003	3,89977E003	3,90040E003	3,90138E003	3,90264E003	3,90359E003	3,90499E003	3,90707E003	3,90913E003	3,91089E003	3,91141E003	3,91000E003	3,90692E003	3,90327E003	3,89948E003	3,89670E003	3,89502E003	3,89500E003	3,89727E003	3,90024E003	3,90228E003	3,90404E003	3,90369E003	3,90285E003	3,90176E003	3,90060E003	3,89941E003	3,89806E003	3,89705E003	
3,89738E003	3,89733E003	3,89755E003	3,89796E003	3,89781E003	3,89719E003	3,89705E003	3,89768E003	3,89937E003	3,89986E003	3,89928E003	3,89863E003	3,89842E003	3,89920E003	3,89906E003	3,89766E003	3,89738E003	3,89722E003	3,89775E003	3,89799E003	3,89790E003	3,89795E003	3,89822E003	3,89939E003	3,90017E003	3,90071E003	3,90200E003	3,90271E003	3,90408E003	3,90610E003	3,90817E003	3,90994E003	3,90982E003	3,90759E003	3,90443E003	3,90057E003	3,89758E003	3,89557E003	3,89518E003	3,89754E003	3,90050E003	3,90240E003	3,90367E003	3,90282E003	3,90194E003	3,90072E003	3,89960E003	3,89833E003	3,89719E003	
3,89761E003	3,89773E003	3,89797E003	3,89841E003	3,89801E003	3,89750E003	3,89782E003	3,89918E003	3,89996E003	3,89959E003	3,89902E003	3,89928E003	3,89971E003	3,89887E003	3,89782E003	3,89764E003	3,89809E003	3,89849E003	3,89837E003	3,89838E003	3,89896E003	3,89995E003	3,90037E003	3,90132E003	3,90203E003	3,90318E003	3,90509E003	3,90723E003	3,90878E003	3,90791E003	3,90524E003	3,90186E003	3,89844E003	3,89630E003	3,89548E003	3,89788E003	3,90075E003	3,90250E003	3,90296E003	3,90190E003	3,90090E003	3,89979E003	3,89859E003	3,89738E003	
3,89789E003	3,89821E003	3,89851E003	3,89878E003	3,89807E003	3,89813E003	3,89900E003	3,89998E003	3,89980E003	3,89943E003	3,90000E003	3,89990E003	3,89861E003	3,89806E003	3,89839E003	3,89894E003	3,89884E003	3,89881E003	3,89963E003	3,90021E003	3,90062E003	3,90140E003	3,90232E003	3,90410E003	3,90635E003	3,90732E003	3,90555E003	3,90285E003	3,89945E003	3,89712E003	3,89602E003	3,89823E003	3,90097E003	3,90234E003	3,90203E003	3,90110E003	3,89997E003	3,89887E003	3,89777E003	
3,89818E003	3,89865E003	3,89920E003	3,89875E003	3,89846E003	3,89901E003	3,90012E003	3,89991E003	3,90028E003	3,90035E003	3,89922E003	3,89836E003	3,89878E003	3,89932E003	3,89912E003	3,89973E003	3,90022E003	3,90066E003	3,90114E003	3,90258E003	3,90472E003	3,90612E003	3,90422E003	3,90152E003	3,89849E003	3,89666E003	3,89791E003	3,90082E003	3,90192E003	3,90134E003	3,90033E003	3,89922E003	3,89816E003	
3,89854E003	3,89917E003	3,89949E003	3,89878E003	3,89902E003	3,90026E003	3,90039E003	3,90079E003	3,89978E003	3,89860E003	3,89916E003	3,89950E003	3,89984E003	3,90024E003	3,90046E003	3,90111E003	3,90304E003	3,90489E003	3,90296E003	3,90029E003	3,89780E003	3,89770E003	3,90066E003	3,90143E003	3,90067E003	3,89959E003	3,89864E003	
3,89905E003	3,89974E003	3,89931E003	3,89896E003	3,90045E003	3,90126E003	3,90028E003	3,89884E003	3,89955E003	3,89995E003	3,90023E003	3,90025E003	3,90157E003	3,90351E003	3,90169E003	3,89938E003	3,89812E003	3,90044E003	3,90097E003	3,90012E003	3,89913E003	
3,89962E003	3,89977E003	3,89907E003	3,90132E003	3,90070E003	3,89902E003	3,90001E003	3,90029E003	3,90049E003	3,90199E003	3,90060E003	3,89907E003	3,89992E003	3,90054E003	3,89966E003	
3,90000E003	3,89962E003	3,90102E003	3,89948E003	3,90019E003	3,90066E003	3,90010E003	3,89978E003	3,90029E003	
3,20955E003	3,20955E003	3,20955E003	
