30 60
4731,25 4688,75 4693,75 
4761,25 4771,25 4756,25 4721,25 4648,75 4196,25 4298,75 4676,25 4731,25 
4776,25 4796,25 4786,25 4786,25 4763,75 4713,75 4668,75 4236,25 4348,75 4341,25 4328,75 4341,25 4546,25 4693,75 4733,75 
4771,25 4808,75 4813,75 4796,25 4796,25 4783,75 4758,75 4711,25 4668,75 4363,75 4446,25 4248,75 4538,75 4511,25 4523,75 4256,25 4351,25 4493,75 4678,75 4701,25 4728,75 
4761,25 4793,75 4818,75 4793,75 4798,75 4798,75 4783,75 4771,25 4751,25 4708,75 4678,75 4426,25 4103,75 4416,25 4368,75 4531,25 4663,75 4666,25 4623,75 4438,75 4271,25 4503,75 4613,75 4663,75 4688,75 4698,75 4721,25 
4751,25 4781,25 4803,75 4796,25 4791,25 4798,75 4798,75 4776,25 4766,25 4756,25 4728,75 4703,75 4676,25 4361,25 3913,75 4218,75 4606,25 4536,25 4616,25 4666,25 4686,25 4678,75 4556,25 4486,25 4423,75 4643,75 4671,25 4666,25 4676,25 4688,75 4696,25 4703,75 
4736,25 4763,75 4783,75 4786,25 4776,25 4786,25 4793,75 4786,25 4766,25 4758,75 4748,75 4736,25 4708,75 4698,75 4676,25 4391,25 3863,75 4078,75 4453,75 4681,25 4681,25 4668,75 4673,75 4698,75 4703,75 4668,75 4576,25 4613,75 4633,75 4676,25 4688,75 4683,75 4663,75 4681,25 4691,25 4693,75 4693,75 
4721,25 4743,75 4761,25 4768,75 4753,75 4768,75 4776,25 4783,75 4771,25 4753,75 4746,25 4738,75 4728,75 4711,25 4706,25 4698,75 4678,75 4448,75 3958,75 4036,25 4346,25 4666,25 4711,25 4693,75 4678,75 4683,75 4703,75 4726,25 4691,25 4668,75 4661,25 4673,75 4681,25 4696,25 4708,75 4703,75 4683,75 4671,25 4686,25 4691,25 4691,25 4688,75 
4703,75 4726,25 4738,75 4746,25 4723,75 4748,75 4758,75 4768,75 4773,75 4753,75 4741,25 4731,25 4723,75 4716,25 4698,75 4698,75 4703,75 4693,75 4668,75 4241,25 4033,75 4133,75 4426,25 4673,75 4718,75 4731,25 4693,75 4688,75 4698,75 4726,25 4728,75 4693,75 4673,75 4671,25 4688,75 4701,25 4711,25 4726,25 4723,75 4708,75 4678,75 4678,75 4688,75 4691,25 4688,75 4683,75 
4688,75 4706,25 4718,75 4723,75 4698,75 4716,25 4741,25 4751,25 4758,75 4753,75 4736,25 4728,75 4718,75 4711,25 4701,25 4683,75 4691,25 4701,25 4701,25 4688,75 4628,75 4291,25 4143,75 4248,75 4516,25 4681,25 4723,75 4758,75 4713,75 4698,75 4701,25 4718,75 4748,75 4728,75 4696,25 4681,25 4683,75 4701,25 4721,25 4723,75 4741,25 4743,75 4731,25 4703,75 4671,25 4681,25 4691,25 4693,75 4688,75 4681,25 
4666,25 4691,25 4698,75 4701,25 4676,25 4686,25 4726,25 4738,75 4748,75 4753,75 4733,75 4726,25 4716,25 4706,25 4696,25 4683,75 4666,25 4683,75 4698,75 4701,25 4693,75 4668,75 4423,75 4268,75 4261,25 4448,75 4668,75 4708,75 4766,25 4766,25 4718,75 4706,25 4708,75 4728,75 4751,25 4736,25 4708,75 4691,25 4691,25 4706,25 4733,75 4741,25 4748,75 4758,75 4753,75 4731,25 4698,75 4666,25 4683,75 4693,75 4693,75 4691,25 4678,75 
4508,75 4676,25 4683,75 4686,25 4626,25 4656,25 4701,25 4728,75 4738,75 4746,25 4736,25 4723,75 4718,75 4706,25 4693,75 4683,75 4666,25 4561,25 4676,25 4693,75 4701,25 4696,25 4676,25 4518,75 4418,75 4321,25 4418,75 4651,25 4693,75 4738,75 4778,75 4766,25 4721,25 4711,25 4716,25 4736,25 4751,25 4743,75 4716,25 4698,75 4696,25 4711,25 4736,25 4753,75 4753,75 4766,25 4766,25 4753,75 4723,75 4691,25 4668,75 4686,25 4693,75 4696,25 4693,75 4678,75 
4481,25 4663,75 4671,25 4671,25 4468,75 4481,25 4686,25 4723,75 4733,75 4743,75 4738,75 4723,75 4721,25 4708,75 4696,25 4681,25 4666,25 4493,75 4531,25 4678,75 4693,75 4701,25 4691,25 4668,75 4556,25 4468,75 4378,75 4471,25 4663,75 4696,25 4748,75 4778,75 4781,25 4736,25 4718,75 4718,75 4733,75 4748,75 4753,75 4733,75 4708,75 4701,25 4708,75 4731,25 4756,25 4766,25 4766,25 4773,75 4768,75 4748,75 4718,75 4686,25 4666,25 4686,25 4693,75 4698,75 4696,25 4678,75 
4498,75 4598,75 4663,75 4663,75 4333,75 4411,25 4681,25 4723,75 4738,75 4746,25 4743,75 4728,75 4726,25 4716,25 4698,75 4681,25 4663,75 4431,25 4356,25 4661,25 4686,25 4696,25 4693,75 4676,25 4596,25 4543,75 4446,25 4436,25 4591,25 4681,25 4718,75 4766,25 4786,25 4773,75 4728,75 4718,75 4723,75 4746,25 4746,25 4748,75 4728,75 4708,75 4703,75 4716,25 4741,25 4766,25 4771,25 4768,75 4776,25 4768,75 4743,75 4713,75 4681,25 4661,25 4683,75 4693,75 4698,75 4698,75 4681,25 
4558,75 4558,75 4643,75 4661,25 4291,25 4433,75 4683,75 4723,75 4746,25 4756,25 4753,75 4738,75 4736,25 4726,25 4708,75 4688,75 4668,75 4436,25 4228,75 4513,75 4676,25 4691,25 4693,75 4681,25 4593,75 4581,25 4521,25 4436,25 4511,25 4666,25 4698,75 4753,75 4768,75 4791,25 4758,75 4723,75 4718,75 4728,75 4738,75 4743,75 4743,75 4723,75 4706,25 4706,25 4723,75 4746,25 4768,75 4771,25 4768,75 4771,25 4761,25 4733,75 4706,25 4676,25 4598,75 4678,75 4693,75 4703,75 4703,75 4686,25 
4638,75 4553,75 4658,75 4663,75 4323,75 4576,25 4696,25 4733,75 4761,25 4771,25 4763,75 4751,25 4748,75 4738,75 4718,75 4693,75 4668,75 4403,75 4203,75 4481,25 4671,25 4683,75 4686,25 4673,75 4568,75 4568,75 4521,25 4436,25 4501,25 4666,25 4696,25 4746,25 4758,75 4783,75 4761,25 4721,25 4716,25 4726,25 4731,25 4736,25 4741,25 4723,75 4706,25 4706,25 4721,25 4743,75 4763,75 4766,25 4761,25 4763,75 4753,75 4726,25 4698,75 4671,25 4498,75 4673,75 4691,25 4706,25 4708,75 4691,25 
4668,75 4566,25 4668,75 4663,75 4433,75 4676,25 4718,75 4756,25 4783,75 4791,25 4776,25 4768,75 4763,75 4748,75 4723,75 4696,25 4663,75 4291,25 4301,25 4538,75 4671,25 4681,25 4676,25 4598,75 4531,25 4518,75 4468,75 4418,75 4546,25 4673,75 4721,25 4741,25 4758,75 4773,75 4733,75 4713,75 4718,75 4726,25 4723,75 4736,25 4726,25 4708,75 4701,25 4713,75 4731,25 4751,25 4761,25 4751,25 4751,25 4743,75 4718,75 4691,25 4666,25 4451,25 4663,75 4688,75 4706,25 4711,25 4698,75 
4681,25 4593,75 4678,75 4668,75 4638,75 4701,25 4743,75 4781,25 4806,25 4811,25 4793,75 4786,25 4778,75 4758,75 4731,25 4698,75 4621,25 4281,25 4406,25 4591,25 4671,25 4673,75 4646,25 4458,75 4481,25 4463,75 4408,75 4421,25 4603,75 4683,75 4721,25 4736,25 4761,25 4751,25 4713,75 4711,25 4721,25 4711,25 4718,75 4726,25 4711,25 4698,75 4703,75 4718,75 4736,25 4748,75 4741,25 4733,75 4728,75 4706,25 4683,75 4648,75 4416,25 4558,75 4681,25 4706,25 4716,25 4706,25 
4693,75 4663,75 4693,75 4678,75 4688,75 4736,25 4776,25 4811,25 4833,75 4823,75 4811,25 4803,75 4788,75 4763,75 4726,25 4683,75 4456,25 4421,25 4528,75 4663,75 4666,25 4581,25 4366,25 4411,25 4411,25 4371,25 4361,25 4536,25 4678,75 4708,75 4721,25 4748,75 4741,25 4706,25 4708,75 4706,25 4701,25 4713,75 4716,25 4698,75 4693,75 4703,75 4716,25 4728,75 4731,25 4716,25 4711,25 4696,25 4676,25 4591,25 4378,75 4358,75 4673,75 4703,75 4718,75 4713,75 
4706,25 4678,75 4711,25 4693,75 4728,75 4773,75 4813,75 4848,75 4856,25 4836,25 4828,75 4813,75 4788,75 4751,25 4701,25 4591,25 4501,25 4536,25 4618,75 4603,75 4408,75 4288,75 4331,25 4333,75 4293,75 4351,25 4581,25 4688,75 4701,25 4721,25 4741,25 4706,25 4701,25 4698,75 4691,25 4701,25 4708,75 4693,75 4688,75 4696,25 4706,25 4716,25 4708,75 4691,25 4683,75 4666,25 4526,25 4336,25 4153,75 4621,25 4696,25 4718,75 4721,25 
4718,75 4698,75 4718,75 4718,75 4766,25 4811,25 4846,25 4878,75 4861,25 4851,25 4836,25 4811,25 4773,75 4721,25 4668,75 4601,25 4561,25 4571,25 4498,75 4186,25 4221,25 4266,25 4271,25 4233,75 4378,75 4673,75 4678,75 4698,75 4726,25 4713,75 4696,25 4688,75 4681,25 4691,25 4701,25 4688,75 4683,75 4688,75 4693,75 4698,75 4683,75 4668,75 4598,75 4443,75 4281,25 4141,25 4428,75 4686,25 4716,25 4726,25 
4731,25 4718,75 4728,75 4756,25 4806,25 4846,25 4881,25 4883,75 4871,25 4853,75 4826,25 4786,25 4726,25 4678,75 4658,75 4563,75 4498,75 4236,25 4113,75 4186,25 4216,25 4208,75 4306,25 4656,25 4668,75 4688,75 4721,25 4701,25 4691,25 4676,25 4676,25 4696,25 4688,75 4678,75 4678,75 4678,75 4681,25 4648,75 4471,25 4343,75 4208,75 4106,25 4101,25 4673,75 4711,25 4728,75 
4738,75 4736,25 4741,25 4791,25 4838,75 4876,25 4898,75 4883,75 4866,25 4836,25 4791,25 4726,25 4686,25 4663,75 4523,75 4333,75 4056,25 4143,75 4196,25 4216,25 4276,25 4561,25 4658,75 4683,75 4716,25 4693,75 4673,75 4668,75 4681,25 4688,75 4676,25 4671,25 4668,75 4663,75 4423,75 4223,75 4128,75 4078,75 4121,25 4588,75 4703,75 4731,25 
4746,25 4738,75 4771,25 4826,25 4868,75 4893,75 4888,75 4868,75 4831,25 4776,25 4713,75 4681,25 4583,75 4306,25 4086,25 4163,75 4218,75 4253,75 4493,75 4551,25 4671,25 4703,75 4696,25 4668,75 4666,25 4683,75 4681,25 4668,75 4643,75 4573,75 4251,25 4016,25 4018,75 4113,75 4316,25 4691,25 4728,75 
4751,25 4738,75 4798,75 4848,75 4881,25 4886,25 4861,25 4818,75 4751,25 4703,75 4666,25 4343,75 4203,75 4258,75 4313,75 4408,75 4513,75 4663,75 4693,75 4696,25 4668,75 4668,75 4688,75 4676,25 4643,75 4518,75 4181,25 3981,25 4123,75 4338,75 4671,25 4721,25 
4746,25 4753,75 4813,75 4853,75 4861,25 4841,25 4791,25 4731,25 4686,25 4466,25 4378,75 4413,75 4466,25 4571,25 4663,75 4688,75 4701,25 4671,25 4678,75 4688,75 4668,75 4561,25 4276,25 4173,75 4388,75 4648,75 4711,25 
4726,25 4768,75 4818,75 4828,75 4806,25 4743,75 4693,75 4533,75 4561,25 4601,25 4666,25 4678,75 4698,75 4681,25 4683,75 4691,25 4666,25 4501,25 4411,25 4663,75 4696,25 
4726,25 4761,25 4778,75 4751,25 4698,75 4671,25 4676,25 4686,25 4696,25 4701,25 4693,75 4693,75 4668,75 4668,75 4693,75 
4708,75 4713,75 4706,25 4698,75 4706,25 4703,75 4706,25 4703,75 4698,75 
4703,75 4703,75 4703,75 
