40 80 86
3,90022E003	3,90078E003	3,90048E003	
3,90010E003	3,89984E003	3,90031E003	3,90067E003	3,90131E003	3,90108E003	3,90143E003	3,90037E003	3,89970E003	
3,89887E003	3,90007E003	3,90073E003	3,89913E003	3,89911E003	3,90114E003	3,90081E003	3,90081E003	3,90211E003	3,90181E003	3,90134E003	3,90209E003	3,90005E003	3,89953E003	3,89969E003	
3,89856E003	3,89835E003	3,90063E003	3,90126E003	3,89942E003	3,89732E003	3,89869E003	3,90134E003	3,90107E003	3,90030E003	3,90039E003	3,90202E003	3,90306E003	3,90268E003	3,90243E003	3,90212E003	3,90127E003	3,89989E003	3,89986E003	3,89986E003	3,89928E003	
3,89817E003	3,89763E003	3,89846E003	3,90116E003	3,90158E003	3,89988E003	3,89748E003	3,89621E003	3,89883E003	3,90131E003	3,90122E003	3,90045E003	3,89990E003	3,90010E003	3,90179E003	3,90340E003	3,90379E003	3,90398E003	3,90377E003	3,90252E003	3,90139E003	3,90076E003	3,89992E003	3,90031E003	3,90068E003	3,89941E003	3,89892E003	
3,89772E003	3,89741E003	3,89728E003	3,89865E003	3,90140E003	3,90181E003	3,90030E003	3,89784E003	3,89611E003	3,89570E003	3,89879E003	3,90096E003	3,90116E003	3,90033E003	3,89981E003	3,89951E003	3,89993E003	3,90158E003	3,90313E003	3,90467E003	3,90479E003	3,90532E003	3,90538E003	3,90373E003	3,90105E003	3,90070E003	3,90040E003	3,90015E003	3,90081E003	3,90133E003	3,90038E003	3,89908E003	3,89861E003	
3,89743E003	3,89726E003	3,89673E003	3,89736E003	3,89890E003	3,90139E003	3,90188E003	3,90057E003	3,89838E003	3,89621E003	3,89507E003	3,89569E003	3,89857E003	3,90040E003	3,90098E003	3,90006E003	3,89959E003	3,89936E003	3,89917E003	3,89984E003	3,90133E003	3,90294E003	3,90481E003	3,90571E003	3,90613E003	3,90679E003	3,90710E003	3,90509E003	3,90176E003	3,90011E003	3,90023E003	3,90013E003	3,90044E003	3,90121E003	3,90196E003	3,90142E003	3,89999E003	3,89881E003	3,89834E003	
3,89712E003	3,89693E003	3,89650E003	3,89649E003	3,89750E003	3,89923E003	3,90133E003	3,90180E003	3,90046E003	3,89825E003	3,89595E003	3,89477E003	3,89439E003	3,89660E003	3,89886E003	3,90015E003	3,90048E003	3,89953E003	3,89909E003	3,89891E003	3,89886E003	3,89891E003	3,90059E003	3,90203E003	3,90369E003	3,90563E003	3,90674E003	3,90742E003	3,90814E003	3,90887E003	3,90748E003	3,90410E003	3,90083E003	3,89944E003	3,89983E003	3,89999E003	3,90044E003	3,90163E003	3,90257E003	3,90249E003	3,90119E003	3,89969E003	3,89857E003	3,89806E003	
3,89685E003	3,89654E003	3,89635E003	3,89604E003	3,89639E003	3,89763E003	3,89942E003	3,90122E003	3,90162E003	3,90025E003	3,89811E003	3,89584E003	3,89454E003	3,89398E003	3,89489E003	3,89711E003	3,89868E003	3,89992E003	3,89973E003	3,89898E003	3,89853E003	3,89839E003	3,89844E003	3,89845E003	3,89971E003	3,90130E003	3,90278E003	3,90460E003	3,90645E003	3,90772E003	3,90866E003	3,90950E003	3,91046E003	3,91001E003	3,90681E003	3,90287E003	3,89983E003	3,89882E003	3,89943E003	3,89985E003	3,90038E003	3,90210E003	3,90296E003	3,90348E003	3,90245E003	3,90101E003	3,89942E003	3,89838E003	3,89781E003	
3,89669E003	3,89628E003	3,89624E003	3,89580E003	3,89571E003	3,89652E003	3,89770E003	3,89938E003	3,90104E003	3,90140E003	3,90002E003	3,89800E003	3,89580E003	3,89440E003	3,81160E003	3,89394E003	3,89546E003	3,89727E003	3,89825E003	3,89953E003	3,89896E003	3,89840E003	3,89795E003	3,89783E003	3,89796E003	3,89809E003	3,89870E003	3,90047E003	3,90191E003	3,90353E003	3,90555E003	3,90725E003	3,90865E003	3,90984E003	3,91070E003	3,91168E003	3,91203E003	3,90955E003	3,90544E003	3,90171E003	3,89887E003	3,89826E003	3,89902E003	3,89964E003	3,90023E003	3,90243E003	3,90342E003	3,90428E003	3,90368E003	3,90233E003	3,90082E003	3,89919E003	3,89822E003	3,89760E003	
3,89649E003	3,89607E003	3,89605E003	3,89556E003	3,89529E003	3,89560E003	3,89664E003	3,89780E003	3,89955E003	3,90102E003	3,90103E003	3,89946E003	3,89728E003	3,89534E003	3,89397E003	3,64825E003	3,73210E003	3,89465E003	3,89629E003	3,89725E003	3,89840E003	3,89882E003	3,89792E003	3,89759E003	3,89720E003	3,89731E003	3,89753E003	3,89775E003	3,89860E003	3,90045E003	3,90194E003	3,90349E003	3,90558E003	3,90738E003	3,90909E003	3,91063E003	3,91177E003	3,91269E003	3,91379E003	3,91311E003	3,90979E003	3,90530E003	3,90142E003	3,89848E003	3,89757E003	3,89845E003	3,89927E003	3,89988E003	3,90214E003	3,90373E003	3,90461E003	3,90498E003	3,90371E003	3,90230E003	3,90074E003	3,89903E003	3,89807E003	3,89741E003	
3,89636E003	3,89594E003	3,89575E003	3,89540E003	3,89513E003	3,89496E003	3,89576E003	3,89657E003	3,89776E003	3,89972E003	3,90090E003	3,90061E003	3,89887E003	3,89670E003	3,89497E003	3,78125E003	3,52812E003	3,59664E003	3,89412E003	3,89538E003	3,89639E003	3,89715E003	3,89826E003	3,89770E003	3,89715E003	3,89672E003	3,89658E003	3,89681E003	3,89717E003	3,89748E003	3,89856E003	3,90043E003	3,90192E003	3,90339E003	3,90552E003	3,90742E003	3,90923E003	3,91099E003	3,91252E003	3,91346E003	3,91456E003	3,91544E003	3,91374E003	3,90961E003	3,90512E003	3,90112E003	3,89810E003	3,89691E003	3,89781E003	3,89878E003	3,89967E003	3,90156E003	3,90393E003	3,90496E003	3,90577E003	3,90515E003	3,90366E003	3,90220E003	3,90064E003	3,89889E003	3,89796E003	3,89726E003	
3,89630E003	3,89590E003	3,89554E003	3,89532E003	3,89508E003	3,89459E003	3,89496E003	3,89577E003	3,89650E003	3,89789E003	3,89980E003	3,90072E003	3,90001E003	3,89836E003	3,89621E003	3,89472E003	3,68947E003	3,47033E003	3,52052E003	3,86695E003	3,89458E003	3,89565E003	3,89610E003	3,89727E003	3,89739E003	3,89667E003	3,89640E003	3,89601E003	3,89612E003	3,89638E003	3,89686E003	3,89726E003	3,89855E003	3,90038E003	3,90190E003	3,90328E003	3,90538E003	3,90738E003	3,90916E003	3,91105E003	3,91297E003	3,91419E003	3,91517E003	3,91633E003	3,91636E003	3,91394E003	3,90924E003	3,90487E003	3,90081E003	3,89774E003	3,89635E003	3,89721E003	3,89823E003	3,89937E003	3,90090E003	3,90364E003	3,90519E003	3,90602E003	3,90634E003	3,90505E003	3,90363E003	3,90210E003	3,90052E003	3,89876E003	3,89787E003	3,89714E003	
3,89623E003	3,89580E003	3,89533E003	3,89526E003	3,89500E003	3,89443E003	3,89440E003	3,89512E003	3,89560E003	3,89646E003	3,89844E003	3,90002E003	3,90058E003	3,89913E003	3,89735E003	3,89552E003	3,89423E003	3,50364E003	3,37760E003	3,58894E003	3,82768E003	3,89428E003	3,89511E003	3,89545E003	3,89654E003	3,89675E003	3,89614E003	3,89583E003	3,89545E003	3,89547E003	3,89579E003	3,89628E003	3,89673E003	3,89771E003	3,89934E003	3,90117E003	3,90264E003	3,90419E003	3,90658E003	3,90833E003	3,91021E003	3,91227E003	3,91429E003	3,91546E003	3,91655E003	3,91770E003	3,91765E003	3,91512E003	3,91039E003	3,90576E003	3,90155E003	3,89806E003	3,89592E003	3,89638E003	3,89743E003	3,89866E003	3,90011E003	3,90263E003	3,90511E003	3,90619E003	3,90696E003	3,90657E003	3,90509E003	3,90369E003	3,90210E003	3,90046E003	3,89868E003	3,89777E003	3,89701E003	
3,89618E003	3,89576E003	3,89527E003	3,89525E003	3,89498E003	3,89441E003	3,89409E003	3,89452E003	3,89498E003	3,89545E003	3,89690E003	3,89898E003	3,90015E003	3,89988E003	3,89832E003	3,89648E003	3,89498E003	3,81238E003	3,41654E003	3,32859E003	3,69911E003	3,81970E003	3,89403E003	3,89464E003	3,89488E003	3,89590E003	3,89614E003	3,89568E003	3,89534E003	3,89496E003	3,89492E003	3,89527E003	3,89570E003	3,89625E003	3,89700E003	3,89852E003	3,90029E003	3,90189E003	3,90338E003	3,90521E003	3,90753E003	3,90922E003	3,91120E003	3,91337E003	3,91542E003	3,91653E003	3,91768E003	3,91882E003	3,91868E003	3,91608E003	3,91139E003	3,90662E003	3,90238E003	3,89852E003	3,89603E003	3,89556E003	3,89659E003	3,89784E003	3,89936E003	3,90142E003	3,90425E003	3,90627E003	3,90714E003	3,90756E003	3,90656E003	3,90508E003	3,90367E003	3,90207E003	3,90039E003	3,89861E003	3,89768E003	3,89692E003	
3,89618E003	3,89578E003	3,89528E003	3,89515E003	3,89503E003	3,89449E003	3,89393E003	3,89413E003	3,89458E003	3,89484E003	3,89557E003	3,89756E003	3,89934E003	3,90017E003	3,89914E003	3,89750E003	3,89582E003	3,89464E003	3,69148E003	3,43894E003	3,41728E003	3,81232E003	3,82734E003	3,86516E003	3,89424E003	3,89443E003	3,89536E003	3,89562E003	3,89526E003	3,89495E003	3,89457E003	3,89450E003	3,89481E003	3,89522E003	3,89581E003	3,89643E003	3,89775E003	3,89933E003	3,90115E003	3,90258E003	3,90401E003	3,90631E003	3,90823E003	3,90999E003	3,91202E003	3,91430E003	3,91631E003	3,91740E003	3,91856E003	3,91967E003	3,91943E003	3,91684E003	3,91231E003	3,90739E003	3,90317E003	3,89916E003	3,89626E003	3,89498E003	3,89581E003	3,89705E003	3,89851E003	3,90045E003	3,90305E003	3,90570E003	3,90705E003	3,90780E003	3,90770E003	3,90644E003	3,90498E003	3,90358E003	3,90198E003	3,90030E003	3,89854E003	3,89762E003	3,89687E003	
3,89615E003	3,89580E003	3,89527E003	3,89505E003	3,89505E003	3,89453E003	3,88242E003	3,85781E003	3,89423E003	3,89438E003	3,89478E003	3,89640E003	3,89850E003	3,89982E003	3,89956E003	3,89810E003	3,89643E003	3,89516E003	3,89401E003	3,50594E003	3,47525E003	3,71729E003	3,89154E003	3,76422E003	3,85979E003	3,85393E003	3,89434E003	3,89505E003	3,89500E003	3,89475E003	3,89450E003	3,89412E003	3,89414E003	3,89453E003	3,89500E003	3,89562E003	3,89632E003	3,89780E003	3,89934E003	3,90114E003	3,90258E003	3,90404E003	3,90622E003	3,90822E003	3,90994E003	3,91195E003	3,91431E003	3,91657E003	3,91779E003	3,91898E003	3,92022E003	3,92044E003	3,91858E003	3,91475E003	3,90951E003	3,90506E003	3,90083E003	3,89727E003	3,89507E003	3,89485E003	3,89594E003	3,89731E003	3,89913E003	3,90143E003	3,90419E003	3,90663E003	3,90768E003	3,90819E003	3,90787E003	3,90643E003	3,90497E003	3,90357E003	3,90196E003	3,90027E003	3,89851E003	3,89755E003	3,89680E003	
3,89611E003	3,89579E003	3,89524E003	3,89495E003	3,89506E003	3,89452E003	3,86668E003	3,79085E003	3,89394E003	3,89406E003	3,89423E003	3,89565E003	3,89791E003	3,89940E003	3,89966E003	3,89833E003	3,89670E003	3,89544E003	3,89433E003	3,64764E003	3,54444E003	3,69419E003	3,89404E003	3,83053E003	3,72778E003	3,73692E003	3,79809E003	3,89445E003	3,89463E003	3,89447E003	3,89425E003	3,86616E003	3,82833E003	3,89407E003	3,89447E003	3,89514E003	3,89582E003	3,89700E003	3,89857E003	3,90020E003	3,90183E003	3,90337E003	3,90493E003	3,90746E003	3,90912E003	3,91099E003	3,91324E003	3,91573E003	3,91773E003	3,91889E003	3,92013E003	3,92120E003	3,92071E003	3,91804E003	3,91349E003	3,90829E003	3,90387E003	3,89969E003	3,89638E003	3,89445E003	3,89466E003	3,89585E003	3,89737E003	3,89950E003	3,90203E003	3,90484E003	3,90720E003	3,90816E003	3,90854E003	3,90800E003	3,90653E003	3,90505E003	3,90363E003	3,90201E003	3,90030E003	3,89851E003	3,89747E003	3,89673E003	
3,89610E003	3,89580E003	3,89528E003	3,89491E003	3,89514E003	3,89460E003	3,88852E003	3,76743E003	3,83598E003	3,87496E003	3,86747E003	3,89501E003	3,89735E003	3,89897E003	3,89962E003	3,89860E003	3,89695E003	3,89579E003	3,89480E003	3,82412E003	3,64256E003	3,73473E003	3,89427E003	3,89411E003	3,73218E003	3,69472E003	3,60683E003	3,89191E003	3,89431E003	3,89429E003	3,89418E003	3,84581E003	3,72590E003	3,80858E003	3,89411E003	3,89469E003	3,89533E003	3,89625E003	3,89790E003	3,89940E003	3,90112E003	3,90258E003	3,90410E003	3,90618E003	3,90822E003	3,90992E003	3,91194E003	3,91444E003	3,91688E003	3,91847E003	3,91974E003	3,92107E003	3,92155E003	3,92031E003	3,91698E003	3,91196E003	3,90704E003	3,90265E003	3,89857E003	3,89559E003	3,89399E003	3,89456E003	3,89588E003	3,89754E003	3,89996E003	3,90259E003	3,90539E003	3,90764E003	3,90853E003	3,90869E003	3,90799E003	3,90651E003	3,90503E003	3,90362E003	3,90200E003	3,90030E003	3,89851E003	3,89741E003	3,89668E003	
3,89614E003	3,89587E003	3,89538E003	3,89494E003	3,89528E003	3,89476E003	3,89409E003	3,79320E003	3,82706E003	3,85354E003	3,79191E003	3,89452E003	3,89670E003	3,89859E003	3,89953E003	3,89889E003	3,89728E003	3,89620E003	3,89523E003	3,89419E003	3,78410E003	3,79572E003	3,89452E003	3,89455E003	3,87105E003	3,69305E003	3,56287E003	3,78433E003	3,89408E003	3,89408E003	3,89403E003	3,88478E003	3,72228E003	3,72638E003	3,88683E003	3,89438E003	3,89504E003	3,89580E003	3,89716E003	3,89871E003	3,90020E003	3,90181E003	3,90330E003	3,90480E003	3,90720E003	3,90886E003	3,91063E003	3,91282E003	3,91543E003	3,91770E003	3,91901E003	3,92026E003	3,92152E003	3,92134E003	3,91937E003	3,91544E003	3,91031E003	3,90570E003	3,90145E003	3,89762E003	3,89491E003	3,82719E003	3,89458E003	3,89601E003	3,89784E003	3,90045E003	3,90307E003	3,90584E003	3,90794E003	3,90874E003	3,90863E003	3,90785E003	3,90638E003	3,90491E003	3,90353E003	3,90193E003	3,90027E003	3,89851E003	3,89737E003	3,89666E003	
3,89617E003	3,89590E003	3,89545E003	3,89496E003	3,89540E003	3,89488E003	3,89423E003	3,83432E003	3,83239E003	3,84893E003	3,74831E003	3,89436E003	3,89652E003	3,89850E003	3,89948E003	3,89894E003	3,89733E003	3,89636E003	3,89545E003	3,89446E003	3,89349E003	3,89405E003	3,89490E003	3,89488E003	3,89410E003	3,71938E003	3,55985E003	3,77043E003	3,89397E003	3,89398E003	3,89401E003	3,88483E003	3,71668E003	3,72449E003	3,88971E003	3,89439E003	3,89504E003	3,89582E003	3,89726E003	3,89879E003	3,90022E003	3,90181E003	3,90326E003	3,90481E003	3,90708E003	3,90874E003	3,91049E003	3,91269E003	3,91536E003	3,91763E003	3,91900E003	3,92029E003	3,92153E003	3,92124E003	3,91924E003	3,91527E003	3,91023E003	3,90558E003	3,90133E003	3,89751E003	3,89481E003	3,74489E003	3,89435E003	3,89580E003	3,89770E003	3,90045E003	3,90309E003	3,90584E003	3,90798E003	3,90876E003	3,90856E003	3,90778E003	3,90634E003	3,90489E003	3,90351E003	3,90193E003	3,90029E003	3,89852E003	3,89733E003	3,89662E003	
3,89618E003	3,89591E003	3,89548E003	3,89499E003	3,89550E003	3,89495E003	3,89432E003	3,88065E003	3,84749E003	3,84381E003	3,74077E003	3,89448E003	3,89671E003	3,89876E003	3,89949E003	3,89880E003	3,89721E003	3,89635E003	3,89537E003	3,89453E003	3,89425E003	3,89469E003	3,89532E003	3,89498E003	3,89403E003	3,66857E003	3,60912E003	3,85941E003	3,85708E003	3,89399E003	3,89411E003	3,80688E003	3,72410E003	3,83229E003	3,89411E003	3,89475E003	3,89539E003	3,89652E003	3,89819E003	3,89955E003	3,90105E003	3,90250E003	3,90402E003	3,90599E003	3,90787E003	3,90954E003	3,91151E003	3,91412E003	3,91671E003	3,91841E003	3,91977E003	3,92108E003	3,92138E003	3,92000E003	3,91648E003	3,91164E003	3,90667E003	3,90225E003	3,89829E003	3,89521E003	3,78506E003	3,86567E003	3,89526E003	3,89711E003	3,89991E003	3,90270E003	3,90537E003	3,90775E003	3,90870E003	3,90854E003	3,90777E003	3,90639E003	3,90494E003	3,90355E003	3,90196E003	3,90035E003	3,89856E003	3,89727E003	3,89657E003	
3,89624E003	3,89597E003	3,89556E003	3,89514E003	3,89565E003	3,89510E003	3,89452E003	3,89409E003	3,89396E003	3,85849E003	3,79785E003	3,89476E003	3,89706E003	3,89902E003	3,89955E003	3,89860E003	3,89714E003	3,89640E003	3,89545E003	3,89479E003	3,89461E003	3,89545E003	3,89575E003	3,89506E003	3,89409E003	3,69851E003	3,79927E003	3,89402E003	3,86845E003	3,89417E003	3,89423E003	3,84209E003	3,82879E003	3,89411E003	3,89455E003	3,89517E003	3,89595E003	3,89747E003	3,89897E003	3,90028E003	3,90181E003	3,90318E003	3,90485E003	3,90686E003	3,90852E003	3,91028E003	3,91266E003	3,91539E003	3,91751E003	3,91891E003	3,92031E003	3,92114E003	3,92014E003	3,91735E003	3,91279E003	3,90784E003	3,90324E003	3,89920E003	3,89582E003	3,89394E003	3,70990E003	3,89478E003	3,89658E003	3,89927E003	3,90225E003	3,90477E003	3,90733E003	3,90853E003	3,90842E003	3,90765E003	3,90633E003	3,90488E003	3,90350E003	3,90194E003	3,90037E003	3,89860E003	3,89723E003	3,89655E003	
3,89633E003	3,89607E003	3,89572E003	3,89535E003	3,89585E003	3,89533E003	3,89480E003	3,89438E003	3,89421E003	3,89399E003	3,89397E003	3,89521E003	3,89751E003	3,89923E003	3,89959E003	3,89842E003	3,89729E003	3,89657E003	3,89564E003	3,89514E003	3,89519E003	3,89616E003	3,89614E003	3,89518E003	3,89417E003	3,82676E003	3,89410E003	3,89419E003	3,89430E003	3,89462E003	3,89432E003	3,89406E003	3,89425E003	3,89454E003	3,89512E003	3,89571E003	3,89686E003	3,89846E003	3,89969E003	3,90096E003	3,90240E003	3,90384E003	3,90574E003	3,90740E003	3,90901E003	3,91106E003	3,91373E003	3,91613E003	3,91777E003	3,91918E003	3,92036E003	3,91983E003	3,91776E003	3,91359E003	3,90887E003	3,90419E003	3,90015E003	3,89659E003	3,89432E003	3,65039E003	3,89445E003	3,89612E003	3,89867E003	3,90179E003	3,90415E003	3,90671E003	3,90824E003	3,90819E003	3,90740E003	3,90615E003	3,90472E003	3,90338E003	3,90186E003	3,90036E003	3,89862E003	3,89722E003	3,89656E003	
3,89641E003	3,89618E003	3,89585E003	3,89559E003	3,89604E003	3,89553E003	3,89503E003	3,89469E003	3,89447E003	3,89415E003	3,89437E003	3,89602E003	3,89831E003	3,89958E003	3,89956E003	3,89804E003	3,89731E003	3,89644E003	3,89570E003	3,89549E003	3,89631E003	3,89671E003	3,89608E003	3,89488E003	3,89407E003	3,89434E003	3,89454E003	3,89444E003	3,89491E003	3,89482E003	3,89445E003	3,89457E003	3,89482E003	3,89535E003	3,89590E003	3,89702E003	3,89860E003	3,89978E003	3,90095E003	3,90236E003	3,90382E003	3,90556E003	3,90719E003	3,90877E003	3,91096E003	3,91367E003	3,91586E003	3,91745E003	3,91890E003	3,91963E003	3,91851E003	3,91561E003	3,91122E003	3,90648E003	3,90206E003	3,89827E003	3,89525E003	3,83326E003	3,84379E003	3,89532E003	3,89746E003	3,90071E003	3,90320E003	3,90576E003	3,90771E003	3,90795E003	3,90716E003	3,90614E003	3,90467E003	3,90330E003	3,90187E003	3,90037E003	3,89868E003	3,89721E003	3,89657E003	
3,89647E003	3,89628E003	3,89593E003	3,89586E003	3,89620E003	3,89573E003	3,89528E003	3,89489E003	3,89471E003	3,89436E003	3,89512E003	3,89718E003	3,89929E003	3,89984E003	3,89882E003	3,89783E003	3,89711E003	3,89627E003	3,89598E003	3,89658E003	3,89718E003	3,89662E003	3,89536E003	3,89441E003	3,89471E003	3,89482E003	3,89480E003	3,89536E003	3,89511E003	3,89487E003	3,89504E003	3,89533E003	3,89582E003	3,89646E003	3,89798E003	3,89934E003	3,90040E003	3,90170E003	3,90300E003	3,90474E003	3,90628E003	3,90783E003	3,90981E003	3,91249E003	3,91487E003	3,91660E003	3,91811E003	3,91882E003	3,91764E003	3,91460E003	3,91023E003	3,90547E003	3,90112E003	3,89746E003	3,89481E003	3,73007E003	3,89426E003	3,89602E003	3,89878E003	3,90196E003	3,90426E003	3,90672E003	3,90767E003	3,90707E003	3,90611E003	3,90474E003	3,90331E003	3,90196E003	3,90042E003	3,89879E003	3,89719E003	3,89657E003	
3,89658E003	3,89640E003	3,89606E003	3,89619E003	3,89641E003	3,89602E003	3,89557E003	3,89518E003	3,89493E003	3,89490E003	3,89622E003	3,89863E003	3,89988E003	3,89972E003	3,89837E003	3,89779E003	3,89690E003	3,89653E003	3,89687E003	3,89767E003	3,89722E003	3,89595E003	3,89483E003	3,89516E003	3,89516E003	3,89524E003	3,89586E003	3,89555E003	3,89536E003	3,89558E003	3,89591E003	3,89635E003	3,89734E003	3,89886E003	3,89997E003	3,90094E003	3,90224E003	3,90385E003	3,90525E003	3,90680E003	3,90854E003	3,91115E003	3,91364E003	3,91552E003	3,91707E003	3,91776E003	3,91654E003	3,91341E003	3,90912E003	3,90435E003	3,90021E003	3,89674E003	3,89456E003	3,75980E003	3,89487E003	3,89699E003	3,90031E003	3,90293E003	3,90535E003	3,90721E003	3,90691E003	3,90596E003	3,90472E003	3,90330E003	3,90197E003	3,90047E003	3,89892E003	3,89721E003	3,89659E003	
3,89672E003	3,89657E003	3,89625E003	3,89655E003	3,89668E003	3,89637E003	3,89592E003	3,89562E003	3,89529E003	3,89569E003	3,89752E003	3,89958E003	3,90020E003	3,89911E003	3,89835E003	3,89753E003	3,89706E003	3,89720E003	3,89815E003	3,89783E003	3,89659E003	3,89536E003	3,89573E003	3,89558E003	3,89579E003	3,89643E003	3,89607E003	3,89601E003	3,89614E003	3,89652E003	3,89699E003	3,89837E003	3,89961E003	3,90045E003	3,90162E003	3,90289E003	3,90423E003	3,90574E003	3,90726E003	3,90965E003	3,91224E003	3,91423E003	3,91580E003	3,91647E003	3,91522E003	3,91204E003	3,90794E003	3,90324E003	3,89938E003	3,89620E003	3,89442E003	3,89403E003	3,89564E003	3,89835E003	3,90159E003	3,90380E003	3,90608E003	3,90663E003	3,90564E003	3,90469E003	3,90324E003	3,90191E003	3,90049E003	3,89904E003	3,89736E003	3,89664E003	
3,89685E003	3,89673E003	3,89657E003	3,89691E003	3,89699E003	3,89672E003	3,89621E003	3,89585E003	3,89578E003	3,89696E003	3,89931E003	3,90032E003	3,89967E003	3,89876E003	3,89800E003	3,89755E003	3,89783E003	3,89865E003	3,89817E003	3,89665E003	3,89598E003	3,89625E003	3,89608E003	3,89676E003	3,89682E003	3,89654E003	3,89662E003	3,89691E003	3,89727E003	3,89853E003	3,89974E003	3,90046E003	3,90155E003	3,90290E003	3,90404E003	3,90550E003	3,90726E003	3,90987E003	3,91213E003	3,91401E003	3,91526E003	3,91461E003	3,91200E003	3,90798E003	3,90347E003	3,89950E003	3,89637E003	3,89458E003	3,89431E003	3,89614E003	3,89928E003	3,90220E003	3,90433E003	3,90619E003	3,90566E003	3,90461E003	3,90332E003	3,90192E003	3,90061E003	3,89919E003	3,89753E003	3,89668E003	
3,89700E003	3,89696E003	3,89696E003	3,89734E003	3,89738E003	3,89706E003	3,89655E003	3,89630E003	3,89680E003	3,89874E003	3,90028E003	3,90019E003	3,89920E003	3,89849E003	3,89806E003	3,89849E003	3,89915E003	3,89845E003	3,89674E003	3,89669E003	3,89658E003	3,89681E003	3,89750E003	3,89723E003	3,89720E003	3,89734E003	3,89760E003	3,89872E003	3,89988E003	3,90049E003	3,90148E003	3,90287E003	3,90380E003	3,90521E003	3,90726E003	3,90981E003	3,91199E003	3,91363E003	3,91366E003	3,91159E003	3,90794E003	3,90365E003	3,89965E003	3,89661E003	3,89483E003	3,89469E003	3,89682E003	3,90015E003	3,90269E003	3,90480E003	3,90557E003	3,90441E003	3,90342E003	3,90197E003	3,90070E003	3,89931E003	3,89773E003	3,89676E003	
3,89719E003	3,89722E003	3,89739E003	3,89783E003	3,89784E003	3,89734E003	3,89686E003	3,89691E003	3,89814E003	3,90011E003	3,90045E003	3,89968E003	3,89899E003	3,89856E003	3,89914E003	3,89955E003	3,89865E003	3,89711E003	3,89732E003	3,89714E003	3,89785E003	3,89797E003	3,89782E003	3,89782E003	3,89798E003	3,89894E003	3,90001E003	3,90051E003	3,90140E003	3,90261E003	3,90351E003	3,90497E003	3,90726E003	3,90959E003	3,91165E003	3,91237E003	3,91095E003	3,90770E003	3,90384E003	3,89982E003	3,89691E003	3,89517E003	3,89518E003	3,89768E003	3,90092E003	3,90307E003	3,90490E003	3,90435E003	3,90331E003	3,90204E003	3,90075E003	3,89945E003	3,89798E003	3,89693E003	
3,89741E003	3,89745E003	3,89779E003	3,89832E003	3,89820E003	3,89752E003	3,89736E003	3,89808E003	3,90002E003	3,90060E003	3,89998E003	3,89928E003	3,89904E003	3,89989E003	3,89970E003	3,89809E003	3,89776E003	3,89757E003	3,89820E003	3,89849E003	3,89836E003	3,89835E003	3,89853E003	3,89969E003	3,90040E003	3,90079E003	3,90205E003	3,90267E003	3,90409E003	3,90630E003	3,90866E003	3,91074E003	3,91073E003	3,90840E003	3,90507E003	3,90095E003	3,89782E003	3,89572E003	3,89533E003	3,89793E003	3,90115E003	3,90316E003	3,90444E003	3,90335E003	3,90229E003	3,90091E003	3,89968E003	3,89830E003	3,89709E003	
3,89768E003	3,89791E003	3,89825E003	3,89881E003	3,89839E003	3,89782E003	3,89819E003	3,89974E003	3,90066E003	3,90027E003	3,89965E003	3,89992E003	3,90038E003	3,89942E003	3,89820E003	3,89799E003	3,89853E003	3,89900E003	3,89884E003	3,89877E003	3,89931E003	3,90026E003	3,90055E003	3,90143E003	3,90204E003	3,90322E003	3,90532E003	3,90775E003	3,90958E003	3,90875E003	3,90593E003	3,90234E003	3,89871E003	3,89648E003	3,89562E003	3,89827E003	3,90138E003	3,90322E003	3,90360E003	3,90230E003	3,90115E003	3,89992E003	3,89862E003	3,89732E003	
3,89799E003	3,89845E003	3,89886E003	3,89920E003	3,89840E003	3,89848E003	3,89948E003	3,90062E003	3,90045E003	3,90004E003	3,90065E003	3,90052E003	3,89905E003	3,89842E003	3,89881E003	3,89946E003	3,89931E003	3,89919E003	3,90001E003	3,90050E003	3,90078E003	3,90148E003	3,90239E003	3,90435E003	3,90690E003	3,90810E003	3,90624E003	3,90339E003	3,89977E003	3,89733E003	3,89617E003	3,89862E003	3,90159E003	3,90301E003	3,90252E003	3,90141E003	3,90014E003	3,89895E003	3,89777E003	
3,89832E003	3,89894E003	3,89962E003	3,89914E003	3,89881E003	3,89944E003	3,90074E003	3,90052E003	3,90092E003	3,90097E003	3,89968E003	3,89870E003	3,89921E003	3,89983E003	3,89955E003	3,90014E003	3,90054E003	3,90086E003	3,90124E003	3,90276E003	3,90517E003	3,90684E003	3,90484E003	3,90198E003	3,89877E003	3,89684E003	3,89824E003	3,90140E003	3,90251E003	3,90174E003	3,90057E003	3,89935E003	3,89822E003	
3,89873E003	3,89953E003	3,89993E003	3,89913E003	3,89942E003	3,90085E003	3,90099E003	3,90141E003	3,90026E003	3,89894E003	3,89960E003	3,89998E003	3,90027E003	3,90059E003	3,90066E003	3,90125E003	3,90340E003	3,90555E003	3,90350E003	3,90068E003	3,89804E003	3,89797E003	3,90121E003	3,90194E003	3,90099E003	3,89978E003	3,89877E003	
3,89932E003	3,90017E003	3,89970E003	3,89931E003	3,90102E003	3,90187E003	3,90077E003	3,89919E003	3,90001E003	3,90041E003	3,90059E003	3,90046E003	3,90185E003	3,90408E003	3,90216E003	3,89973E003	3,89840E003	3,90096E003	3,90141E003	3,90038E003	3,89932E003	
3,89996E003	3,90019E003	3,89942E003	3,90190E003	3,90118E003	3,89937E003	3,90048E003	3,90068E003	3,90077E003	3,90245E003	3,90102E003	3,89940E003	3,90036E003	3,90093E003	3,89991E003	
3,90039E003	3,90000E003	3,90150E003	3,89985E003	3,90058E003	3,90105E003	3,90050E003	3,90017E003	3,90065E003	
3,20955E003	3,20955E003	3,20955E003	
