40 80 50
4757,40141040546 4733,44047840585 4713,75730405561 
4759,58201299064 4796,7253584938 4805,34218363239 4780,66126099008 4733,79612820286 4687,26773525818 4663,53870884309 4673,32002075946 4711,18186386051 
4760,19503451158 4803,34430658128 4835,21537107219 4850,19197433724 4845,24125417992 4820,6834387278 4780,45050677029 4731,6368391509 4683,20678928928 4644,11739526213 4621,39678635522 4618,66997677213 4635,7244533435 4669,06548943029 4712,9162946542 
4763,13755985209 4806,27290199114 4843,61467348274 4871,91291255533 4888,50747773114 4891,61052030616 4880,54994867714 4855,9365136147 4819,72186732964 4775,11905744397 4726,35434191618 4678,1921983822 4635,38028425012 4602,09493039216 4581,38409329708 4574,81853301667 4582,45117088319 4603,04051634198 4634,39574141045 4673,70237602715 4717,75974416395 
4769,40076815613 4810,809070486 4848,69203605337 4881,1137348176 4906,29582306838 4922,72574153352 4929,26637166741 4925,25722336272 4910,59721798594 4885,80059155192 4852,01978448693 4811,0295469084 4765,16314325463 4717,18278979059 4670,04029010849 4626,67607298214 4589,79927262778 4561,62380527148 4543,65840974089 4536,60732164657 4540,39946526613 4554,31952988658 4577,18654653559 4607,52434055278 4643,68783856973 4683,93581792746 4726,46154109511 
4779,75031407677 4818,59274815819 4855,02344822714 4887,83647536117 4915,86028082744 4938,00480343139 4953,31319752088 4961,01477144903 4960,57556084366 4951,74287230264 4934,58064505262 4909,49364953455 4877,23957215184 4838,92772457785 4796,00098406074 4750,19475937421 4703,45129094567 4657,77888969877 4615,18833223963 4577,57401620445 4546,56634778545 4523,40064454747 4508,83221464445 4503,11534940119 4506,04606237385 4517,05203977357 4535,30411579431 4559,82343528233 4589,56543339602 4623,47202383732 4660,4931135165 4699,58518519283 4739,69732882119 
4794,70555542993 4830,45661003561 4864,40663422032 4895,78211798098 4923,80336652352 4947,70713691076 4966,77307679561 4980,35244515042 4987,89761132137 4988,99073279701 4983,3699609665 4970,95173716521 4951,8482934629 4926,38015097682 4895,08375856767 4858,7139961188 4818,23999130213 4774,83104049244 4729,82711345936 4684,65908155348 4640,79145106901 4599,69868630207 4562,78442728943 4531,28842217368 4506,19943282247 4488,18941103835 4477,58119129279 4474,37236956909 4478,26282443454 4488,71220325749 4505,0285376159 4526,45229396882 4552,20266799577 4581,5204245553 4613,68943478623 4648,03950039288 4683,93622489784 4720,76348578124 4757,90357553095 
4816,52216967604 4850,25001508114 4882,40774486478 4912,44747265068 4939,8005443175 4963,89079969763 4984,15099562426 5000,04147328407 5011,07025527282 5016,8134178679 5016,93473370453 5011,20456261692 4999,51582225299 4981,89646740228 4958,5200479525 4929,71370147223 4895,9639024192 4857,91989817066 4816,39332830265 4772,3513812096 4726,89828800283 4681,20879932023 4636,49769903103 4594,01700996233 4554,99837954838 4520,58110378038 4491,73733130261 4469,18956736633 4453,39414775973 4444,55463280808 4442,59399191461 4447,16925829815 4457,72639451369 4473,57916549788 4493,99404563838 4518,2618505438 4545,70713894485 4575,7022027858 4607,68843465309 4641,17340911501 4675,71852534038 4710,92106849453 4746,39412519092 4781,74219874748 
4843,57576790046 4874,49853231912 4904,01129633247 4931,73303000514 4957,25592451957 4980,15329937251 4999,99005349077 5016,33528795565 5028,77621260175 5036,9314806066 5040,46639838139 5039,10804430096 5032,65897240824 5021,00873990966 5004,14292074103 4982,1501083947 4955,22995818675 4923,69977836519 4887,99946520467 4848,69566546096 4806,48334323928 4762,18255662578 4716,72245900386 4671,07906009946 4626,27981932977 4583,4020861638 4543,52921327814 4507,6942905599 4476,80997439428 4451,57737855862 4432,53119997704 4420,01217774351 4414,11264901428 4414,66240812814 4421,2541269354 4433,29910481237 4450,09972507572 4470,92456533579 4495,07474817033 4521,92686462451 4550,90547751294 4581,49607196234 4613,26369223153 4645,84673128191 4678,94430069746 4712,29970844816 4745,682267405 4778,86557102766 4811,59249013489 
4864,85896680521 4892,0897453849 4919,74508137243 4944,52763064005 4968,70675482645 4992,05455461495 5014,4604859803 5031,55110223418 5043,39534336839 5049,41392636616 5052,62948636028 5049,59317705591 5043,58365983954 5035,67844169182 5025,38643735301 5017,08175244526 5005,70255464837 4987,35964727877 4961,39312866308 4926,50424264645 4885,32877308394 4839,08386822508 4789,03029564396 4746,96992437025 4704,22301809351 4662,38803614545 4619,4316283703 4572,11195707893 4527,39643615148 4485,18306038339 4450,32525733067 4424,89981714977 4407,90247807392 4399,54019011262 4396,2718877423 4396,33570620366 4402,25042238085 4410,08763297903 4426,29947191046 4446,28856518576 4467,21305649992 4490,69152709886 4515,41117247296 4542,42076968927 4568,60622652753 4584,32413226818 4608,14853262066 4640,68161740101 4674,33420426399 4707,77668949773 4742,4874479328 4781,31709044675 4815,16639410038 4841,71775449849 
4881,93155104881 4907,84124070311 4931,0832561696 4958,35303674969 4984,15321997134 5005,63237861531 5023,96520101627 5037,02483548061 5049,00705110315 5058,65459361793 5056,66439941136 5051,5601017779 5045,62931157278 5037,14095023896 5035,82995337934 5033,74668219922 5027,35130636783 5016,74379821626 5002,05239428355 4982,32757244355 4953,5539817257 4919,74677794824 4879,8421206999 4833,882366405 4786,5430797764 4735,60249998942 4678,63340976271 4629,56521561317 4580,82932311429 4531,32165304786 4484,4158359309 4447,30514788806 4413,77889067351 4385,73733913564 4367,08049432878 4356,16954652953 4354,93756048147 4366,69465233706 4389,60091043522 4413,11940073004 4434,74234361697 4455,9858936889 4474,5745491557 4493,99288584525 4518,65996806542 4541,89235286223 4547,74922015325 4562,68550988349 4589,85726927159 4617,78641902716 4640,96787706439 4663,13370336472 4686,46048554091 4711,89382334061 4740,97127766977 4770,29499313664 4802,99300286959 4844,0039221548 
4863,59138207715 4916,6487642666 4951,33239418572 4976,50900752943 4997,57353832312 5020,53101363531 5034,95732964303 5044,62180494029 5049,03141201213 5048,68409379238 5048,32394313441 5049,83579915669 5045,74198192995 5042,24226808186 5044,58439763422 5043,04297777354 5037,6677421027 5028,53585728509 5015,7499727294 4999,43595062776 4979,74095873742 4957,54332756277 4935,50703574859 4906,06245994666 4876,3708216154 4837,57547335136 4788,7749034531 4728,20050145748 4665,55184589314 4597,65389809003 4541,0661367624 4496,43168897633 4456,72529669979 4417,86973107282 4383,20534143476 4354,26877170864 4332,13054626272 4322,46622935898 4323,62843118816 4338,87777964088 4360,42320574019 4390,65139466347 4424,20939343454 4456,26396808291 4483,10866661459 4510,14225517608 4534,05714548211 4539,44809144541 4544,758540232 4561,81375097094 4591,53876272287 4619,21024439446 4641,8088250224 4657,35204973933 4670,33981483026 4679,84788471451 4694,17340940367 4709,20020821969 4723,27559620709 4745,92015206456 4777,19954546038 4816,70611924735 
4836,75751675673 4887,44192624878 4942,97581406432 4991,44079179226 5018,63777543282 5031,04863462164 5043,02628822528 5053,17235372644 5054,17680968595 5048,73652821922 5042,7401062617 5037,36530644899 5032,05981083553 5043,11577942973 5049,60147528483 5047,49045814933 5041,9920586817 5033,16695096108 5021,09843323497 5005,89087133236 4987,66815790952 4967,23078873643 4949,87792843941 4932,23029896859 4916,31377394141 4896,61187758463 4868,23757188507 4828,365082966 4776,73492270229 4718,49848628655 4653,69885719075 4588,32117178552 4526,47335805742 4472,22541809773 4431,34191411489 4393,34960317677 4358,3675734039 4327,70334968146 4307,7256782669 4296,94529956017 4300,01229941185 4317,25873498547 4340,98971370721 4367,37848636143 4394,20505841508 4430,60285453732 4469,90888924787 4508,7045918052 4540,55755452912 4546,96304653323 4557,94222137685 4577,24514279386 4605,20821283094 4634,4086428379 4656,92611545063 4669,4990827565 4679,63233740182 4686,19300988833 4692,4368174782 4697,24920593773 4689,07558720768 4692,33045373042 4704,88412951587 4725,75167505634 4754,99051450832 4792,24466275977 
4814,35115363865 4863,26826522987 4917,24772591913 4974,89832711171 5026,40512664635 5049,02377764231 5062,61153676695 5060,89772183164 5060,37343376354 5056,82468640872 5049,90828036939 5037,42753940167 5034,07641826869 5039,31400693233 5043,99339896711 5048,60027068085 5044,67233153483 5034,213097792 5020,78732081312 5004,49203429781 4985,44296480519 4965,70363187216 4949,53026301995 4933,83843004328 4921,19762115507 4908,67974758228 4893,25265135561 4867,14421704998 4829,45009724995 4788,48448020816 4738,93107576234 4678,87418691082 4619,90963382584 4560,98294408961 4498,17423588198 4431,34710113321 4385,20212561126 4346,95123522075 4314,68646002226 4290,9339181845 4275,64023536755 4277,44122230109 4288,50890376031 4305,1272596532 4328,09972252692 4357,44028079938 4390,26751593654 4423,38188135997 4464,19179607792 4509,24418141435 4530,7823412763 4549,05362869521 4577,50648748796 4621,13632165575 4653,41753210514 4677,57743210279 4692,38288678932 4702,6167334102 4707,10514160555 4708,65312694853 4708,78605993772 4701,27692877136 4691,38564657578 4684,50147898962 4680,58134120321 4690,33913610782 4709,24056403231 4736,48311885457 4771,74998643419 
4795,10754953414 4841,28976163217 4892,66102287112 4941,65325194929 4993,24687520969 5047,42754726917 5069,2469225861 5074,36171995996 5067,52505835636 5063,30405489899 5055,75572319047 5044,8673732205 5045,38738538454 5043,19209506287 5040,16197980483 5036,81848279231 5033,67839595609 5031,23505352292 5016,52696937792 4998,54658371342 4978,06074010518 4958,25841297246 4942,35707243118 4927,63695853913 4916,91246707695 4906,97267931806 4894,73185214439 4874,38234771418 4849,71343488497 4824,11679377591 4786,88936258096 4745,45511241423 4702,82492053544 4653,45923372276 4597,04806349523 4534,67470420104 4472,85257945872 4407,41692577273 4341,9967290984 4309,97478033786 4283,96697718083 4265,50822459031 4266,08215408835 4271,05292585044 4280,86433093216 4296,57536373277 4318,9435398636 4348,35315315001 4384,1421709189 4423,22608125819 4462,28580304314 4482,56110763561 4511,43125048136 4555,29924938789 4609,82465333954 4657,42012932305 4698,49785832845 4724,22423058152 4735,56216401292 4738,6890840653 4741,37928620096 4738,95937298345 4732,57380757343 4715,52525100531 4699,44033461631 4687,67751745423 4682,46765618735 4680,17483665742 4681,46983203429 4698,0132309572 4722,70358091634 4755,27129448537 
4779,72606224308 4822,35777156146 4864,52262509375 4909,56651518497 4958,86175497312 5005,80586205236 5049,79871095815 5074,87507954256 5079,62285261971 5072,93141068602 5060,55547307829 5057,84273325194 5059,43693407064 5054,81773462228 5044,35944048847 5033,24326994416 5022,00763175458 5011,18976802092 5001,30877607444 4989,80282824891 4967,25012865577 4946,93722722973 4930,51871227734 4915,86285121579 4905,86612812394 4897,44405403154 4887,34960284059 4870,80158961265 4849,05758309244 4827,02665351618 4803,40244719994 4777,63544578991 4744,8919720603 4713,6707529331 4678,4585183617 4631,03959172144 4574,25250739133 4514,77759024023 4451,94951986362 4388,79079596413 4327,24930749926 4285,84034994224 4268,29606913991 4265,48967478545 4265,30024215066 4269,0239784359 4277,8558385931 4292,78842601729 4314,51785930907 4343,37830532843 4378,9555230806 4421,15579978884 4443,84508932402 4464,09364815453 4503,37950000477 4566,55863421761 4633,45907906992 4690,29837899094 4733,07768598588 4761,15733801617 4778,31726118012 4783,28585143393 4778,36120462476 4772,66073834876 4761,05695453433 4737,50232284392 4716,5513454083 4700,83528073238 4688,89412222435 4682,93607204653 4682,32927851369 4684,72211217097 4692,32016525269 4714,04231314698 4743,35159790493 
4769,16539286929 4803,64899487901 4840,98274710761 4884,05040389101 4928,04933987718 4968,37017671885 5010,02061070143 5052,30517609353 5080,02663511959 5082,28655549566 5074,84581884119 5074,52723146536 5073,32738704419 5067,29571283382 5056,52410503322 5037,66575024775 5018,36848261501 4999,20357584769 4980,74449615468 4963,55108355931 4947,89965289829 4930,92247373676 4913,61253499393 4898,52332927231 4890,06175595716 4881,61777004277 4871,9811790645 4854,42810647211 4834,3173806987 4814,43937583691 4793,10532701006 4770,58108764769 4748,43009310688 4732,96252508242 4705,46415887611 4671,60178124721 4632,74603703555 4582,90222586334 4524,65188706666 4463,27203094727 4404,92607835482 4348,07826805989 4292,2137402406 4269,40158338078 4264,20944435413 4261,53686592508 4262,68848074872 4268,89283854995 4281,20200173131 4300,3928549774 4326,89061430233 4360,73752400089 4395,60952543392 4409,16186449595 4443,83786124664 4491,94595688461 4561,32325686696 4631,27195620369 4696,96733340255 4751,35342160741 4784,01137729807 4806,96658289157 4820,60387199096 4822,37521834036 4814,12086465884 4792,92924311656 4768,65606687928 4745,14239250147 4723,31994619242 4706,15274916048 4694,09485301893 4686,45961064549 4685,88262883527 4689,65464409664 4696,35289587019 4709,68023451862 4735,92307940366 
4758,92580556044 4787,42890446996 4822,97496971418 4862,50453179753 4897,69065023457 4935,57295171387 4974,99884117634 5017,03155298195 5058,01696574922 5080,77262363345 5095,86225462947 5097,48537312075 5088,56278889751 5078,80329046627 5064,19995922398 5045,00119260303 5017,66980830257 4989,88320648802 4962,58110283164 4936,18707578761 4916,42361218518 4905,71609742681 4892,35780760187 4879,50748657977 4870,61005466906 4861,15199196576 4848,46167516926 4828,43021778563 4809,34054340008 4790,91782053572 4770,13521059014 4750,35300039453 4734,19537521432 4722,13304420145 4706,29981862257 4680,19865226125 4647,05469622073 4609,5051417994 4562,24079856642 4506,08053462561 4450,21981383806 4394,32186923147 4346,32811932086 4305,05102315689 4264,73262243946 4258,67543514921 4255,89469644631 4257,71892994698 4265,35939058353 4279,80197075356 4301,70826812083 4331,3492790963 4353,36270006909 4366,37740367329 4402,20518525344 4465,80966692789 4542,04855718624 4611,59894490622 4679,39350805756 4737,72657704947 4786,07211588617 4822,07339275334 4842,45877008272 4853,60082996185 4855,53948807686 4839,29191305604 4809,9724826274 4781,19625984273 4757,47747721043 4735,39956447991 4715,85693891982 4702,61626462996 4694,39456180376 4691,0652799083 4695,49274585692 4703,40382784412 4714,05668544328 4732,78736462631 
4749,11508432647 4775,06246508196 4807,92798089161 4835,76206134629 4867,4144820477 4901,93493532091 4940,0121865031 4978,91866372877 5016,92957248893 5066,99387329062 5103,01898211908 5111,69109268634 5105,09505111147 5087,55179780786 5069,23718700021 5046,15760318925 5018,56478612096 4983,1271022318 4947,11876729058 4913,1909551302 4889,45263564767 4872,86566091959 4863,73597243491 4859,82859779964 4849,26143336543 4838,50581501648 4819,9560992768 4800,41516414237 4782,2535041167 4763,80033922513 4745,16911843638 4728,12635238145 4718,60336326275 4708,40205594381 4694,72696707908 4677,5676976109 4656,93228660253 4624,149025432 4586,20498599673 4548,78771984023 4498,02209297585 4447,01629828817 4403,42230701906 4363,35005143464 4321,43898589816 4277,77985701483 4259,3717021164 4257,3040883961 4260,52101531367 4270,15776729935 4287,08060374004 4311,79678982053 4320,75329417488 4331,76248986183 4368,99767595737 4434,66341617811 4514,45279301335 4592,95066997662 4664,32404653808 4719,11359357701 4770,86947573272 4814,59779398854 4850,62352366186 4870,80149116648 4879,50790130181 4872,99502105849 4853,19425910065 4827,06304945077 4796,69670180942 4771,10738757655 4749,25469555088 4729,82609427953 4713,77989687371 4705,19269232748 4701,31081797904 4702,65392706242 4711,68663501024 4723,27807554948 4734,30931305506 
4745,61698663638 4766,61455783581 4787,13891024535 4810,53308377246 4837,91474074422 4869,6046100382 4904,07804613716 4938,93252597271 4981,86745730815 5035,20912022621 5084,65091421148 5111,78057329987 5112,26202513045 5097,43327369356 5071,52231854108 5044,97469776557 5013,80948889275 4978,27807886334 4933,97841627478 4898,12659080708 4868,63495661281 4846,20173731891 4834,75450921329 4831,55480699062 4827,58717490336 4812,42760416279 4791,26300739958 4772,10111332306 4754,73338378157 4736,20790022929 4719,73992084536 4707,19726004421 4701,43594846419 4692,87952351843 4681,23333891986 4667,87987852123 4653,07441456706 4634,78364813708 4603,85849002779 4573,07682701336 4540,81374132174 4499,72913219862 4463,88978565864 4424,58057539646 4383,18795605961 4342,05406618091 4300,05730449336 4267,51445279597 4266,92955362854 4272,14041867037 4284,15233606191 4303,67146032872 4299,83608848369 4308,63280514586 4344,11488655156 4410,50065514699 4488,65301078516 4566,13459180085 4643,64702597577 4704,83950014877 4755,03351491473 4797,74278972455 4836,62446373931 4868,12064009926 4891,36480706328 4890,99239746566 4879,14294712822 4863,45952032763 4841,62545793168 4815,02211993934 4785,31088206039 4764,13065982942 4745,21705328342 4729,32991564815 4718,12665452271 4713,82486820724 4714,28878400701 4720,55022839347 4731,34188047372 4736,89178458277 
4750,1396049054 4755,43255454122 4769,42944369346 4788,69366187402 4812,95134547167 4841,67613601398 4871,96993425326 4908,24343708882 4960,43320551312 5009,72609626334 5055,30631243095 5096,4812990455 5109,23778062164 5099,02312166199 5073,15552512516 5038,48978088032 5002,58735005305 4961,49418134072 4922,59362004658 4882,39083222106 4848,57591649031 4824,52174064209 4810,17037957214 4800,99193527276 4795,67699315067 4778,87071303221 4757,90582745255 4739,31584803376 4720,56759041159 4703,94656938642 4690,44121137691 4686,68081978321 4680,751273365 4672,26663943892 4661,94529294995 4651,12073162268 4637,05003740832 4620,83972473593 4605,02718188777 4579,39447565901 4552,71319068114 4532,86254220272 4500,38419773918 4462,0560693399 4420,78401062526 4379,26036596514 4338,90533554546 4299,37374186786 4277,10721774253 4282,39864901255 4294,62964212514 4289,01114256631 4286,37073218696 4311,47932724306 4368,22038714431 4443,45619465246 4519,73115040765 4596,51998042258 4661,90649208098 4722,88818307445 4772,92750223699 4812,42052817494 4846,05246919112 4875,19620387279 4892,53634375412 4894,67790390524 4885,89775754937 4873,26209747511 4857,221998121 4834,84774753671 4808,75052807246 4781,76308465971 4763,02559628451 4747,10013340779 4734,64417328253 4727,74827946635 4727,32312584118 4731,60677395764 4732,77317597782 4739,97020020497 
4748,9222320525 4750,38490977927 4753,90454949759 4769,79353942127 4791,59299129286 4816,06775946437 4846,14339384751 4895,89347206843 4943,81414015036 4988,91896131465 5030,34114633969 5067,33521577311 5098,3225965635 5089,97407893701 5065,66384261016 5025,01657423555 4980,78607065203 4940,5414226357 4901,9864091076 4863,18664030975 4829,63934138125 4804,85510827732 4785,38755223197 4768,65047858694 4750,99285010293 4741,13005721386 4721,00544859791 4700,72628670153 4683,86427565682 4672,85632452515 4669,41471388824 4664,3165742425 4657,10831524434 4649,42213585314 4640,60041278013 4628,78545642974 4616,65689121064 4606,10090592692 4595,72947229837 4578,34252066667 4564,64543946505 4545,61066721222 4515,66808983903 4476,42763610522 4435,08004667129 4393,39237152232 4354,87776119146 4318,45170712746 4291,89165178861 4300,37158681688 4276,70334433745 4280,85627674125 4313,23145881806 4381,38497764178 4454,58170437768 4529,50879567818 4601,46237895644 4664,16986620101 4720,47510039849 4773,06515424497 4815,57637456977 4847,58570310783 4873,26847365649 4882,6973501362 4889,58138686851 4891,56286232068 4882,56868939718 4869,98218834476 4854,31357421451 4832,57215244614 4807,62322915488 4782,88740947428 4766,62421189765 4753,61174702097 4744,40788436106 4741,33921911307 4736,89305559551 4736,23819551166 4743,00328434366 
4742,02945689515 4743,26394005633 4745,22370122129 4752,84644498178 4769,69233847874 4791,47939374022 4836,47809681036 4880,90906572666 4923,65713069136 4963,71271789017 5000,17739379642 5032,26364894841 5059,29173498063 5069,99131246758 5047,42233103072 5007,25462123588 4961,72232365238 4921,69182703488 4882,94103738815 4849,93444726456 4816,58682345326 4786,74677553358 4758,1928592637 4730,59839101537 4711,16557807684 4699,53143909239 4685,4397672269 4667,80337362097 4658,52945158333 4654,71368973526 4649,86167421044 4643,46206012154 4638,04339310348 4630,9513968806 4621,24692810913 4613,39542202345 4606,35395937217 4599,71298804872 4598,48752254437 4594,37056894438 4579,34933145451 4559,54757927972 4533,32623053853 4494,51512846018 4454,61283823357 4414,62515681179 4379,64090154879 4348,15844833826 4298,72659807345 4279,46729906654 4290,40379480161 4335,59152731262 4401,83521232258 4471,49065274365 4543,6917003495 4606,52258145695 4665,03115217544 4719,00531373468 4767,72353414881 4810,72366619971 4845,28458536547 4861,24262105219 4869,28069365366 4878,10565565248 4884,59165584821 4886,60419819365 4877,78765632192 4865,73253420982 4850,9941342916 4830,57000059784 4807,53121464348 4785,81815136416 4772,57221862895 4762,85393758639 4751,40197384108 4743,56320553882 4742,45527039189 4742,87760204788 
4733,54184664901 4733,73406452307 4737,32032302907 4740,2346109145 4748,203968837 4786,25554437413 4825,05216020495 4863,42208062806 4900,26301302656 4934,56294733735 4965,41075115405 4991,99939798924 5013,62508273192 5029,68531364188 5017,94104358227 4988,45554475659 4947,7398563449 4904,48149800558 4870,40378346941 4838,25182313651 4805,65789915265 4765,77827586281 4728,49055221744 4699,24598708922 4677,35828468399 4662,41380793048 4656,8569433358 4649,58907635515 4644,64392129735 4639,35390183127 4633,47867103987 4629,49988642961 4623,69470824579 4616,47007406212 4612,19664592071 4608,41845871988 4605,29576131264 4610,24841626067 4612,87187588383 4610,89961795454 4595,3121346982 4575,66788298033 4552,66144488029 4517,48592216752 4480,51887973678 4444,73316536446 4413,94314534031 4351,03843521287 4308,23300833805 4314,34597984979 4368,01482932934 4428,7495556059 4493,67756113548 4556,47665112186 4613,10689512925 4666,51519538017 4715,97801804165 4760,92117537342 4800,870268649 4830,88741763393 4846,39664039474 4856,16421510375 4863,18865483468 4871,5294808561 4877,74372688881 4880,13533591392 4871,91263461667 4860,86919613368 4847,5855562106 4829,16040852028 4808,69388927068 4790,42723206474 4776,56963967496 4761,73191902679 4751,73254164505 4747,0245233819 4738,66346051917 
4726,01199362103 4723,79378236931 4725,99866403694 4728,89608632028 4753,13896026848 4782,68092971195 4815,64903603164 4848,17887922437 4879,15559587915 4907,54543173398 4932,41053733198 4952,9162879643 4968,33378319606 4978,60147896256 4987,75591688357 4962,88239728888 4927,70114243139 4887,46814991307 4853,75410270295 4819,37791778135 4776,53195575665 4733,08439150265 4696,09570517807 4665,12882057768 4643,57310390712 4634,89414622791 4639,83990136338 4637,32057576115 4630,70016786177 4626,42781428343 4621,97314957588 4616,12878184488 4613,49946788523 4612,0006968221 4611,41953378497 4618,00294423135 4624,16455151505 4626,65354536496 4625,62995524464 4619,45497798679 4601,88315882207 4581,38566088194 4558,24337442965 4524,00812790068 4487,43532837363 4424,70315779747 4383,19979673696 4365,62645495363 4383,14798852899 4437,42291259676 4497,04665076262 4552,26857362081 4604,44609398401 4654,235500295 4700,76873309771 4743,33345510519 4781,34600687805 4804,91815316292 4822,39272353709 4838,64321758361 4849,19238468822 4855,00128258636 4863,53701852669 4870,04911698929 4874,90487880403 4867,90812027794 4858,31412582158 4846,78760517604 4831,02173363756 4811,43752223332 4787,1766052833 4772,42377273858 4761,53108235455 4744,69002521798 4733,47127601891 
4719,05562283388 4713,80655395757 4713,6825851064 4737,79312885612 4760,02824028464 4779,76286606304 4806,56801680456 4833,28101994148 4858,2151276022 4880,28771427262 4898,51366032905 4912,01637716051 4924,09704678502 4936,8607310627 4947,95579405467 4937,01701332994 4907,80953490449 4866,73221961149 4821,49749839277 4777,14860428909 4736,00835619897 4693,51767850549 4657,45147019394 4634,31753519328 4626,59492529281 4625,38435046239 4629,61617411723 4626,68354418705 4621,71207944633 4616,66278900034 4615,62447235531 4615,98122661183 4618,14346818212 4629,00100715346 4636,56633126058 4640,72035435276 4641,53259074841 4639,25747338072 4634,3294238879 4619,03442431921 4600,00729351864 4580,08192185395 4524,24093797896 4474,14070461878 4442,84706973274 4446,44590242751 4460,76530569524 4485,16041873292 4535,17174169098 4583,31928002344 4630,25926639126 4674,90748029969 4716,34258411178 4753,7950484814 4774,72368067987 4793,78151499151 4811,50354143451 4827,38031844788 4840,0265797414 4847,35683606327 4854,14849603203 4861,43649896572 4867,07923256326 4865,06165289786 4857,19442890007 4847,5778246818 4827,15887755719 4804,2659500616 4783,03294597937 4762,34489808623 4743,46264285977 4727,38650158047 
4710,44896540407 4706,93052968216 4723,51945268228 4741,55392430782 4761,34499613074 4778,26289244301 4793,18433063903 4813,37047764044 4831,5110255488 4846,48980621703 4857,7021450483 4871,7311437896 4884,78979599231 4898,34811747851 4912,9519898023 4913,40541707277 4879,90061873065 4831,46513079079 4782,71388905222 4739,12325813695 4699,21063981278 4664,72212372237 4642,47186485302 4627,90556855494 4620,28936256187 4622,00819078104 4628,50717841089 4624,47922727942 4623,80555699367 4625,17576803358 4632,09304617791 4643,22567728033 4651,64842416809 4657,10604315756 4659,55287682954 4659,14994876946 4656,2595374704 4651,43652329392 4641,40742404647 4606,84538870843 4566,69693130025 4534,66772990861 4524,68105095318 4526,29042644299 4538,90770959894 4553,29623293847 4569,2086444437 4611,51345562569 4652,72762180408 4691,73678773659 4724,98223214471 4745,14608410717 4764,52757464363 4782,82576579305 4799,78236932739 4814,01166935771 4828,65658654952 4837,94631314022 4843,02123036104 4851,0541222337 4857,46240033568 4860,35694697164 4849,01564445379 4833,81977233772 4817,30520678334 4790,73728797291 4760,65579703017 4739,895296463 4723,99848059809 
4710,51310283934 4718,34133348329 4729,90415383949 4743,16107229265 4756,64562947593 4770,36139440521 4780,22217206634 4788,49584869918 4799,02577349746 4810,76080734148 4823,92692928915 4836,65463067562 4853,51908166235 4867,25212476128 4874,85299476923 4873,19840451305 4841,65014202925 4796,80322070492 4747,3754318194 4710,48313290334 4684,11355718027 4660,23588135398 4639,68931719578 4629,00963488272 4624,71655170737 4628,48505812271 4639,56009528626 4641,01363562784 4651,14057005888 4661,58206322712 4670,10213467186 4676,29536416289 4679,98096314299 4681,20304771328 4680,22628058208 4677,52667394152 4662,43769691627 4634,04304157877 4607,77311535836 4602,19988069277 4604,22633365934 4605,99710193841 4608,59768935271 4614,97308739175 4625,57077216171 4638,05567713443 4671,28683969803 4698,09923376182 4717,62017152068 4736,73584653812 4755,09807921932 4772,3999222175 4788,37982960709 4802,82833270094 4815,26013094826 4826,40358074371 4832,99003098342 4838,92122472413 4842,45087237214 4840,96588800811 4831,86514151998 4813,53850198045 4790,7716617792 4763,63705613132 4737,53018189782 4717,72383692893 
4723,55469298119 4727,9569251264 4733,80637257484 4741,5539550857 4749,90440938192 4756,98061221457 4762,72010964799 4765,75508346356 4773,61129617134 4785,54458742196 4802,20386900142 4817,0908344507 4825,91351341507 4827,29092792821 4826,05149305273 4820,34304304063 4796,48910837602 4760,59004653379 4722,35906811952 4695,00250717026 4673,81393339599 4656,12854542026 4643,09239037338 4640,19747760632 4645,03114820226 4661,95545966453 4679,00371355469 4687,58438803915 4694,87510369842 4700,39421126093 4703,91221351492 4705,45525260563 4705,30049458999 4682,56418944378 4661,20087237358 4653,3078080363 4659,25848322022 4662,98839678005 4668,02164447763 4670,02526946034 4670,00377923261 4672,89675673483 4679,76084056994 4681,01659848897 4687,64576436706 4706,44746170474 4724,98034876841 4742,85595647055 4759,73392789748 4775,32662029761 4789,40483263164 4801,80221946319 4812,28959766135 4819,83065093977 4818,14748074297 4817,77521077687 4812,58228822191 4801,30356060779 4781,03633478122 4760,77576621405 4737,54031466082 4725,34187178875 
4738,31673589594 4733,55523006591 4734,97512371216 4736,95633441472 4738,41374144157 4741,20554428982 4745,86456942085 4752,68876112914 4762,18059993745 4772,93298581652 4780,33576553165 4783,83955876411 4784,63442837041 4781,79584585972 4778,9791042111 4778,14901117709 4772,9419226239 4744,18302464659 4713,51641285596 4691,23931940745 4678,59009474658 4671,68767545999 4674,38446155494 4683,92827490711 4697,4533123027 4713,01525450428 4723,72236621911 4728,36465257755 4731,63691446129 4723,2229273654 4703,92257574089 4691,144338186 4691,57468035143 4696,57235737465 4703,18930018389 4710,15935644514 4713,83236930002 4718,08609508491 4720,86885913923 4712,38681141384 4705,2174971667 4702,38720405426 4701,80641313377 4715,09509341562 4732,2367750221 4748,47104263572 4763,48458669766 4777,03029010068 4787,71416319869 4791,59174182785 4793,40470296355 4789,29168272729 4779,27002849707 4769,92562630661 4760,70137419676 4748,9276688256 4745,85927990624 4742,98815435817 
4744,88686310487 4741,28016729434 4735,5607494757 4731,95127280847 4733,03214770023 4737,74220395107 4744,26501714691 4748,80774612894 4750,19169256583 4750,30354404019 4747,37768386526 4748,78351267291 4751,13877575623 4751,5883059944 4751,22080616119 4748,86048020189 4745,9557377706 4741,28318215377 4725,16504528314 4714,32221922497 4713,5375600296 4718,04722079405 4724,70576794416 4733,22261820367 4743,52314175997 4744,80054387321 4738,09182295128 4729,47256509314 4726,51410683049 4726,55544028347 4726,37911172758 4728,43404097874 4732,51442348323 4738,20678233611 4740,20490149967 4739,65251269206 4736,08278541366 4733,54995355438 4728,62148856582 4725,66704614878 4725,95090484729 4728,76678858202 4738,97009828806 4750,27072556491 4758,25123160041 4762,24189208283 4760,46018198507 4755,67505167542 4748,88344505919 4740,58488478375 4741,48242175477 4742,52848850341 4745,6122602431 4747,93292670392 
3307,44179358625 3307,44179358625 3307,44179358625 3307,44179358625 3307,44179358625 3307,44179358625 3307,44179358625 3307,44179358625 3307,44179358625 3307,44179358625 3307,44179358625 3307,44179358625 3307,44179358625 3307,44179358625 3307,44179358625 3307,44179358625 3307,44179358625 3307,44179358625 3307,44179358625 3307,44179358625 3307,44179358625 3307,44179358625 3307,44179358625 3307,44179358625 3307,44179358625 3307,44179358625 3307,44179358625 3307,44179358625 3307,44179358625 3307,44179358625 3307,44179358625 3307,44179358625 3307,44179358625 3307,44179358625 3307,44179358625 3307,44179358625 3307,44179358625 3307,44179358625 3307,44179358625 3307,44179358625 3307,44179358625 3307,44179358625 3307,44179358625 3307,44179358625 3307,44179358625 3307,44179358625 3307,44179358625 3307,44179358625 3307,44179358625 
3307,44179358625 3307,44179358625 3307,44179358625 3307,44179358625 3307,44179358625 3307,44179358625 3307,44179358625 3307,44179358625 3307,44179358625 3307,44179358625 3307,44179358625 3307,44179358625 3307,44179358625 3307,44179358625 3307,44179358625 3307,44179358625 3307,44179358625 3307,44179358625 3307,44179358625 3307,44179358625 3307,44179358625 3307,44179358625 3307,44179358625 3307,44179358625 3307,44179358625 3307,44179358625 3307,44179358625 3307,44179358625 3307,44179358625 3307,44179358625 3307,44179358625 3307,44179358625 3307,44179358625 3307,44179358625 3307,44179358625 3307,44179358625 3307,44179358625 3307,44179358625 3307,44179358625 3307,44179358625 3307,44179358625 3307,44179358625 3307,44179358625 3307,44179358625 
3307,44179358625 3307,44179358625 3307,44179358625 3307,44179358625 3307,44179358625 3307,44179358625 3307,44179358625 3307,44179358625 3307,44179358625 3307,44179358625 3307,44179358625 3307,44179358625 3307,44179358625 3307,44179358625 3307,44179358625 3307,44179358625 3307,44179358625 3307,44179358625 3307,44179358625 3307,44179358625 3307,44179358625 3307,44179358625 3307,44179358625 3307,44179358625 3307,44179358625 3307,44179358625 3307,44179358625 3307,44179358625 3307,44179358625 3307,44179358625 3307,44179358625 3307,44179358625 3307,44179358625 3307,44179358625 3307,44179358625 3307,44179358625 3307,44179358625 3307,44179358625 3307,44179358625 
3307,44179358625 3307,44179358625 3307,44179358625 3307,44179358625 3307,44179358625 3307,44179358625 3307,44179358625 3307,44179358625 3307,44179358625 3307,44179358625 3307,44179358625 3307,44179358625 3307,44179358625 3307,44179358625 3307,44179358625 3307,44179358625 3307,44179358625 3307,44179358625 3307,44179358625 3307,44179358625 3307,44179358625 3307,44179358625 3307,44179358625 3307,44179358625 3307,44179358625 3307,44179358625 3307,44179358625 3307,44179358625 3307,44179358625 3307,44179358625 3307,44179358625 3307,44179358625 3307,44179358625 
3307,44179358625 3307,44179358625 3307,44179358625 3307,44179358625 3307,44179358625 3307,44179358625 3307,44179358625 3307,44179358625 3307,44179358625 3307,44179358625 3307,44179358625 3307,44179358625 3307,44179358625 3307,44179358625 3307,44179358625 3307,44179358625 3307,44179358625 3307,44179358625 3307,44179358625 3307,44179358625 3307,44179358625 3307,44179358625 3307,44179358625 3307,44179358625 3307,44179358625 3307,44179358625 3307,44179358625 
3307,44179358625 3307,44179358625 3307,44179358625 3307,44179358625 3307,44179358625 3307,44179358625 3307,44179358625 3307,44179358625 3307,44179358625 3307,44179358625 3307,44179358625 3307,44179358625 3307,44179358625 3307,44179358625 3307,44179358625 3307,44179358625 3307,44179358625 3307,44179358625 3307,44179358625 3307,44179358625 3307,44179358625 
3307,44179358625 3307,44179358625 3307,44179358625 3307,44179358625 3307,44179358625 3307,44179358625 3307,44179358625 3307,44179358625 3307,44179358625 3307,44179358625 3307,44179358625 3307,44179358625 3307,44179358625 3307,44179358625 3307,44179358625 
3307,44179358625 3307,44179358625 3307,44179358625 3307,44179358625 3307,44179358625 3307,44179358625 3307,44179358625 3307,44179358625 3307,44179358625 
3307,44179358625 3307,44179358625 3307,44179358625 
