40 80 86
3,90932E003	3,90996E003	3,90971E003	
3,90929E003	3,90876E003	3,90927E003	3,90967E003	3,91055E003	3,91041E003	3,91075E003	3,90965E003	3,90896E003	
3,90808E003	3,90919E003	3,90967E003	3,90783E003	3,90775E003	3,91007E003	3,90999E003	3,91005E003	3,91153E003	3,91129E003	3,91064E003	3,91143E003	3,90934E003	3,90889E003	3,90905E003	
3,90784E003	3,90746E003	3,90972E003	3,91019E003	3,90801E003	3,90563E003	3,90703E003	3,91017E003	3,91019E003	3,90950E003	3,90966E003	3,91146E003	3,91264E003	3,91231E003	3,91194E003	3,91137E003	3,91048E003	3,90922E003	3,90933E003	3,90938E003	3,90870E003	
3,90752E003	3,90680E003	3,90752E003	3,91023E003	3,91050E003	3,90845E003	3,90563E003	3,90409E003	3,90702E003	3,91002E003	3,91024E003	3,90960E003	3,90912E003	3,90941E003	3,91126E003	3,91303E003	3,91352E003	3,91378E003	3,91349E003	3,91185E003	3,91049E003	3,90990E003	3,90930E003	3,90990E003	3,91037E003	3,90901E003	3,90843E003	
3,90714E003	3,90666E003	3,90636E003	3,90765E003	3,91042E003	3,91069E003	3,90885E003	3,90593E003	3,90192E003	3,89387E003	3,90683E003	3,90952E003	3,91007E003	3,90940E003	3,90897E003	3,90876E003	3,90930E003	3,91111E003	3,91279E003	3,91448E003	3,91467E003	3,91529E003	3,91529E003	3,91328E003	3,91011E003	3,90968E003	3,90952E003	3,90957E003	3,91051E003	3,91117E003	3,91017E003	3,90876E003	3,90819E003	
3,90694E003	3,90661E003	3,90587E003	3,90638E003	3,90787E003	3,91036E003	3,91071E003	3,90909E003	3,90644E003	3,90175E003	3,87921E003	3,89041E003	3,90645E003	3,90877E003	3,90975E003	3,90903E003	3,90867E003	3,90855E003	3,90846E003	3,90927E003	3,91092E003	3,91267E003	3,91468E003	3,91568E003	3,91618E003	3,91692E003	3,91720E003	3,91486E003	3,91097E003	3,90898E003	3,90914E003	3,90925E003	3,90991E003	3,91100E003	3,91192E003	3,91140E003	3,90988E003	3,90859E003	3,90802E003	
3,90672E003	3,90637E003	3,90574E003	3,90556E003	3,90646E003	3,90814E003	3,91021E003	3,91053E003	3,90884E003	3,90615E003	3,89472E003	3,86983E003	3,86259E003	3,90375E003	3,90671E003	3,90849E003	3,90919E003	3,90842E003	3,90811E003	3,90806E003	3,90814E003	3,90832E003	3,91019E003	3,91177E003	3,91356E003	3,91564E003	3,91685E003	3,91761E003	3,91842E003	3,91919E003	3,91758E003	3,91371E003	3,90986E003	3,90818E003	3,90865E003	3,90906E003	3,90988E003	3,91146E003	3,91265E003	3,91266E003	3,91129E003	3,90968E003	3,90846E003	3,90784E003	
3,90656E003	3,90607E003	3,90570E003	3,90518E003	3,90538E003	3,90653E003	3,90827E003	3,91001E003	3,91022E003	3,90850E003	3,90587E003	3,89050E003	3,86248E003	3,85001E003	3,86908E003	3,90442E003	3,90649E003	3,90822E003	3,90837E003	3,90781E003	3,90749E003	3,90749E003	3,90770E003	3,90785E003	3,90930E003	3,91106E003	3,91267E003	3,91463E003	3,91660E003	3,91797E003	3,91900E003	3,91993E003	3,92095E003	3,92039E003	3,91680E003	3,91228E003	3,90867E003	3,90743E003	3,90817E003	3,90887E003	3,90977E003	3,91195E003	3,91311E003	3,91380E003	3,91275E003	3,91123E003	3,90952E003	3,90838E003	3,90769E003	
3,90649E003	3,90591E003	3,90568E003	3,90504E003	3,90475E003	3,90544E003	3,90653E003	3,90815E003	3,90972E003	3,90989E003	3,90813E003	3,90561E003	3,88762E003	3,85712E003	3,84079E003	3,84631E003	3,87810E003	3,90458E003	3,90602E003	3,90780E003	3,90753E003	3,90715E003	3,90683E003	3,90688E003	3,90718E003	3,90747E003	3,90824E003	3,91023E003	3,91181E003	3,91357E003	3,91573E003	3,91753E003	3,91903E003	3,92031E003	3,92125E003	3,92231E003	3,92263E003	3,91986E003	3,91525E003	3,91091E003	3,90754E003	3,90676E003	3,90769E003	3,90862E003	3,90958E003	3,91227E003	3,91361E003	3,91471E003	3,91415E003	3,91275E003	3,91115E003	3,90940E003	3,90832E003	3,90758E003	
3,90640E003	3,90580E003	3,90559E003	3,90488E003	3,90441E003	3,90454E003	3,90547E003	3,90653E003	3,90821E003	3,90956E003	3,90933E003	3,90733E003	3,90461E003	3,87586E003	3,84493E003	3,82949E003	3,83383E003	3,85911E003	3,89315E003	3,90465E003	3,90631E003	3,90715E003	3,90648E003	3,90632E003	3,90608E003	3,90637E003	3,90679E003	3,90718E003	3,90822E003	3,91029E003	3,91194E003	3,91362E003	3,91585E003	3,91776E003	3,91958E003	3,92122E003	3,92245E003	3,92344E003	3,92459E003	3,92379E003	3,92011E003	3,91508E003	3,91058E003	3,90708E003	3,90596E003	3,90700E003	3,90812E003	3,90910E003	3,91187E003	3,91389E003	3,91507E003	3,91561E003	3,91432E003	3,91285E003	3,91119E003	3,90936E003	3,90829E003	3,90750E003	
3,90636E003	3,90576E003	3,90538E003	3,90482E003	3,90433E003	3,90395E003	3,90461E003	3,90529E003	3,90638E003	3,90827E003	3,90930E003	3,90871E003	3,90649E003	3,90160E003	3,86583E003	3,83482E003	3,82089E003	3,82423E003	3,84511E003	3,87349E003	3,89675E003	3,90469E003	3,90631E003	3,90605E003	3,90570E003	3,90543E003	3,90546E003	3,90590E003	3,90648E003	3,90697E003	3,90826E003	3,91035E003	3,91200E003	3,91361E003	3,91588E003	3,91789E003	3,91981E003	3,92167E003	3,92330E003	3,92431E003	3,92548E003	3,92638E003	3,92447E003	3,91991E003	3,91486E003	3,91023E003	3,90664E003	3,90521E003	3,90624E003	3,90752E003	3,90878E003	3,91114E003	3,91402E003	3,91542E003	3,91649E003	3,91592E003	3,91439E003	3,91286E003	3,91121E003	3,90932E003	3,90828E003	3,90744E003	
3,90639E003	3,90581E003	3,90525E003	3,90483E003	3,90437E003	3,89980E003	3,90276E003	3,90453E003	3,90512E003	3,90641E003	3,90823E003	3,90896E003	3,90790E003	3,90576E003	3,89051E003	3,85803E003	3,82758E003	3,81514E003	3,81757E003	3,83603E003	3,85555E003	3,88054E003	3,89453E003	3,90499E003	3,90551E003	3,90503E003	3,90495E003	3,90472E003	3,90503E003	3,90550E003	3,90620E003	3,90680E003	3,90832E003	3,91037E003	3,91205E003	3,91356E003	3,91581E003	3,91793E003	3,91980E003	3,92179E003	3,92383E003	3,92512E003	3,92617E003	3,92738E003	3,92736E003	3,92467E003	3,91949E003	3,91457E003	3,90987E003	3,90624E003	3,90456E003	3,90554E003	3,90684E003	3,90837E003	3,91034E003	3,91361E003	3,91558E003	3,91672E003	3,91723E003	3,91592E003	3,91446E003	3,91285E003	3,91117E003	3,90928E003	3,90828E003	3,90741E003	
3,90642E003	3,90580E003	3,90512E003	3,90486E003	3,90437E003	3,89838E003	3,89488E003	3,90350E003	3,90422E003	3,90494E003	3,90685E003	3,90829E003	3,90860E003	3,90671E003	3,90440E003	3,87423E003	3,84388E003	3,81569E003	3,80752E003	3,81682E003	3,83166E003	3,84792E003	3,86936E003	3,88185E003	3,90410E003	3,90473E003	3,90437E003	3,90426E003	3,90405E003	3,90428E003	3,90482E003	3,90555E003	3,90622E003	3,90742E003	3,90928E003	3,91133E003	3,91294E003	3,91463E003	3,91716E003	3,91901E003	3,92098E003	3,92315E003	3,92529E003	3,92651E003	3,92767E003	3,92887E003	3,92876E003	3,92596E003	3,92077E003	3,91558E003	3,91075E003	3,90664E003	3,90409E003	3,90456E003	3,90586E003	3,90746E003	3,90933E003	3,91236E003	3,91535E003	3,91681E003	3,91787E003	3,91759E003	3,91608E003	3,91463E003	3,91296E003	3,91122E003	3,90929E003	3,90826E003	3,90737E003	
3,90644E003	3,90583E003	3,90513E003	3,90492E003	3,90443E003	3,89918E003	3,89086E003	3,89490E003	3,89941E003	3,90393E003	3,90527E003	3,90726E003	3,90824E003	3,90763E003	3,90559E003	3,89289E003	3,86027E003	3,82957E003	3,80824E003	3,80258E003	3,81869E003	3,82955E003	3,84179E003	3,85960E003	3,87077E003	3,89463E003	3,90398E003	3,90214E003	3,90001E003	3,89698E003	3,89952E003	3,90422E003	3,90489E003	3,90567E003	3,90665E003	3,90841E003	3,91040E003	3,91219E003	3,91381E003	3,91578E003	3,91823E003	3,92001E003	3,92208E003	3,92436E003	3,92652E003	3,92768E003	3,92890E003	3,93008E003	3,92988E003	3,92701E003	3,92187E003	3,91655E003	3,91171E003	3,90721E003	3,90423E003	3,89951E003	3,90485E003	3,90643E003	3,90837E003	3,91090E003	3,91427E003	3,91676E003	3,91797E003	3,91863E003	3,91766E003	3,91615E003	3,91469E003	3,91300E003	3,91122E003	3,90930E003	3,90825E003	3,90735E003	
3,90649E003	3,90592E003	3,90521E003	3,90488E003	3,90455E003	3,90162E003	3,88943E003	3,88952E003	3,89398E003	3,89528E003	3,90393E003	3,90584E003	3,90748E003	3,90807E003	3,90664E003	3,90449E003	3,87819E003	3,85019E003	3,82059E003	3,80586E003	3,80392E003	3,82225E003	3,82896E003	3,83757E003	3,85150E003	3,86190E003	3,88459E003	3,89520E003	3,89427E003	3,89284E003	3,88971E003	3,89166E003	3,90003E003	3,90431E003	3,90516E003	3,90601E003	3,90757E003	3,90938E003	3,91141E003	3,91300E003	3,91455E003	3,91700E003	3,91902E003	3,92086E003	3,92299E003	3,92537E003	3,92749E003	3,92863E003	3,92984E003	3,93099E003	3,93067E003	3,92783E003	3,92287E003	3,91742E003	3,91261E003	3,90798E003	3,90454E003	3,88973E003	3,90393E003	3,90547E003	3,90731E003	3,90970E003	3,91281E003	3,91598E003	3,91774E003	3,91880E003	3,91885E003	3,91760E003	3,91610E003	3,91465E003	3,91297E003	3,91118E003	3,90928E003	3,90824E003	3,90735E003	
3,90651E003	3,90599E003	3,90525E003	3,90483E003	3,90463E003	3,90299E003	3,88964E003	3,88536E003	3,88889E003	3,88838E003	3,89189E003	3,90465E003	3,90665E003	3,90778E003	3,90717E003	3,90523E003	3,89013E003	3,86128E003	3,83287E003	3,80861E003	3,80394E003	3,81401E003	3,82683E003	3,82736E003	3,83856E003	3,84540E003	3,86181E003	3,88064E003	3,88584E003	3,88636E003	3,88562E003	3,88267E003	3,88619E003	3,89598E003	3,90411E003	3,90498E003	3,90592E003	3,90766E003	3,90944E003	3,91145E003	3,91304E003	3,91462E003	3,91695E003	3,91906E003	3,92086E003	3,92296E003	3,92542E003	3,92779E003	3,92906E003	3,93030E003	3,93159E003	3,93178E003	3,92972E003	3,92552E003	3,91977E003	3,91478E003	3,90994E003	3,90577E003	3,89191E003	3,88719E003	3,90413E003	3,90585E003	3,90808E003	3,91085E003	3,91414E003	3,91708E003	3,91850E003	3,91929E003	3,91909E003	3,91765E003	3,91614E003	3,91469E003	3,91300E003	3,91120E003	3,90930E003	3,90821E003	3,90733E003	
3,90651E003	3,90602E003	3,90526E003	3,90476E003	3,90468E003	3,90349E003	3,88945E003	3,88307E003	3,88444E003	3,88345E003	3,88308E003	3,90300E003	3,90604E003	3,90735E003	3,90730E003	3,90550E003	3,89495E003	3,86660E003	3,83900E003	3,81336E003	3,80492E003	3,81060E003	3,82576E003	3,82683E003	3,82942E003	3,83699E003	3,84684E003	3,86747E003	3,87704E003	3,87962E003	3,87992E003	3,87656E003	3,87828E003	3,88703E003	3,89703E003	3,90440E003	3,90533E003	3,90677E003	3,90859E003	3,91044E003	3,91226E003	3,91394E003	3,91562E003	3,91830E003	3,92005E003	3,92200E003	3,92434E003	3,92694E003	3,92904E003	3,93024E003	3,93153E003	3,93263E003	3,93205E003	3,92912E003	3,92415E003	3,91841E003	3,91343E003	3,90863E003	3,90473E003	3,88086E003	3,88391E003	3,90406E003	3,90595E003	3,90852E003	3,91154E003	3,91488E003	3,91774E003	3,91908E003	3,91971E003	3,91928E003	3,91780E003	3,91628E003	3,91481E003	3,91310E003	3,91128E003	3,90935E003	3,90818E003	3,90729E003	
3,90652E003	3,90606E003	3,90532E003	3,90474E003	3,90479E003	3,90401E003	3,89086E003	3,88260E003	3,88218E003	3,88081E003	3,87734E003	3,89309E003	3,90548E003	3,90693E003	3,90730E003	3,90584E003	3,89997E003	3,87368E003	3,84853E003	3,82139E003	3,80847E003	3,81092E003	3,82814E003	3,83074E003	3,82691E003	3,83262E003	3,83695E003	3,85567E003	3,86908E003	3,87456E003	3,87706E003	3,87415E003	3,87282E003	3,87944E003	3,88971E003	3,90247E003	3,90473E003	3,90590E003	3,90783E003	3,90955E003	3,91149E003	3,91311E003	3,91476E003	3,91697E003	3,91912E003	3,92090E003	3,92300E003	3,92561E003	3,92816E003	3,92982E003	3,93113E003	3,93251E003	3,93298E003	3,93159E003	3,92795E003	3,92246E003	3,91702E003	3,91204E003	3,90734E003	3,90217E003	3,87258E003	3,88250E003	3,90413E003	3,90618E003	3,90906E003	3,91219E003	3,91552E003	3,91825E003	3,91950E003	3,91991E003	3,91929E003	3,91780E003	3,91628E003	3,91482E003	3,91311E003	3,91130E003	3,90937E003	3,90814E003	3,90726E003	
3,90657E003	3,90612E003	3,90544E003	3,90478E003	3,90495E003	3,90419E003	3,89402E003	3,88394E003	3,88221E003	3,88030E003	3,87465E003	3,88579E003	3,90483E003	3,90658E003	3,90727E003	3,90623E003	3,90412E003	3,88224E003	3,85803E003	3,83166E003	3,81538E003	3,81373E003	3,83191E003	3,83755E003	3,83131E003	3,83057E003	3,83325E003	3,84853E003	3,86309E003	3,86916E003	3,87304E003	3,87458E003	3,87129E003	3,87486E003	3,88486E003	3,89598E003	3,90432E003	3,90533E003	3,90697E003	3,90876E003	3,91047E003	3,91226E003	3,91389E003	3,91551E003	3,91805E003	3,91979E003	3,92164E003	3,92391E003	3,92664E003	3,92901E003	3,93036E003	3,93166E003	3,93296E003	3,93271E003	3,93055E003	3,92626E003	3,92064E003	3,91551E003	3,91068E003	3,90624E003	3,89011E003	3,86831E003	3,88335E003	3,90432E003	3,90655E003	3,90964E003	3,91275E003	3,91603E003	3,91860E003	3,91975E003	3,91984E003	3,91914E003	3,91765E003	3,91616E003	3,91472E003	3,91304E003	3,91126E003	3,90936E003	3,90809E003	3,90724E003	
3,90659E003	3,90615E003	3,90550E003	3,90480E003	3,90507E003	3,90432E003	3,89623E003	3,88564E003	3,88250E003	3,88019E003	3,87312E003	3,88328E003	3,90465E003	3,90649E003	3,90723E003	3,90630E003	3,90418E003	3,88513E003	3,86212E003	3,83688E003	3,82115E003	3,82150E003	3,83951E003	3,84407E003	3,83604E003	3,83200E003	3,83356E003	3,84832E003	3,86140E003	3,86749E003	3,87287E003	3,87462E003	3,87111E003	3,87481E003	3,88501E003	3,89620E003	3,90432E003	3,90536E003	3,90707E003	3,90885E003	3,91048E003	3,91226E003	3,91385E003	3,91551E003	3,91792E003	3,91966E003	3,92148E003	3,92377E003	3,92656E003	3,92892E003	3,93034E003	3,93168E003	3,93295E003	3,93259E003	3,93040E003	3,92606E003	3,92054E003	3,91537E003	3,91055E003	3,90612E003	3,88874E003	3,86513E003	3,87952E003	3,90410E003	3,90640E003	3,90963E003	3,91276E003	3,91601E003	3,91862E003	3,91975E003	3,91976E003	3,91905E003	3,91760E003	3,91611E003	3,91468E003	3,91302E003	3,91127E003	3,90936E003	3,90803E003	3,90719E003	
3,90658E003	3,90615E003	3,90552E003	3,90481E003	3,90516E003	3,90438E003	3,89754E003	3,88740E003	3,88288E003	3,87971E003	3,87258E003	3,88491E003	3,90483E003	3,90674E003	3,90720E003	3,90609E003	3,90398E003	3,88369E003	3,85940E003	3,83708E003	3,82687E003	3,83450E003	3,84907E003	3,84829E003	3,83754E003	3,83298E003	3,83821E003	3,85504E003	3,86146E003	3,86974E003	3,87605E003	3,87259E003	3,87281E003	3,88046E003	3,88974E003	3,90349E003	3,90479E003	3,90619E003	3,90813E003	3,90971E003	3,91141E003	3,91302E003	3,91466E003	3,91676E003	3,91874E003	3,92047E003	3,92253E003	3,92525E003	3,92794E003	3,92971E003	3,93112E003	3,93247E003	3,93274E003	3,93121E003	3,92738E003	3,92208E003	3,91659E003	3,91162E003	3,90706E003	3,89643E003	3,86712E003	3,87068E003	3,89689E003	3,90570E003	3,90899E003	3,91227E003	3,91544E003	3,91832E003	3,91964E003	3,91969E003	3,91901E003	3,91763E003	3,91614E003	3,91470E003	3,91303E003	3,91132E003	3,90939E003	3,90795E003	3,90712E003	
3,90660E003	3,90617E003	3,90557E003	3,90494E003	3,90529E003	3,90451E003	3,90028E003	3,89025E003	3,88514E003	3,88016E003	3,87459E003	3,88939E003	3,90519E003	3,90700E003	3,90724E003	3,90585E003	3,90311E003	3,88394E003	3,86013E003	3,84165E003	3,83477E003	3,85052E003	3,85967E003	3,85311E003	3,84212E003	3,83762E003	3,84874E003	3,86142E003	3,86472E003	3,87508E003	3,87970E003	3,87559E003	3,87838E003	3,88779E003	3,89839E003	3,90443E003	3,90546E003	3,90727E003	3,90902E003	3,91052E003	3,91223E003	3,91373E003	3,91552E003	3,91765E003	3,91938E003	3,92121E003	3,92369E003	3,92653E003	3,92874E003	3,93019E003	3,93164E003	3,93247E003	3,93135E003	3,92831E003	3,92334E003	3,91790E003	3,91275E003	3,90814E003	3,90418E003	3,87289E003	3,86439E003	3,88849E003	3,90509E003	3,90825E003	3,91172E003	3,91472E003	3,91779E003	3,91939E003	3,91950E003	3,91883E003	3,91751E003	3,91603E003	3,91461E003	3,91296E003	3,91130E003	3,90938E003	3,90787E003	3,90705E003	
3,90663E003	3,90622E003	3,90568E003	3,90511E003	3,90546E003	3,90471E003	3,90395E003	3,89472E003	3,88906E003	3,88268E003	3,87938E003	3,89672E003	3,90567E003	3,90723E003	3,90729E003	3,90566E003	3,90404E003	3,88693E003	3,86388E003	3,84921E003	3,84768E003	3,86626E003	3,87016E003	3,85918E003	3,84763E003	3,84685E003	3,85985E003	3,86774E003	3,87493E003	3,88461E003	3,88290E003	3,88174E003	3,88809E003	3,89623E003	3,90425E003	3,90508E003	3,90649E003	3,90836E003	3,90980E003	3,91124E003	3,91283E003	3,91439E003	3,91641E003	3,91816E003	3,91983E003	3,92196E003	3,92475E003	3,92725E003	3,92895E003	3,93040E003	3,93162E003	3,93101E003	3,92874E003	3,92420E003	3,91902E003	3,91383E003	3,90925E003	3,90511E003	3,88046E003	3,86262E003	3,88269E003	3,90455E003	3,90755E003	3,91116E003	3,91399E003	3,91704E003	3,91898E003	3,91918E003	3,91849E003	3,91726E003	3,91580E003	3,91440E003	3,91281E003	3,91121E003	3,90934E003	3,90779E003	3,90700E003	
3,90665E003	3,90627E003	3,90575E003	3,90531E003	3,90560E003	3,90487E003	3,90415E003	3,89912E003	3,89290E003	3,88492E003	3,88564E003	3,90429E003	3,90649E003	3,90755E003	3,90719E003	3,90518E003	3,90396E003	3,88321E003	3,86403E003	3,85624E003	3,87038E003	3,88037E003	3,87469E003	3,85977E003	3,85202E003	3,86340E003	3,87302E003	3,87685E003	3,88918E003	3,89103E003	3,88792E003	3,89293E003	3,90027E003	3,90446E003	3,90525E003	3,90663E003	3,90847E003	3,90986E003	3,91118E003	3,91275E003	3,91432E003	3,91617E003	3,91788E003	3,91952E003	3,92180E003	3,92462E003	3,92691E003	3,92856E003	3,93006E003	3,93078E003	3,92954E003	3,92638E003	3,92159E003	3,91638E003	3,91144E003	3,90709E003	3,89813E003	3,87032E003	3,87094E003	3,89916E003	3,90615E003	3,90990E003	3,91285E003	3,91589E003	3,91829E003	3,91882E003	3,91815E003	3,91716E003	3,91566E003	3,91424E003	3,91275E003	3,91115E003	3,90933E003	3,90771E003	3,90694E003	
3,90665E003	3,90630E003	3,90577E003	3,90553E003	3,90570E003	3,90502E003	3,90436E003	3,90141E003	3,89592E003	3,88761E003	3,89714E003	3,90546E003	3,90745E003	3,90772E003	3,90626E003	3,90478E003	3,89834E003	3,87755E003	3,86793E003	3,87751E003	3,89020E003	3,88552E003	3,86982E003	3,85965E003	3,87142E003	3,87941E003	3,88425E003	3,89765E003	3,89673E003	3,89570E003	3,90165E003	3,90429E003	3,90502E003	3,90590E003	3,90768E003	3,90928E003	3,91052E003	3,91197E003	3,91339E003	3,91524E003	3,91687E003	3,91848E003	3,92054E003	3,92334E003	3,92581E003	3,92761E003	3,92918E003	3,92989E003	3,92858E003	3,92527E003	3,92050E003	3,91526E003	3,91039E003	3,90617E003	3,89040E003	3,86639E003	3,87989E003	3,90447E003	3,90768E003	3,91136E003	3,91411E003	3,91705E003	3,91836E003	3,91794E003	3,91704E003	3,91565E003	3,91417E003	3,91276E003	3,91113E003	3,90937E003	3,90762E003	3,90687E003	
3,90667E003	3,90634E003	3,90583E003	3,90580E003	3,90585E003	3,90525E003	3,90460E003	3,90402E003	3,89874E003	3,89573E003	3,90460E003	3,90695E003	3,90800E003	3,90748E003	3,90564E003	3,90459E003	3,89265E003	3,88117E003	3,88543E003	3,90072E003	3,89760E003	3,88204E003	3,86916E003	3,88115E003	3,88680E003	3,89298E003	3,90413E003	3,90399E003	3,90398E003	3,90441E003	3,90496E003	3,90563E003	3,90686E003	3,90864E003	3,90994E003	3,91106E003	3,91250E003	3,91424E003	3,91572E003	3,91733E003	3,91914E003	3,92186E003	3,92446E003	3,92642E003	3,92802E003	3,92871E003	3,92737E003	3,92396E003	3,91928E003	3,91402E003	3,90936E003	3,90535E003	3,88586E003	3,86808E003	3,89150E003	3,90563E003	3,90944E003	3,91251E003	3,91540E003	3,91770E003	3,91762E003	3,91677E003	3,91553E003	3,91406E003	3,91267E003	3,91109E003	3,90941E003	3,90754E003	3,90680E003	
3,90672E003	3,90643E003	3,90594E003	3,90609E003	3,90606E003	3,90555E003	3,90491E003	3,90443E003	3,90393E003	3,90420E003	3,90595E003	3,90790E003	3,90826E003	3,90673E003	3,90550E003	3,90418E003	3,89455E003	3,89481E003	3,90444E003	3,90435E003	3,89514E003	3,88064E003	3,89278E003	3,89569E003	3,90349E003	3,90482E003	3,90461E003	3,90473E003	3,90507E003	3,90567E003	3,90635E003	3,90798E003	3,90944E003	3,91043E003	3,91174E003	3,91313E003	3,91455E003	3,91613E003	3,91771E003	3,92021E003	3,92291E003	3,92499E003	3,92662E003	3,92729E003	3,92591E003	3,92246E003	3,91797E003	3,91279E003	3,90842E003	3,90472E003	3,88345E003	3,87663E003	3,90405E003	3,90719E003	3,91092E003	3,91356E003	3,91630E003	3,91717E003	3,91629E003	3,91537E003	3,91388E003	3,91249E003	3,91098E003	3,90943E003	3,90759E003	3,90675E003	
3,90676E003	3,90649E003	3,90617E003	3,90638E003	3,90630E003	3,90584E003	3,90516E003	3,90462E003	3,90440E003	3,90549E003	3,90778E003	3,90857E003	3,90753E003	3,90616E003	3,90490E003	3,90406E003	3,90423E003	3,90523E003	3,90498E003	3,90028E003	3,89508E003	3,90401E003	3,90414E003	3,90513E003	3,90538E003	3,90525E003	3,90552E003	3,90602E003	3,90658E003	3,90809E003	3,90951E003	3,91037E003	3,91160E003	3,91306E003	3,91426E003	3,91579E003	3,91762E003	3,92035E003	3,92272E003	3,92467E003	3,92597E003	3,92523E003	3,92239E003	3,91800E003	3,91304E003	3,90857E003	3,90493E003	3,88670E003	3,88218E003	3,90464E003	3,90825E003	3,91164E003	3,91420E003	3,91648E003	3,91615E003	3,91516E003	3,91386E003	3,91240E003	3,91101E003	3,90947E003	3,90767E003	3,90668E003	
3,90680E003	3,90663E003	3,90648E003	3,90674E003	3,90662E003	3,90614E003	3,90545E003	3,90505E003	3,90544E003	3,90732E003	3,90871E003	3,90829E003	3,90685E003	3,90566E003	3,90485E003	3,90522E003	3,90605E003	3,90556E003	3,90407E003	3,90440E003	3,90461E003	3,90513E003	3,90607E003	3,90595E003	3,90610E003	3,90642E003	3,90687E003	3,90822E003	3,90959E003	3,91032E003	3,91144E003	3,91294E003	3,91391E003	3,91538E003	3,91753E003	3,92020E003	3,92248E003	3,92418E003	3,92417E003	3,92192E003	3,91795E003	3,91324E003	3,90875E003	3,90524E003	3,89152E003	3,88942E003	3,90544E003	3,90925E003	3,91222E003	3,91477E003	3,91586E003	3,91480E003	3,91383E003	3,91232E003	3,91098E003	3,90948E003	3,90776E003	3,90666E003	
3,90689E003	3,90680E003	3,90684E003	3,90716E003	3,90703E003	3,90636E003	3,90574E003	3,90567E003	3,90682E003	3,90871E003	3,90878E003	3,90760E003	3,90644E003	3,90566E003	3,90620E003	3,90678E003	3,90608E003	3,90477E003	3,90535E003	3,90544E003	3,90643E003	3,90672E003	3,90672E003	3,90688E003	3,90722E003	3,90839E003	3,90964E003	3,91026E003	3,91126E003	3,91256E003	3,91350E003	3,91503E003	3,91743E003	3,91987E003	3,92203E003	3,92276E003	3,92121E003	3,91767E003	3,91343E003	3,90895E003	3,90559E003	3,89788E003	3,89834E003	3,90643E003	3,91013E003	3,91268E003	3,91492E003	3,91456E003	3,91357E003	3,91226E003	3,91089E003	3,90950E003	3,90790E003	3,90671E003	
3,90701E003	3,90693E003	3,90717E003	3,90759E003	3,90733E003	3,90649E003	3,90622E003	3,90685E003	3,90873E003	3,90907E003	3,90805E003	3,90689E003	3,90638E003	3,90731E003	3,90729E003	3,90587E003	3,90585E003	3,90595E003	3,90683E003	3,90732E003	3,90732E003	3,90746E003	3,90781E003	3,90918E003	3,91003E003	3,91052E003	3,91187E003	3,91253E003	3,91401E003	3,91634E003	3,91880E003	3,92098E003	3,92094E003	3,91842E003	3,91478E003	3,91023E003	3,90666E003	3,90420E003	3,90134E003	3,90672E003	3,91040E003	3,91279E003	3,91442E003	3,91345E003	3,91240E003	3,91094E003	3,90963E003	3,90813E003	3,90677E003	
3,90718E003	3,90732E003	3,90756E003	3,90803E003	3,90747E003	3,90677E003	3,90705E003	3,90854E003	3,90926E003	3,90849E003	3,90745E003	3,90759E003	3,90815E003	3,90734E003	3,90638E003	3,90645E003	3,90722E003	3,90790E003	3,90786E003	3,90793E003	3,90864E003	3,90977E003	3,91015E003	3,91112E003	3,91177E003	3,91301E003	3,91521E003	3,91776E003	3,91967E003	3,91876E003	3,91569E003	3,91176E003	3,90770E003	3,90511E003	3,90411E003	3,90711E003	3,91066E003	3,91287E003	3,91351E003	3,91227E003	3,91107E003	3,90976E003	3,90834E003	3,90690E003	
3,90741E003	3,90779E003	3,90811E003	3,90838E003	3,90744E003	3,90744E003	3,90837E003	3,90934E003	3,90881E003	3,90806E003	3,90866E003	3,90863E003	3,90733E003	3,90695E003	3,90757E003	3,90842E003	3,90839E003	3,90839E003	3,90937E003	3,90999E003	3,91033E003	3,91109E003	3,91204E003	3,91410E003	3,91679E003	3,91802E003	3,91601E003	3,91289E003	3,90890E003	3,90612E003	3,90476E003	3,90750E003	3,91089E003	3,91264E003	3,91232E003	3,91123E003	3,90988E003	3,90857E003	3,90726E003	
3,90766E003	3,90822E003	3,90885E003	3,90825E003	3,90784E003	3,90838E003	3,90951E003	3,90892E003	3,90918E003	3,90930E003	3,90815E003	3,90738E003	3,90809E003	3,90889E003	3,90872E003	3,90945E003	3,90997E003	3,91035E003	3,91076E003	3,91236E003	3,91489E003	3,91662E003	3,91445E003	3,91133E003	3,90777E003	3,90556E003	3,90708E003	3,91066E003	3,91207E003	3,91142E003	3,91023E003	3,90890E003	3,90764E003	
3,90801E003	3,90876E003	3,90912E003	3,90821E003	3,90840E003	3,90965E003	3,90952E003	3,90997E003	3,90890E003	3,90774E003	3,90859E003	3,90913E003	3,90954E003	3,90996E003	3,91007E003	3,91070E003	3,91295E003	3,91519E003	3,91297E003	3,90988E003	3,90697E003	3,90681E003	3,91043E003	3,91141E003	3,91055E003	3,90927E003	3,90813E003	
3,90855E003	3,90939E003	3,90884E003	3,90832E003	3,90984E003	3,91069E003	3,90960E003	3,90808E003	3,90910E003	3,90964E003	3,90991E003	3,90980E003	3,91126E003	3,91358E003	3,91147E003	3,90884E003	3,90735E003	3,91013E003	3,91080E003	3,90982E003	3,90863E003	
3,90917E003	3,90938E003	3,90844E003	3,91092E003	3,91020E003	3,90834E003	3,90967E003	3,90995E003	3,91006E003	3,91180E003	3,91018E003	3,90852E003	3,90947E003	3,91023E003	3,90919E003	
3,90960E003	3,90904E003	3,91071E003	3,90892E003	3,90981E003	3,91028E003	3,90965E003	3,90931E003	3,90987E003	
3,20955E003	3,20955E003	3,20955E003	
