40 80 50
4837,28582520101 4827,10888094427 4818,65414578966 
4838,76298500462 4855,23896877388 4857,74814986147 4846,11872038577 4827,07909733116 4809,00781947122 4798,83662876395 4801,35208765691 4816,93854995591 
4839,27057782906 4859,83070431997 4874,01318741179 4879,00348992262 4874,3987325105 4861,98217675966 4844,80371787268 4826,07116572211 4808,40964749503 4793,78048610104 4783,86952864289 4780,39013293234 4784,8091397114 4797,49707269279 4816,87239408266 
4840,45049378794 4862,23245833554 4880,4943412978 4893,06164535882 4898,64744025933 4897,00531453397 4888,8668010658 4875,69461190695 4859,31922032646 4841,55488987103 4823,90165603287 4807,41746627671 4792,78569664187 4780,52582623962 4771,23342439262 4765,71927203903 4764,95548977387 4769,81700663379 4780,70175341832 4797,18306963461 4817,85377872144 
4842,69498991329 4864,8056344113 4884,7146188531 4900,83754826961 4911,97778382585 4917,44266443627 4917,08943347669 4911,30131089621 4900,90053854603 4887,01130332832 4870,89208086367 4853,76347293679 4836,66172984607 4820,34652283435 4805,28176785425 4791,69129758872 4779,67167040916 4769,32879342309 4760,89815180297 4661,21338253905 4558,52221127287 4577,00114391656 4732,13019773785 4766,63599744275 4780,81308073803 4799,03370832145 4820,17652923906 
4846,32098140269 4868,28215720383 4888,74506276597 4906,53201185347 4920,65844202585 4930,4052845138 4935,36386225939 4935,45257017144 4930,90609743574 4922,23902899904 4910,18687006455 4895,62914667976 4879,50129723813 4862,70436954962 4846,02345557586 4830,06634197943 4815,23208679432 4801,71486873961 4789,54223783203 4778,6403803883 4768,91389032331 4760,32493704272 4601,07882089264 4391,16037986536 4219,44405924806 4138,01242631602 4199,52824279878 4399,4741209318 4690,0567385143 4768,0483076378 4783,99323657644 4802,98500588289 4824,13590140876 
4851,57333123292 4873,04632478715 4893,43381764887 4911,83832801858 4927,46792176387 4939,68128099879 4948,02028447561 4952,22974565551 4952,26447057782 4948,28401145986 4940,63565450292 4929,82643641374 4916,48539639477 4901,3178811589 4885,0545601753 4868,39882772704 4851,97725918825 4836,29838590038 4821,7248587033 4808,46285132814 4796,57039506621 4785,98364723902 4776,55747332612 4768,11472162959 4760,49751957827 4622,64525827952 4407,45300482911 4181,7673050855 3960,3291571225 3778,72247765388 3717,74398833987 3851,90287836929 4114,26279988556 4442,8035783809 4759,20148252537 4773,15165340298 4789,9711472799 4809,14393393766 4829,96174881924 
4859,45282832292 4881,09544144366 4901,82235895778 4920,87419233603 4937,56284774443 4951,30377365676 4961,64075578824 4968,26318390415 4971,01595919745 4969,90224410529 4965,0792310199 4956,84711542955 4945,63153078723 4931,95984047514 4916,43190910981 4899,68633978594 4882,363701338 4865,06894423221 4848,33587248035 4832,59697542408 4818,16189665092 4805,20719365527 4793,77885515572 4783,80749946749 4775,13458966041 4767,54668303619 4760,81390087236 4658,56346636627 4469,29008646381 4264,07591699425 4030,12626910942 3760,49389974034 3447,94312742524 3255,52659687888 3220,89058142232 3364,4654199193 3754,71004597149 4162,61974728689 4547,66113294053 4763,8431722575 4779,10482601263 4796,84181658727 4816,57529552484 4837,6861788073 
4869,34908357015 4890,68162351636 4911,22589881125 4930,34095201205 4947,43479401246 4961,98772359 4973,5709991132 4981,86088871025 4986,6482610674 4987,84387222315 4985,47944655193 4979,70460719353 4970,7797037295 4959,06460378695 4945,00355017375 4929,10624956329 4911,92549372635 4894,03186728006 4875,98648497877 4858,31318559421 4841,47208200008 4825,8366821445 4811,67681592434 4799,14925253509 4788,29718987077 4779,05885508799 4771,28444858137 4764,75977701295 4759,23429708255 4649,6973528436 4506,2206249093 4358,53549755363 4194,67912754816 4008,54790885519 3790,135682915 3513,11852423022 3285,96446165168 3175,17095320918 3170,28369227625 3300,31568352937 3658,47133479169 4068,22495249761 4442,11172783066 4759,41820060421 4773,02306987488 4789,04077520274 4807,16352617758 4826,95866794845 4847,89056807264 
4877,7402967618 4898,19811223128 4918,49834614445 4937,20402103273 4954,61313955045 4970,2910785516 4983,90420165737 4993,757645409 4999,77858511024 5001,74576478021 5000,70566205063 4995,45232157082 4987,53465494179 4977,41498788256 4965,48422865158 4953,5886150767 4940,52692344484 4925,53181551987 4908,65947564029 4889,81681566739 4870,36030480258 4850,68554819719 4831,70840416061 4816,9868903341 4803,90773105695 4792,82725479463 4782,95461191865 4772,71311594367 4764,27440834809 4730,80149542475 4567,5209038691 4475,84760561552 4427,85945153143 4420,59040752015 4404,47318611911 4348,69706238769 4283,08771232627 4156,04406358827 4062,21352673449 3972,90191903309 3848,73500114917 3758,53586782967 3721,54862811347 3815,27266719154 3955,67318219327 3932,10481831431 4169,82108758738 4535,24276055179 4763,05356477792 4777,85782274085 4795,67848089286 4817,25787156752 4838,59020351114 4858,42077434456 
4882,6458364276 4904,128956794 4924,64750675884 4944,99619108149 4963,74643976124 4979,67251204588 4992,95332093084 5002,62166511308 5009,83406421027 5013,94124788152 5011,73890305416 5006,51323616256 4998,68697297193 4988,59739116941 4979,49922604647 4969,3486341306 4957,38652915716 4943,97408973996 4929,49040983418 4913,95476317048 4896,43111468472 4878,58308107573 4860,12906982203 4841,59545126948 4824,52294913625 4808,08798040706 4791,74053813202 4779,096933463 4768,398559665 4758,88942347869 4542,39116113903 4399,66187890119 4275,93993337642 4184,78557817147 4168,10050732598 4183,99913057694 4248,74432388572 4372,76506342602 4529,60580499346 4615,64645984563 4631,36769264992 4603,71363037757 4514,22943817819 4405,67630448167 4352,74417056208 4281,02176702624 3882,63780296642 3614,30846092262 3767,15174206185 4021,00449290153 4261,84800736194 4528,66298398727 4760,47329429343 4773,26731157399 4789,67042920522 4808,45028080252 4830,3361668989 4856,71052517602 
4872,44123158332 4905,1228419654 4930,46464637908 4951,86507316152 4970,79965244843 4988,22893508166 5001,10046412736 5010,46001924674 5015,94742754697 5017,4827444552 5016,88823481205 5014,28695656295 5007,85294131379 4999,83823532609 4992,28881712338 4982,52963049451 4970,83953481752 4957,53324637962 4942,95259985556 4927,45667115179 4911,41088849228 4895,35663643437 4880,55745289866 4864,79236579855 4850,65918614468 4835,17641402787 4818,40076479697 4799,71797293437 4782,30066453391 4765,7393787941 4643,02397507577 4418,4392132937 4255,78326236961 4091,74809636892 3978,23618223268 3918,32944271627 3902,91813404687 3999,33564106975 4136,98158355581 4339,11360059727 4506,92430563368 4678,58848789238 4760,29003087244 4763,63863546604 4764,23447932027 4764,12690046333 4762,50053540738 4633,81268487683 4321,90183332217 4136,92373629285 4127,50570235976 4182,99468072168 4259,22185653907 4316,83221368308 4417,67776040929 4543,28535624093 4758,44884835204 4768,20086207499 4779,82089749212 4796,26049033655 4817,41891621909 4842,98220680099 
4858,85848671915 4890,17237355934 4923,97644268973 4955,02199016557 4976,95855643121 4992,8282695711 5006,30771432092 5016,74159905331 5021,56739277218 5022,2338743907 5020,35314815156 5016,41215517954 5010,6884909339 5008,22084812732 5002,78408751477 4993,35432562373 4981,93683116548 4968,79654369035 4954,22981077905 4938,55746994593 4922,11692429806 4905,40876599607 4890,5905720729 4876,72149539459 4864,67070292856 4852,84048932454 4839,95431721031 4824,685398958 4807,47698094057 4790,63164057533 4774,29964435839 4759,47040087382 4440,46702403307 4108,06646005322 3910,23538126494 3762,93044696875 3644,55616613054 3571,90924601605 3674,62627257437 3836,16830097898 4061,88115200176 4318,38563015251 4519,01216931004 4674,05796455777 4758,87797152719 4763,96242908632 4769,19998457339 4773,655581537 4775,13447316029 4767,01020769503 4760,24097967592 4705,97993629509 4652,2995256101 4663,87381880036 4655,3617879739 4585,24849061586 4543,63189485738 4515,71088041881 4548,55357760463 4632,46526972843 4641,86157033113 4760,05694567453 4770,91043164713 4786,40523749798 4806,44594590526 4830,74901251979 
4847,24177419015 4877,61174034215 4910,5747600658 4945,38576916675 4978,23946675416 4998,30403716398 5013,85511913376 5021,79339797847 5027,10568221689 5029,02043834656 5027,00630490384 5021,36416908676 5016,66268178383 5012,9245957315 5007,55787798561 5000,85415643728 4990,13197641145 4976,4199550535 4961,18958268551 4944,73991687026 4927,39216712934 4910,05082472745 4894,53180219971 4880,00761024449 4867,54681737983 4856,42835052247 4845,85930833185 4832,80768780914 4817,94371783763 4804,40262224582 4790,23709534099 4774,91422462685 4762,88953009722 4599,6716426047 4217,37548551677 3604,04958539891 3285,17494100928 3177,11719764157 3171,69860448045 3265,70113615321 3460,29333314403 3869,52780718262 4154,75972729524 4363,69740366901 4536,63468969079 4694,13633714886 4760,57678181644 4764,58364602134 4769,95408169529 4776,16485001742 4773,68698032067 4769,51103759352 4768,79550500242 4771,99605815357 4772,45905329656 4771,30195148283 4768,57986401008 4765,38492197448 4761,26794171573 4745,78622970157 4671,0724337047 4564,96208992262 4488,61861053195 4510,0174045298 4624,91035679327 4763,32032552997 4777,8320983927 4796,85802626595 4820,13611072964 
4837,24512590016 4866,11084274823 4897,6247112887 4929,01949233962 4961,45728938562 4994,6603498755 5013,63155216897 5024,75032573495 5029,96161940562 5032,35989206951 5031,22145789987 5026,8015384496 5023,7861052168 5018,3624383535 5011,20769365102 5002,58997041474 4992,81185587626 4982,20334737227 4966,63339013157 4949,53146569745 4931,42002697082 4913,54698503763 4897,37419395471 4882,19822162687 4869,17374549142 4857,51744122018 4846,45077287857 4833,66991524861 4821,06714439588 4810,22309969175 4797,72904574833 4786,20391311493 4776,76124009941 4767,40162651342 4753,79500704399 4441,04183408515 4073,57557951206 3441,35455566303 3099,9990017816 3075,15139634559 3071,05714567673 3172,37807921607 3661,07153903096 3998,71889003266 4213,75070313834 4383,46553093957 4533,71449330766 4683,61926453068 4760,53870199751 4765,80670980825 4770,64764792703 4768,15411311467 4767,80871557009 4772,58081507034 4779,84425326791 4785,38682271123 4789,9173409336 4790,44748830037 4786,63975506124 4780,66381128479 4775,79073007749 4770,16657972905 4764,26772296985 4715,77679301892 4522,12989226859 4413,28034646965 4449,76587615886 4579,57846585874 4758,92850516551 4772,17700105875 4789,82770635869 4811,64562252042 
4829,26033090377 4856,14986957085 4883,85139897618 4913,00193885114 4943,78340876336 4973,43854238508 5001,47255292006 5020,75838207757 5030,11238588566 5033,39478913133 5032,3636074705 5031,55369525294 5029,96537424809 5024,50864577574 5015,70438502295 5005,33764469365 4993,68383127775 4981,04887527403 4967,76305137759 4953,14679146281 4934,38061990927 4916,18402698912 4899,45647250574 4883,68928231397 4870,05465437395 4857,82621340939 4846,19717928226 4833,33121694126 4820,04840806665 4808,63359741396 4798,66682054078 4789,95751100072 4781,14826638877 4775,57059574096 4770,58342173264 4763,13144309459 4652,24936858811 4389,10464436718 4025,11630284392 3433,71499150556 3067,35500813323 3128,33936260259 3082,73069321897 3481,09606856005 3866,87657861182 4085,09607974414 4250,34863117571 4389,78448768065 4521,6590197908 4659,95164857299 4759,65085002799 4765,4844741943 4764,29944530349 4761,75633579078 4765,06768234571 4775,46840309753 4787,59607003775 4797,70206339072 4804,11397123125 4806,39390040457 4805,33964731952 4800,44889872422 4792,58620155481 4785,59691314028 4777,70099578618 4766,70275193231 4747,14807375014 4563,36984603907 4454,76042600425 4470,41970294659 4606,51380845391 4759,71936763099 4769,58380094074 4785,57600205762 4805,58203143622 
4823,56930342991 4847,1905753868 4872,52951187678 4900,23909991559 4928,32363250787 4954,75312714506 4981,29215954591 5007,3500326337 5025,74599176202 5032,70535553603 5034,49559782852 5036,01714330563 5034,50372965967 5029,51631651625 5021,10619912114 5008,62444920631 4994,75878765547 4979,80528463512 4964,08802871321 4947,95270695503 4931,59530895839 4914,4051838384 4897,07395560707 4880,72377718641 4866,99226334345 4854,06200980411 4841,78129965578 4827,51903732314 4813,870045336 4802,20939494589 4792,00146824041 4783,39335651825 4776,97649317553 4775,2452624357 4771,41638209295 4767,21846179735 4763,14795928561 4729,1242131568 4479,58493441566 4181,9496120321 3844,96389884607 3332,06084776486 3065,61963057771 3115,06965872922 3493,12244976833 3831,25057947482 4026,58506499671 4174,26108466304 4302,7000297625 4426,13190439364 4556,65927481644 4703,01852090368 4759,81316501379 4678,33281546086 4729,04542387859 4763,16427826094 4775,12890459638 4788,55477824346 4802,29759610311 4813,98045105633 4818,39630473838 4819,90476244126 4818,59501402579 4813,48536982342 4805,30165729386 4793,32521654254 4781,51002948547 4770,71009870107 4761,32266607344 4660,33343774046 4552,80476756839 4539,69331119111 4656,6098095339 4761,30698826905 4770,46473257371 4783,20604233899 4801,56580256085 
4818,77722648696 4839,79566825314 4863,84504345346 4889,62254227561 4913,71978328702 4938,62458317707 4963,76317789322 4988,45863996681 5012,32406707446 5027,915879796 5037,38591270551 5040,56905229972 5038,1256705807 5032,57595278981 5023,54738194731 5011,15856479102 4994,75358329556 4977,07899779896 4958,57304120194 4939,51281925233 4921,85456274984 4906,67831214966 4890,33355558626 4874,27162397367 4859,95371604138 4846,23309018888 4832,24013763654 4816,54571051003 4802,94133014144 4791,49148618174 4781,16495080387 4773,28959952116 4768,95421978448 4768,21437371608 4767,74523052046 4765,5255810666 4762,98623387007 4760,36281611459 4685,61022272153 4464,61838659435 4238,26439267285 3977,71632863044 3724,2409181785 3515,12161325729 3270,05396404755 3609,59532068326 3852,51209686863 4005,3977147652 4131,94345394096 4253,92546995152 4381,27106802683 4521,74145702861 4526,08064375663 4375,02266617476 4449,46306544413 4758,71104368528 4772,36129604747 4785,74466649383 4800,13154995326 4813,05014672552 4823,57775405255 4830,37118490142 4831,77662237672 4830,34980982664 4826,09145453621 4815,84821134516 4801,36302548209 4787,72770066139 4776,91329387757 4767,50058554752 4759,84954103216 4693,43258253526 4667,34707631001 4735,58194242776 4763,58488080281 4772,70658923761 4784,18689256751 4799,59609035415 
4815,0101769349 4834,2444808446 4856,48408212206 4877,01807422894 4898,96021383897 4921,81406259948 4944,93042585374 4967,86214721036 4990,11057918721 5015,41626407264 5033,68630041322 5039,91059217829 5039,21947247589 5032,76964514627 5023,24192545287 5010,32724392457 4994,16498783042 4974,22170403572 4953,14006006127 4931,83441420245 4913,17725489219 4896,26873905671 4881,42785855558 4868,08878501703 4852,99750710576 4838,58122058234 4821,92835178982 4806,24851695602 4792,77619282041 4781,06050263255 4771,26000488982 4764,11196791275 4762,03859510165 4761,57294008682 4761,52485104808 4761,82733726168 4762,70774604354 4760,86402594706 4758,41686128953 4729,78315532023 4560,0178868799 4389,49234313812 4294,8235284327 4189,07897044958 4008,91608307543 3704,59703337801 3706,73974850962 3873,74712296298 3993,89798268221 4106,15810495452 4226,93529704619 4362,35474593697 4231,58883419712 4027,07646383315 4169,50133300157 4586,74225584209 4767,05270731327 4782,99882756917 4798,58096931796 4810,55857189835 4822,15410026682 4831,85722865208 4839,7014004094 4842,05862691404 4840,58877590182 4834,19611628821 4823,30500058874 4810,32010675758 4796,14896744501 4784,63979476013 4775,40448426222 4767,88069515897 4762,44621963154 4761,20972145288 4762,92387335663 4767,72203688104 4776,66256621545 4787,8939087803 4800,30124792258 
4814,12124311724 4830,64873219535 4847,27574780246 4865,13876450191 4884,5071762491 4904,80059210826 4925,53451828171 4946,25454589128 4969,04537287167 4994,62179069072 5018,57014462776 5032,74359789178 5035,10648299787 5030,54514096764 5020,25764877071 5007,0174003884 4990,57109620688 4971,07959977951 4947,62680099944 4926,18126736475 4906,07100973448 4887,66732897735 4872,35601959624 4859,55516269574 4846,67580740327 4830,49498368323 4812,81952956466 4797,28456868075 4784,03238721861 4772,13984594902 4762,92721582849 4736,63730053009 4704,63752264726 4694,3349827769 4701,51554028627 4743,11403120878 4759,62823829029 4761,46541885108 4760,41174818675 4760,13963997868 4759,82258191795 4726,39783233742 4681,20482585792 4601,91454830968 4480,33546173677 4304,92372636122 4053,23286532977 3811,0047686688 3920,81646535013 4016,77927560617 4121,30091424828 4244,37565970884 3933,72745788654 3632,06350154537 3869,711125992 4408,03800863511 4761,93719197742 4777,76977714959 4795,19586013306 4809,16899237458 4820,46496630152 4829,97657537408 4838,77492796038 4845,75423528607 4850,46439419532 4846,67063324166 4838,98289907868 4830,04910269599 4819,05502931428 4806,6389246328 4793,53523403505 4784,66402311231 4777,42277858416 4772,09656671241 4769,41341542805 4770,64308326795 4774,75863108049 4782,08128917859 4792,40742335646 4802,30472273787 
4816,34314685956 4826,56095426098 4839,84267102614 4855,25633191149 4872,17098845157 4890,08661649382 4908,59215716615 4928,76139707888 4953,49218022042 4977,18172294171 4999,34720736028 5019,55038969872 5027,21882303018 5024,65089332842 5015,0625714369 5000,3923220038 4982,8786388713 4962,0970896134 4940,5948135778 4917,84757989108 4896,49613163114 4877,70161353251 4861,63418003689 4847,1682854288 4834,02222765543 4816,96544876238 4799,80969197058 4784,95455396867 4771,67938141494 4760,98729101435 4615,16128682275 4554,40743582451 4525,04866728528 4523,69797966864 4561,03114273575 4642,56340482359 4715,99244580783 4759,03342031943 4762,23438144819 4762,96659925256 4763,7340574603 4766,5238173403 4765,03696307701 4761,71171305242 4743,26418364643 4581,13808104732 4373,21216402233 4094,50729820645 3911,53612616902 3996,92687577165 4097,90150245254 3790,04140224801 3239,22218610345 3311,29512129634 4032,11807589258 4594,38236440899 4768,0753815426 4785,0505837071 4800,01388688638 4814,413446764 4826,1238992819 4835,10206773034 4842,69996821844 4849,3357343679 4852,56553504684 4850,69265270983 4844,49369330066 4837,03705562206 4828,55553634387 4818,00373430113 4806,48110415236 4795,20974004456 4788,04399406752 4782,70736586657 4779,42865968116 4779,16954243923 4782,5860655363 4788,79253953755 4795,29676008715 4804,88785997276 
4816,93081492365 4824,84146515922 4833,82659193986 4846,85820458539 4861,40933263366 4877,11400346756 4894,59233056039 4917,85996085664 4940,64836605719 4962,42587459475 4982,6986530048 5001,01807439732 5016,58100783355 5014,81340935312 5005,91576101591 4989,85416862494 4970,07721126475 4949,75229088571 4928,53026384963 4906,07910152889 4884,67144021515 4865,60131445044 4848,04224173225 4831,16129647231 4813,79655178493 4799,79720600373 4783,79535204692 4769,2951640434 4753,16283415015 4513,98929282854 4421,49080518321 4368,81182730057 4355,71403133666 4411,31107018187 4501,90590495995 4588,53278571848 4696,50457479561 4760,31704127059 4764,99846957639 4767,86206556514 4771,82372035184 4773,98198086533 4772,40568573072 4767,73503437141 4762,30327196893 4707,05230234386 4492,15113586906 4228,84395569761 3962,12052089939 4027,73384139839 3203,02225876235 3066,43321847523 3183,86319094569 4102,09137123725 4649,33102384891 4770,23925152341 4786,68004465232 4801,31034165348 4814,56611644021 4827,27500481731 4837,45642324136 4844,84288699007 4850,67210394856 4851,36820405449 4851,46945646682 4849,96189795522 4844,15092810407 4837,23408545197 4829,46475598734 4819,77358039775 4809,34748302652 4799,64035489071 4794,1208051299 4790,59120959752 4789,22777051215 4791,1298052745 4794,12411060442 4799,33231165683 4807,91838780831 
4816,0804832153 4822,89183377887 4830,2363893729 4838,83675983972 4850,79118238191 4864,56384262274 4885,27198543517 4906,11034730739 4926,51999880886 4945,96790019132 4963,95777581018 4980,0384960069 4993,81037043411 5000,30238414242 4992,20097764736 4976,48895787706 4957,43404065775 4937,45556431937 4916,49704906583 4896,03384000633 4874,78694266757 4854,38843047135 4833,98274454304 4813,74317727909 4796,83226534165 4783,37534794793 4770,31835258151 4757,39931085223 4518,21619352968 4389,07229548002 4302,93831137282 4265,22662753986 4327,91752180532 4416,17545150637 4506,57990254519 4643,56197334396 4759,12173358746 4764,4347937664 4771,47387880109 4777,46172738706 4780,07348265219 4780,99237149817 4779,55986027024 4773,79595811972 4767,48500961222 4760,86198504431 4635,98680847958 4404,83684039043 3692,91300973355 3066,12720571202 3078,33083503016 3459,51653502929 4257,66744608113 4753,59642664851 4773,84833290359 4788,36523911767 4802,17399300808 4815,16821072189 4827,06364916951 4837,58852314643 4846,06584705874 4848,91446507449 4849,33953175785 4850,21252692355 4850,61150775458 4849,62212181543 4844,4346718024 4838,32218121724 4831,54991657352 4823,04073015972 4814,04464439175 4806,21568135462 4802,5381459337 4800,92358729699 4799,67806679249 4800,74321149019 4805,11210892383 4810,60367226062 
4815,30473802902 4820,59136575317 4826,5343376581 4832,71513687353 4840,76050208049 4857,91132542226 4875,79125595879 4893,84475013296 4911,52493063638 4928,30789589316 4943,70446666812 4957,26950066703 4968,6090867676 4977,38600971501 4974,03600796374 4962,24512077376 4945,17466641018 4925,32820259212 4906,27959422511 4886,67198083601 4866,06742359504 4842,52776309476 4819,76464502639 4800,17067763924 4783,71832253281 4770,47568039486 4761,54041295879 4643,77841896665 4485,37597823433 4369,32867754346 4307,78611969827 4351,80549866281 4418,72443057797 4506,99139155463 4652,64684307136 4759,62452460115 4765,32267402159 4773,57297508076 4780,92857966602 4786,56964262418 4787,94207929028 4787,79056307765 4786,22991223802 4780,30016114528 4773,48273449703 4766,6299522255 4759,92128607463 4158,76049661629 3194,61098767783 3121,73569692326 3917,20664988973 4463,3128232632 4762,84110863956 4777,28982605841 4790,55503485108 4803,32617613146 4815,37254966943 4826,4927274864 4836,51765688369 4843,69183751822 4846,48744197658 4847,65176842954 4848,15531439437 4849,32106401175 4850,12847316825 4849,85164506339 4845,50522973361 4840,42894090954 4834,88929800472 4827,84145134012 4820,5269981963 4814,70594722497 4811,67564599223 4809,08496024714 4808,66766779025 4810,87070703266 4812,30258286317 
4815,21263118037 4817,76182309074 4822,37505634557 4827,64674790592 4839,23337263331 4852,92576697327 4868,17243304495 4883,58424191154 4898,6108566392 4912,72448815265 4925,4329517815 4936,29021667104 4944,90470940908 4951,04938530081 4955,81245298906 4945,49616267836 4930,24170722766 4911,87011370886 4893,19641528232 4873,22772775942 4849,03238510271 4824,89567082803 4803,42676672362 4784,59807053397 4769,79732267721 4760,54578883256 4738,66425018121 4607,99956179182 4480,57904074911 4446,6614430889 4463,41933467131 4509,10409477227 4627,63971618803 4758,40939122676 4763,94198879304 4771,99756055917 4779,93742436477 4786,60321546603 4791,88795785328 4795,19765390034 4794,8039432973 4793,12726906295 4790,13880940274 4783,02145014511 4774,59920736211 4722,74266377252 4278,33642995842 3975,52514730971 4069,38287890635 4527,25053120781 4763,92641372618 4776,79652240341 4789,14324839797 4801,15487448465 4812,58302210897 4823,20692708077 4832,83756575628 4838,17986280242 4841,5987205614 4844,89794534218 4846,63262924772 4847,13573732826 4848,78068333671 4850,14396051808 4851,38423541869 4848,08184367172 4844,16336829389 4839,92219459569 4834,52907732155 4828,30559214614 4821,23037527717 4818,35919168202 4817,29488227238 4814,2425479805 4813,79879087314 
4814,58716805645 4815,50427454058 4818,35452889418 4828,77684812395 4839,17239634221 4849,16857017089 4861,73887738717 4874,57539237305 4886,94075563581 4898,28882099992 4908,11381485938 4915,96266706577 4922,66681893735 4928,92444048411 4933,81934461753 4928,37720512596 4914,71469283585 4895,92199719016 4873,291025012 4849,82442569386 4827,18933174446 4804,52579439586 4784,83652510229 4770,54462726223 4762,705404416 4758,09505021177 4715,24783495032 4657,9480749134 4626,14375214439 4638,13786774724 4729,30208550762 4761,24201445302 4766,7862621472 4775,38963613465 4783,1402312165 4789,81023566182 4795,24634305987 4799,37200605812 4802,18770602758 4801,46108711306 4799,17121420818 4796,06404552214 4779,72606531377 4765,09317156048 4706,05554035144 4670,77916523298 4721,17613207503 4761,53835201639 4773,28192173307 4784,74273620236 4796,1242059709 4807,14495532725 4817,54805511436 4827,10704819011 4831,67592363208 4835,75389186677 4839,56594790737 4842,90066238026 4845,58348003433 4846,91019705662 4848,40527404144 4850,44351893412 4852,40365757835 4851,69155695649 4849,00830228358 4846,09706248821 4839,95029612968 4833,20695135316 4827,41183634219 4822,34930257853 4818,20636341276 4815,26117657988 
4813,95927538224 4814,39392581374 4821,16362469911 4828,92567744765 4837,91561956432 4846,40235242075 4854,48690889055 4864,44747828414 4873,84611849947 4882,12934086207 4888,84586407397 4896,04099996881 4902,30791150461 4907,99516178449 4913,20988543877 4912,13030841503 4896,61563257557 4874,96779407869 4852,19685101137 4830,08697068393 4809,24660722598 4791,01973523278 4778,1976138404 4768,84467936039 4762,89517605227 4761,55340103223 4762,81506479666 4762,19850065981 4763,92911215116 4767,31933422262 4773,25960002297 4781,00296927547 4788,21356003865 4794,61055617786 4799,99043716229 4804,23149785919 4807,29573623498 4809,22828846298 4809,01683184414 4799,64923018669 4787,7579337994 4778,31272144119 4774,38750522588 4773,67559902198 4775,85524973341 4778,76376950477 4782,1559337839 4792,4936917673 4802,7393922295 4812,60528704076 4821,01096358271 4825,46230365857 4829,7409022489 4833,80893182255 4837,64302053847 4840,78054913517 4844,42033722464 4846,74698554287 4848,14984916763 4850,88798327594 4853,5877936616 4855,42775448272 4852,30859208576 4848,15202861701 4843,73557799671 4835,73283171121 4826,59486177123 4821,39160963308 4817,17619678981 
4816,21711474492 4818,89896593032 4823,44126439726 4829,16564460342 4835,38630465068 4842,19098002161 4848,01323823298 4853,40934271312 4859,55416306528 4865,90631865762 4872,43971629851 4878,37134957846 4884,96723140447 4889,94600710488 4892,05873245024 4890,07523592377 4875,68604508181 4856,10517375792 4834,71733374039 4816,51320120126 4802,35853125145 4789,59222256356 4779,12362628042 4773,17955815192 4770,26852015842 4771,03019059037 4775,0570402427 4777,16519768326 4782,84658737056 4789,26628678165 4795,53793561899 4801,33140500648 4806,39284144821 4810,55230943801 4813,72806635637 4815,92766009912 4812,9189951304 4804,26483463615 4796,53780430977 4794,40721595065 4794,11558597544 4793,77929681137 4794,25561585254 4795,51141614624 4797,6180355315 4800,37794267948 4808,83817854179 4815,46997980831 4819,88943317977 4824,22674211442 4828,42947687122 4832,46031317785 4836,29717363687 4839,93276169553 4843,19044761333 4846,50789893695 4848,8399576173 4851,41817591625 4853,68596186301 4854,72689089981 4852,91614677809 4847,71651534998 4840,97974108501 4832,76817759528 4824,09584966663 4818,1101234708 
4821,92816362654 4823,38052015893 4825,60414038851 4828,95289013841 4833,07110568214 4837,08459287014 4841,01857422732 4844,08601469767 4848,58378333363 4854,19083355131 4860,89053668585 4866,6117935929 4869,59607797749 4869,31709220405 4867,82375087696 4864,51252241103 4853,8935071318 4838,68684660914 4822,89254887318 4809,65100157885 4799,12313608695 4790,49074978301 4784,47694449197 4782,67198845222 4784,20769323203 4790,33204799525 4797,22189172865 4802,18301377873 4807,25885856421 4812,08784727898 4816,39084890681 4819,98180094606 4822,77381184035 4816,49872000499 4810,28335287331 4807,9672842934 4808,94975036029 4809,54278809406 4810,94792790883 4811,36420648658 4811,03760843033 4811,75918929204 4813,15485132508 4812,82263442023 4813,84732672164 4818,20632085602 4822,54217907284 4826,79521445219 4830,92260637415 4834,89860827955 4838,71395764122 4842,37453971692 4845,79287706654 4848,81962552691 4849,36420640911 4850,64125623635 4850,32926752515 4847,9292569655 4841,97340768215 4835,30542641348 4827,67772480639 4823,0751089937 
4828,77975021781 4826,75533875975 4827,38752994892 4828,5090091226 4829,75748771508 4831,87001399467 4834,68243641186 4838,2851977084 4842,50529402425 4846,87440813634 4849,47429932465 4850,37357993082 4850,10053349908 4848,35843729998 4846,62418461615 4845,74835633542 4843,26394251996 4831,77131443655 4819,94999326532 4810,51446292593 4804,32267871591 4800,6286137896 4800,85628745219 4804,00878660108 4809,11755698383 4815,46102979949 4820,7479598614 4824,49050071816 4827,96019883046 4826,90003815469 4821,44346707389 4818,06555473478 4817,79130397602 4818,95367230993 4820,8221071652 4822,82850548518 4823,89434691965 4825,23913692003 4826,0807824135 4823,33450154676 4821,05766292732 4819,46430373253 4818,60500728044 4821,67355276463 4825,92865118992 4830,11419244299 4834,20006038699 4838,17421541726 4841,66261747147 4843,41902599363 4844,83443947971 4844,41067458411 4842,24113302968 4840,1186161774 4837,66522739063 4834,16746928742 4832,49523049788 4830,91783826531 
4832,79615351786 4831,3805485096 4829,38795275231 4828,21952104647 4828,98928689651 4830,98530945475 4833,64193678193 4835,56162208068 4836,16239204367 4836,22200695756 4835,07092719962 4835,26184276042 4835,83737406217 4835,72040234843 4835,49915970488 4834,64028145304 4833,68008384073 4832,10910227508 4825,93140636537 4821,69510385694 4820,50329608968 4821,40974223993 4823,67057719904 4827,15018641317 4831,65273565163 4832,85674226396 4831,16005656769 4828,77001040341 4827,73287560773 4827,65909535373 4827,60617012691 4828,22454825321 4829,46345937753 4831,22023620126 4831,84615029412 4831,67964808579 4830,6209975797 4829,88680383 4828,19882928083 4827,14458909383 4826,855794222 4827,32521968959 4830,08278606176 4833,33503082567 4835,87477470833 4837,37886924759 4837,16884052253 4836,14372934774 4834,26262579793 4831,93275518495 4832,21205121579 4832,53403948855 4833,45300771844 4834,14643969101 
3307,44179358625 3307,44179358625 3307,44179358625 3307,44179358625 3307,44179358625 3307,44179358625 3307,44179358625 3307,44179358625 3307,44179358625 3307,44179358625 3307,44179358625 3307,44179358625 3307,44179358625 3307,44179358625 3307,44179358625 3307,44179358625 3307,44179358625 3307,44179358625 3307,44179358625 3307,44179358625 3307,44179358625 3307,44179358625 3307,44179358625 3307,44179358625 3307,44179358625 3307,44179358625 3307,44179358625 3307,44179358625 3307,44179358625 3307,44179358625 3307,44179358625 3307,44179358625 3307,44179358625 3307,44179358625 3307,44179358625 3307,44179358625 3307,44179358625 3307,44179358625 3307,44179358625 3307,44179358625 3307,44179358625 3307,44179358625 3307,44179358625 3307,44179358625 3307,44179358625 3307,44179358625 3307,44179358625 3307,44179358625 3307,44179358625 
3307,44179358625 3307,44179358625 3307,44179358625 3307,44179358625 3307,44179358625 3307,44179358625 3307,44179358625 3307,44179358625 3307,44179358625 3307,44179358625 3307,44179358625 3307,44179358625 3307,44179358625 3307,44179358625 3307,44179358625 3307,44179358625 3307,44179358625 3307,44179358625 3307,44179358625 3307,44179358625 3307,44179358625 3307,44179358625 3307,44179358625 3307,44179358625 3307,44179358625 3307,44179358625 3307,44179358625 3307,44179358625 3307,44179358625 3307,44179358625 3307,44179358625 3307,44179358625 3307,44179358625 3307,44179358625 3307,44179358625 3307,44179358625 3307,44179358625 3307,44179358625 3307,44179358625 3307,44179358625 3307,44179358625 3307,44179358625 3307,44179358625 3307,44179358625 
3307,44179358625 3307,44179358625 3307,44179358625 3307,44179358625 3307,44179358625 3307,44179358625 3307,44179358625 3307,44179358625 3307,44179358625 3307,44179358625 3307,44179358625 3307,44179358625 3307,44179358625 3307,44179358625 3307,44179358625 3307,44179358625 3307,44179358625 3307,44179358625 3307,44179358625 3307,44179358625 3307,44179358625 3307,44179358625 3307,44179358625 3307,44179358625 3307,44179358625 3307,44179358625 3307,44179358625 3307,44179358625 3307,44179358625 3307,44179358625 3307,44179358625 3307,44179358625 3307,44179358625 3307,44179358625 3307,44179358625 3307,44179358625 3307,44179358625 3307,44179358625 3307,44179358625 
3307,44179358625 3307,44179358625 3307,44179358625 3307,44179358625 3307,44179358625 3307,44179358625 3307,44179358625 3307,44179358625 3307,44179358625 3307,44179358625 3307,44179358625 3307,44179358625 3307,44179358625 3307,44179358625 3307,44179358625 3307,44179358625 3307,44179358625 3307,44179358625 3307,44179358625 3307,44179358625 3307,44179358625 3307,44179358625 3307,44179358625 3307,44179358625 3307,44179358625 3307,44179358625 3307,44179358625 3307,44179358625 3307,44179358625 3307,44179358625 3307,44179358625 3307,44179358625 3307,44179358625 
3307,44179358625 3307,44179358625 3307,44179358625 3307,44179358625 3307,44179358625 3307,44179358625 3307,44179358625 3307,44179358625 3307,44179358625 3307,44179358625 3307,44179358625 3307,44179358625 3307,44179358625 3307,44179358625 3307,44179358625 3307,44179358625 3307,44179358625 3307,44179358625 3307,44179358625 3307,44179358625 3307,44179358625 3307,44179358625 3307,44179358625 3307,44179358625 3307,44179358625 3307,44179358625 3307,44179358625 
3307,44179358625 3307,44179358625 3307,44179358625 3307,44179358625 3307,44179358625 3307,44179358625 3307,44179358625 3307,44179358625 3307,44179358625 3307,44179358625 3307,44179358625 3307,44179358625 3307,44179358625 3307,44179358625 3307,44179358625 3307,44179358625 3307,44179358625 3307,44179358625 3307,44179358625 3307,44179358625 3307,44179358625 
3307,44179358625 3307,44179358625 3307,44179358625 3307,44179358625 3307,44179358625 3307,44179358625 3307,44179358625 3307,44179358625 3307,44179358625 3307,44179358625 3307,44179358625 3307,44179358625 3307,44179358625 3307,44179358625 3307,44179358625 
3307,44179358625 3307,44179358625 3307,44179358625 3307,44179358625 3307,44179358625 3307,44179358625 3307,44179358625 3307,44179358625 3307,44179358625 
3307,44179358625 3307,44179358625 3307,44179358625 
