40 80 86
3,90001E003	3,90059E003	3,90026E003	
3,89986E003	3,89958E003	3,90018E003	3,90049E003	3,90114E003	3,90090E003	3,90125E003	3,90012E003	3,89947E003	
3,89849E003	3,89982E003	3,90062E003	3,89887E003	3,89884E003	3,90108E003	3,90059E003	3,90053E003	3,90202E003	3,90166E003	3,90109E003	3,90200E003	3,89977E003	3,89928E003	3,89949E003	
3,89817E003	3,89787E003	3,90049E003	3,90125E003	3,89919E003	3,89683E003	3,89836E003	3,90136E003	3,90095E003	3,89999E003	3,90003E003	3,90186E003	3,90301E003	3,90255E003	3,90230E003	3,90200E003	3,90110E003	3,89961E003	3,89965E003	3,89970E003	3,89904E003	
3,89776E003	3,89710E003	3,89802E003	3,90114E003	3,90165E003	3,89972E003	3,89701E003	3,89555E003	3,89856E003	3,90137E003	3,90118E003	3,90023E003	3,89952E003	3,89967E003	3,90154E003	3,90332E003	3,90373E003	3,90396E003	3,90379E003	3,90241E003	3,90120E003	3,90056E003	3,89968E003	3,90017E003	3,90064E003	3,89920E003	3,89866E003	
3,89728E003	3,89690E003	3,89672E003	3,89827E003	3,90144E003	3,90193E003	3,90022E003	3,89742E003	3,89545E003	3,89497E003	3,89855E003	3,90101E003	3,90118E003	3,90016E003	3,89950E003	3,89907E003	3,89946E003	3,90126E003	3,90294E003	3,90465E003	3,90475E003	3,90540E003	3,90557E003	3,90376E003	3,90075E003	3,90047E003	3,90021E003	3,89997E003	3,90075E003	3,90138E003	3,90030E003	3,89883E003	3,89831E003	
3,89699E003	3,89678E003	3,89614E003	3,89685E003	3,89860E003	3,90148E003	3,90204E003	3,90055E003	3,89804E003	3,89555E003	3,89424E003	3,89496E003	3,89831E003	3,90039E003	3,90103E003	3,89992E003	3,89933E003	3,89899E003	3,89867E003	3,89934E003	3,90094E003	3,90267E003	3,90473E003	3,90570E003	3,90617E003	3,90700E003	3,90748E003	3,90528E003	3,90153E003	3,89974E003	3,90000E003	3,89994E003	3,90034E003	3,90124E003	3,90210E003	3,90150E003	3,89987E003	3,89854E003	3,89802E003	
3,89666E003	3,89645E003	3,89594E003	3,89592E003	3,89705E003	3,89903E003	3,90144E003	3,90199E003	3,90044E003	3,89790E003	3,89525E003	3,89388E003	3,86784E003	3,89605E003	3,89866E003	3,90014E003	3,90049E003	3,89936E003	3,89880E003	3,89852E003	3,89837E003	3,89830E003	3,90011E003	3,90163E003	3,90340E003	3,90553E003	3,90675E003	3,90752E003	3,90840E003	3,90938E003	3,90792E003	3,90415E003	3,90049E003	3,89902E003	3,89959E003	3,89983E003	3,90038E003	3,90175E003	3,90283E003	3,90273E003	3,90124E003	3,89952E003	3,89828E003	3,89773E003	
3,89639E003	3,89605E003	3,89583E003	3,89545E003	3,89584E003	3,89725E003	3,89929E003	3,90135E003	3,90180E003	3,90022E003	3,89775E003	3,89512E003	3,88347E003	3,81341E003	3,89407E003	3,89668E003	3,89848E003	3,89990E003	3,89968E003	3,89879E003	3,89822E003	3,89798E003	3,89795E003	3,89784E003	3,89915E003	3,90082E003	3,90236E003	3,90432E003	3,90634E003	3,90773E003	3,90881E003	3,90983E003	3,91106E003	3,91071E003	3,90718E003	3,90277E003	3,89938E003	3,89834E003	3,89917E003	3,89972E003	3,90034E003	3,90233E003	3,90330E003	3,90389E003	3,90268E003	3,90103E003	3,89922E003	3,89807E003	3,89746E003	
3,89622E003	3,89579E003	3,89575E003	3,89525E003	3,89512E003	3,89604E003	3,89737E003	3,89929E003	3,90117E003	3,90158E003	3,89997E003	3,89762E003	3,89507E003	3,86491E003	3,77315E003	3,81063E003	3,89477E003	3,89689E003	3,89801E003	3,89951E003	3,89884E003	3,89816E003	3,89760E003	3,89740E003	3,89746E003	3,89749E003	3,89803E003	3,89993E003	3,90140E003	3,90311E003	3,90529E003	3,90712E003	3,90867E003	3,91003E003	3,91107E003	3,91232E003	3,91289E003	3,91021E003	3,90564E003	3,90148E003	3,89833E003	3,89775E003	3,89876E003	3,89954E003	3,90022E003	3,90274E003	3,90385E003	3,90482E003	3,90410E003	3,90254E003	3,90081E003	3,89896E003	3,89790E003	3,89724E003	
3,89603E003	3,89558E003	3,89559E003	3,89503E003	3,89472E003	3,89505E003	3,89622E003	3,89752E003	3,89951E003	3,90118E003	3,90118E003	3,89934E003	3,89679E003	3,89453E003	3,80778E003	3,71785E003	3,75101E003	3,89383E003	3,89576E003	3,89688E003	3,89823E003	3,89873E003	3,89769E003	3,89729E003	3,89678E003	3,89683E003	3,89698E003	3,89710E003	3,89791E003	3,89988E003	3,90140E003	3,90299E003	3,90524E003	3,90717E003	3,90907E003	3,91080E003	3,91214E003	3,91329E003	3,91471E003	3,91410E003	3,91047E003	3,90548E003	3,90116E003	3,89789E003	3,89699E003	3,89814E003	3,89916E003	3,89986E003	3,90245E003	3,90425E003	3,90523E003	3,90562E003	3,90412E003	3,90249E003	3,90072E003	3,89878E003	3,89773E003	3,89704E003	
3,89589E003	3,89547E003	3,89529E003	3,89490E003	3,89459E003	3,89438E003	3,89528E003	3,89617E003	3,89751E003	3,89973E003	3,90107E003	3,90070E003	3,89865E003	3,89611E003	3,89410E003	3,75881E003	3,67856E003	3,70700E003	3,84114E003	3,89472E003	3,89591E003	3,89680E003	3,89814E003	3,89750E003	3,89685E003	3,89632E003	3,89610E003	3,89629E003	3,89659E003	3,89679E003	3,89786E003	3,89983E003	3,90134E003	3,90283E003	3,90510E003	3,90714E003	3,90912E003	3,91109E003	3,91286E003	3,91400E003	3,91539E003	3,91658E003	3,91482E003	3,91026E003	3,90528E003	3,90083E003	3,89748E003	3,89625E003	3,89743E003	3,89864E003	3,89968E003	3,90183E003	3,90453E003	3,90567E003	3,90657E003	3,90580E003	3,90406E003	3,90238E003	3,90060E003	3,89862E003	3,89761E003	3,89687E003	
3,89584E003	3,89544E003	3,89507E003	3,89485E003	3,89459E003	3,89402E003	3,89442E003	3,89533E003	3,89613E003	3,89769E003	3,89985E003	3,90087E003	3,90002E003	3,89806E003	3,89554E003	3,89379E003	3,72595E003	3,65759E003	3,68079E003	3,80367E003	3,89379E003	3,89506E003	3,89560E003	3,89700E003	3,89718E003	3,89636E003	3,89603E003	3,89554E003	3,89560E003	3,89581E003	3,89624E003	3,89654E003	3,89784E003	3,89975E003	3,90129E003	3,90266E003	3,90490E003	3,90704E003	3,90896E003	3,91106E003	3,91326E003	3,91469E003	3,91591E003	3,91740E003	3,91764E003	3,91505E003	3,90984E003	3,90501E003	3,90050E003	3,89710E003	3,89562E003	3,89677E003	3,89804E003	3,89939E003	3,90113E003	3,90424E003	3,90597E003	3,90688E003	3,90721E003	3,90566E003	3,90401E003	3,90225E003	3,90046E003	3,89848E003	3,89752E003	3,89674E003	
3,89579E003	3,89535E003	3,89486E003	3,89483E003	3,89454E003	3,89389E003	3,89385E003	3,89465E003	3,89515E003	3,89609E003	3,89833E003	3,90011E003	3,90072E003	3,89899E003	3,89687E003	3,89473E003	3,83923E003	3,66488E003	3,62585E003	3,70195E003	3,79017E003	3,86666E003	3,89445E003	3,89487E003	3,89619E003	3,89649E003	3,89580E003	3,89543E003	3,89495E003	3,89493E003	3,89521E003	3,89565E003	3,89602E003	3,89696E003	3,89864E003	3,90054E003	3,90200E003	3,90357E003	3,90613E003	3,90798E003	3,91003E003	3,91235E003	3,91467E003	3,91605E003	3,91740E003	3,91890E003	3,91904E003	3,91635E003	3,91112E003	3,90599E003	3,90134E003	3,89746E003	3,89512E003	3,89580E003	3,89714E003	3,89862E003	3,90028E003	3,90314E003	3,90593E003	3,90712E003	3,90796E003	3,90745E003	3,90570E003	3,90407E003	3,90225E003	3,90039E003	3,89838E003	3,89740E003	3,89661E003	
3,89574E003	3,89532E003	3,89482E003	3,89485E003	3,89457E003	3,89391E003	3,87568E003	3,89402E003	3,89450E003	3,89498E003	3,89661E003	3,89896E003	3,90026E003	3,89989E003	3,89803E003	3,89585E003	3,89407E003	3,76407E003	3,63359E003	3,60752E003	3,73607E003	3,78777E003	3,83566E003	3,89392E003	3,89423E003	3,89547E003	3,89581E003	3,89531E003	3,89491E003	3,89445E003	3,89436E003	3,89468E003	3,89507E003	3,89556E003	3,89624E003	3,89780E003	3,89962E003	3,90124E003	3,90272E003	3,90461E003	3,90709E003	3,90888E003	3,91106E003	3,91351E003	3,91588E003	3,91720E003	3,91864E003	3,92013E003	3,92017E003	3,91740E003	3,91223E003	3,90696E003	3,90227E003	3,89798E003	3,89524E003	3,89485E003	3,89618E003	3,89770E003	3,89947E003	3,90180E003	3,90500E003	3,90727E003	3,90820E003	3,90864E003	3,90741E003	3,90567E003	3,90403E003	3,90220E003	3,90030E003	3,89830E003	3,89730E003	3,89651E003	
3,89574E003	3,89536E003	3,89485E003	3,89475E003	3,89465E003	3,89405E003	3,86145E003	3,88314E003	3,89410E003	3,89434E003	3,89512E003	3,89737E003	3,89936E003	3,90027E003	3,89902E003	3,89706E003	3,89506E003	3,88774E003	3,71895E003	3,63731E003	3,63576E003	3,77385E003	3,79044E003	3,81207E003	3,86727E003	3,89372E003	3,89486E003	3,89523E003	3,89485E003	3,89451E003	3,89405E003	3,89392E003	3,89422E003	3,89459E003	3,89514E003	3,89569E003	3,89702E003	3,89862E003	3,90050E003	3,90191E003	3,90332E003	3,90576E003	3,90779E003	3,90967E003	3,91192E003	3,91450E003	3,91684E003	3,91815E003	3,91960E003	3,92106E003	3,92099E003	3,91823E003	3,91325E003	3,90781E003	3,90315E003	3,89871E003	3,89550E003	3,89416E003	3,89527E003	3,89680E003	3,89852E003	3,90073E003	3,90367E003	3,90667E003	3,90815E003	3,90895E003	3,90876E003	3,90725E003	3,90553E003	3,90391E003	3,90209E003	3,90019E003	3,89822E003	3,89723E003	3,89645E003	
3,89571E003	3,89540E003	3,89486E003	3,89466E003	3,89471E003	3,89412E003	3,86107E003	3,85100E003	3,89373E003	3,89385E003	3,89425E003	3,89606E003	3,89843E003	3,89990E003	3,89953E003	3,89777E003	3,89578E003	3,89426E003	3,80295E003	3,65575E003	3,64719E003	3,73248E003	3,80704E003	3,77183E003	3,81228E003	3,81600E003	3,88840E003	3,89454E003	3,89455E003	3,89430E003	3,89401E003	3,87859E003	3,87579E003	3,89392E003	3,89435E003	3,89493E003	3,89556E003	3,89707E003	3,89864E003	3,90048E003	3,90189E003	3,90333E003	3,90563E003	3,90774E003	3,90957E003	3,91179E003	3,91446E003	3,91706E003	3,91851E003	3,91998E003	3,92158E003	3,92204E003	3,92013E003	3,91594E003	3,91014E003	3,90525E003	3,90057E003	3,89662E003	3,89421E003	3,89410E003	3,89550E003	3,89716E003	3,89926E003	3,90187E003	3,90499E003	3,90773E003	3,90886E003	3,90938E003	3,90894E003	3,90722E003	3,90550E003	3,90389E003	3,90206E003	3,90015E003	3,89818E003	3,89714E003	3,89637E003	
3,89567E003	3,89539E003	3,89483E003	3,89456E003	3,89474E003	3,89415E003	3,85935E003	3,83366E003	3,86456E003	3,87416E003	3,88657E003	3,89522E003	3,89778E003	3,89944E003	3,89967E003	3,89805E003	3,89610E003	3,89459E003	3,84524E003	3,69804E003	3,66482E003	3,71953E003	3,81794E003	3,79081E003	3,76564E003	3,77575E003	3,80270E003	3,89384E003	3,89413E003	3,89399E003	3,89377E003	3,85018E003	3,83402E003	3,86770E003	3,89383E003	3,89447E003	3,89509E003	3,89626E003	3,89785E003	3,89950E003	3,90114E003	3,90265E003	3,90421E003	3,90692E003	3,90866E003	3,91068E003	3,91319E003	3,91602E003	3,91835E003	3,91976E003	3,92132E003	3,92274E003	3,92239E003	3,91956E003	3,91456E003	3,90880E003	3,90394E003	3,89932E003	3,89565E003	3,87762E003	3,89394E003	3,89545E003	3,89727E003	3,89971E003	3,90257E003	3,90574E003	3,90838E003	3,90942E003	3,90978E003	3,90908E003	3,90732E003	3,90558E003	3,90395E003	3,90210E003	3,90018E003	3,89817E003	3,89705E003	3,89628E003	
3,89566E003	3,89541E003	3,89488E003	3,89453E003	3,89485E003	3,89426E003	3,86891E003	3,82922E003	3,84713E003	3,85458E003	3,84416E003	3,89450E003	3,89716E003	3,89896E003	3,89964E003	3,89838E003	3,89640E003	3,89499E003	3,89379E003	3,75677E003	3,69225E003	3,72760E003	3,84422E003	3,83357E003	3,76341E003	3,76017E003	3,74285E003	3,84167E003	3,89374E003	3,89379E003	3,89184E003	3,84653E003	3,80735E003	3,82700E003	3,87008E003	3,89404E003	3,89463E003	3,89550E003	3,89720E003	3,89870E003	3,90044E003	3,90187E003	3,90337E003	3,90553E003	3,90769E003	3,90948E003	3,91169E003	3,91451E003	3,91733E003	3,91919E003	3,92075E003	3,92243E003	3,92319E003	3,92199E003	3,91840E003	3,91286E003	3,90744E003	3,90260E003	3,89808E003	3,89479E003	3,82585E003	3,89388E003	3,89552E003	3,89749E003	3,90025E003	3,90322E003	3,90637E003	3,90888E003	3,90983E003	3,90994E003	3,90906E003	3,90729E003	3,90555E003	3,90392E003	3,90208E003	3,90016E003	3,89816E003	3,89698E003	3,89622E003	
3,89570E003	3,89547E003	3,89500E003	3,89456E003	3,89501E003	3,89444E003	3,89026E003	3,83785E003	3,84546E003	3,84886E003	3,82105E003	3,89396E003	3,89641E003	3,89853E003	3,89954E003	3,89872E003	3,89679E003	3,89547E003	3,89428E003	3,81991E003	3,73709E003	3,74438E003	3,87052E003	3,88480E003	3,80673E003	3,75585E003	3,72627E003	3,80160E003	3,86750E003	3,87529E003	3,87377E003	3,86089E003	3,80893E003	3,80610E003	3,85032E003	3,89374E003	3,89437E003	3,89508E003	3,89646E003	3,89803E003	3,89951E003	3,90112E003	3,90257E003	3,90406E003	3,90662E003	3,90835E003	3,91025E003	3,91267E003	3,91565E003	3,91828E003	3,91984E003	3,92140E003	3,92302E003	3,92302E003	3,92099E003	3,91670E003	3,91104E003	3,90597E003	3,90129E003	3,89704E003	3,89405E003	3,79855E003	3,89395E003	3,89570E003	3,89784E003	3,90082E003	3,90377E003	3,90688E003	3,90921E003	3,91006E003	3,90985E003	3,90888E003	3,90712E003	3,90540E003	3,90381E003	3,90199E003	3,90012E003	3,89815E003	3,89692E003	3,89619E003	
3,89572E003	3,89551E003	3,89507E003	3,89458E003	3,89515E003	3,89458E003	3,89384E003	3,85092E003	3,84745E003	3,84762E003	3,80804E003	3,89377E003	3,89620E003	3,89842E003	3,89948E003	3,89878E003	3,89684E003	3,89564E003	3,89452E003	3,85301E003	3,77750E003	3,79839E003	3,89392E003	3,89399E003	3,83617E003	3,76255E003	3,72454E003	3,79682E003	3,85356E003	3,86256E003	3,87241E003	3,86144E003	3,80807E003	3,80642E003	3,85221E003	3,89376E003	3,89438E003	3,89512E003	3,89659E003	3,89813E003	3,89953E003	3,90112E003	3,90253E003	3,90407E003	3,90648E003	3,90821E003	3,91008E003	3,91253E003	3,91557E003	3,91819E003	3,91984E003	3,92144E003	3,92304E003	3,92291E003	3,92085E003	3,91651E003	3,91095E003	3,90584E003	3,90116E003	3,89692E003	3,89395E003	3,77243E003	3,89092E003	3,89546E003	3,89768E003	3,90083E003	3,90379E003	3,90688E003	3,90926E003	3,91008E003	3,90976E003	3,90879E003	3,90706E003	3,90536E003	3,90377E003	3,90197E003	3,90013E003	3,89816E003	3,89686E003	3,89614E003	
3,89572E003	3,89552E003	3,89510E003	3,89461E003	3,89527E003	3,89467E003	3,89395E003	3,86587E003	3,85172E003	3,84498E003	3,80447E003	3,89389E003	3,89641E003	3,89871E003	3,89948E003	3,89859E003	3,89667E003	3,89560E003	3,89441E003	3,85972E003	3,82101E003	3,88191E003	3,89442E003	3,89412E003	3,82909E003	3,74866E003	3,74156E003	3,82937E003	3,83792E003	3,86575E003	3,88495E003	3,83578E003	3,80925E003	3,83730E003	3,87248E003	3,89413E003	3,89472E003	3,89584E003	3,89756E003	3,89889E003	3,90038E003	3,90179E003	3,90329E003	3,90532E003	3,90729E003	3,90905E003	3,91121E003	3,91416E003	3,91714E003	3,91914E003	3,92081E003	3,92247E003	3,92301E003	3,92166E003	3,91785E003	3,91251E003	3,90703E003	3,90217E003	3,89780E003	3,89438E003	3,78257E003	3,82621E003	3,89482E003	3,89700E003	3,90021E003	3,90336E003	3,90634E003	3,90901E003	3,91002E003	3,90974E003	3,90878E003	3,90712E003	3,90541E003	3,90381E003	3,90200E003	3,90019E003	3,89819E003	3,89678E003	3,89607E003	
3,89577E003	3,89557E003	3,89519E003	3,89477E003	3,89542E003	3,89482E003	3,89416E003	3,88725E003	3,86842E003	3,84744E003	3,81919E003	3,89420E003	3,89679E003	3,89898E003	3,89952E003	3,89833E003	3,89657E003	3,89564E003	3,89447E003	3,88843E003	3,86699E003	3,89449E003	3,89494E003	3,89424E003	3,83813E003	3,75900E003	3,80111E003	3,85484E003	3,84347E003	3,88879E003	3,89376E003	3,84541E003	3,83815E003	3,87683E003	3,89397E003	3,89455E003	3,89528E003	3,89685E003	3,89836E003	3,89963E003	3,90114E003	3,90246E003	3,90414E003	3,90625E003	3,90797E003	3,90987E003	3,91254E003	3,91565E003	3,91812E003	3,91981E003	3,92156E003	3,92269E003	3,92176E003	3,91879E003	3,91379E003	3,90834E003	3,90327E003	3,89882E003	3,89507E003	3,81934E003	3,77136E003	3,89424E003	3,89638E003	3,89948E003	3,90284E003	3,90565E003	3,90852E003	3,90983E003	3,90960E003	3,90864E003	3,90705E003	3,90534E003	3,90375E003	3,90196E003	3,90020E003	3,89821E003	3,89672E003	3,89603E003	
3,89586E003	3,89566E003	3,89534E003	3,89499E003	3,89563E003	3,89506E003	3,89445E003	3,89396E003	3,89373E003	3,86363E003	3,85276E003	3,89468E003	3,89728E003	3,89921E003	3,89954E003	3,89810E003	3,89672E003	3,89582E003	3,89468E003	3,89406E003	3,89413E003	3,89533E003	3,89540E003	3,89438E003	3,84873E003	3,80139E003	3,85680E003	3,87692E003	3,89375E003	3,89417E003	3,89384E003	3,87563E003	3,89372E003	3,89399E003	3,89455E003	3,89509E003	3,89624E003	3,89789E003	3,89909E003	3,90031E003	3,90171E003	3,90313E003	3,90509E003	3,90682E003	3,90852E003	3,91079E003	3,91382E003	3,91659E003	3,91853E003	3,92026E003	3,92179E003	3,92138E003	3,91923E003	3,91466E003	3,90946E003	3,90431E003	3,89987E003	3,89592E003	3,86359E003	3,74838E003	3,89382E003	3,89582E003	3,89876E003	3,90230E003	3,90494E003	3,90781E003	3,90949E003	3,90934E003	3,90835E003	3,90684E003	3,90515E003	3,90359E003	3,90186E003	3,90017E003	3,89823E003	3,89669E003	3,89602E003	
3,89593E003	3,89577E003	3,89547E003	3,89525E003	3,89582E003	3,89525E003	3,89469E003	3,89428E003	3,89399E003	3,87858E003	3,89374E003	3,89558E003	3,89817E003	3,89956E003	3,89946E003	3,89761E003	3,89670E003	3,89563E003	3,89472E003	3,89445E003	3,89546E003	3,89602E003	3,89538E003	3,89406E003	3,83897E003	3,88113E003	3,89390E003	3,89387E003	3,89448E003	3,89440E003	3,89396E003	3,89407E003	3,89430E003	3,89482E003	3,89531E003	3,89644E003	3,89807E003	3,89921E003	3,90031E003	3,90169E003	3,90313E003	3,90492E003	3,90661E003	3,90829E003	3,91073E003	3,91381E003	3,91636E003	3,91826E003	3,92005E003	3,92106E003	3,91999E003	3,91688E003	3,91206E003	3,90684E003	3,90197E003	3,89778E003	3,89443E003	3,79804E003	3,81576E003	3,89485E003	3,89735E003	3,90106E003	3,90385E003	3,90672E003	3,90888E003	3,90908E003	3,90808E003	3,90683E003	3,90509E003	3,90349E003	3,90187E003	3,90017E003	3,89828E003	3,89666E003	3,89602E003	
3,89599E003	3,89586E003	3,89554E003	3,89554E003	3,89598E003	3,89546E003	3,89494E003	3,89447E003	3,89422E003	3,89375E003	3,89455E003	3,89687E003	3,89925E003	3,89981E003	3,89854E003	3,89732E003	3,89642E003	3,89538E003	3,89502E003	3,89576E003	3,89655E003	3,89599E003	3,89460E003	3,87866E003	3,89400E003	3,89421E003	3,89426E003	3,89498E003	3,89471E003	3,89441E003	3,89458E003	3,89484E003	3,89530E003	3,89589E003	3,89746E003	3,89883E003	3,89982E003	3,90107E003	3,90232E003	3,90410E003	3,90568E003	3,90731E003	3,90950E003	3,91254E003	3,91528E003	3,91734E003	3,91920E003	3,92019E003	3,91904E003	3,91577E003	3,91097E003	3,90572E003	3,90093E003	3,89688E003	3,89396E003	3,76663E003	3,87631E003	3,89566E003	3,89884E003	3,90245E003	3,90501E003	3,90776E003	3,90877E003	3,90800E003	3,90681E003	3,90518E003	3,90350E003	3,90195E003	3,90022E003	3,89839E003	3,89662E003	3,89599E003	
3,89609E003	3,89598E003	3,89567E003	3,89589E003	3,89619E003	3,89575E003	3,89523E003	3,89476E003	3,89441E003	3,89430E003	3,89576E003	3,89850E003	3,89987E003	3,89961E003	3,89796E003	3,89723E003	3,89613E003	3,89565E003	3,89607E003	3,89709E003	3,89665E003	3,89526E003	3,89404E003	3,89451E003	3,89457E003	3,89474E003	3,89552E003	3,89518E003	3,89494E003	3,89515E003	3,89545E003	3,89583E003	3,89682E003	3,89839E003	3,89946E003	3,90034E003	3,90160E003	3,90323E003	3,90464E003	3,90625E003	3,90814E003	3,91109E003	3,91396E003	3,91618E003	3,91808E003	3,91904E003	3,91784E003	3,91445E003	3,90976E003	3,90448E003	3,89992E003	3,89609E003	3,89143E003	3,77774E003	3,89425E003	3,89675E003	3,90056E003	3,90349E003	3,90619E003	3,90826E003	3,90783E003	3,90666E003	3,90516E003	3,90349E003	3,90196E003	3,90027E003	3,89852E003	3,89662E003	3,89600E003	
3,89623E003	3,89614E003	3,89585E003	3,89626E003	3,89646E003	3,89610E003	3,89557E003	3,89519E003	3,89475E003	3,89516E003	3,89720E003	3,89953E003	3,90017E003	3,89883E003	3,89788E003	3,89687E003	3,89627E003	3,89646E003	3,89763E003	3,89734E003	3,89597E003	3,89462E003	3,89513E003	3,89503E003	3,89534E003	3,89614E003	3,89572E003	3,89564E003	3,89574E003	3,89609E003	3,89650E003	3,89794E003	3,89918E003	3,89992E003	3,90104E003	3,90228E003	3,90361E003	3,90517E003	3,90679E003	3,90949E003	3,91246E003	3,91481E003	3,91672E003	3,91765E003	3,91640E003	3,91296E003	3,90845E003	3,90326E003	3,89901E003	3,89548E003	3,87582E003	3,83817E003	3,89513E003	3,89827E003	3,90196E003	3,90441E003	3,90697E003	3,90753E003	3,90630E003	3,90513E003	3,90342E003	3,90189E003	3,90027E003	3,89866E003	3,89677E003	3,89603E003	
3,89635E003	3,89630E003	3,89619E003	3,89665E003	3,89676E003	3,89645E003	3,89585E003	3,89539E003	3,89525E003	3,89655E003	3,89922E003	3,90031E003	3,89948E003	3,89836E003	3,89741E003	3,89684E003	3,89718E003	3,89821E003	3,89773E003	3,89604E003	3,89534E003	3,89573E003	3,89560E003	3,89646E003	3,89655E003	3,89621E003	3,89627E003	3,89652E003	3,89682E003	3,89813E003	3,89935E003	3,89996E003	3,90099E003	3,90233E003	3,90343E003	3,90495E003	3,90687E003	3,90984E003	3,91247E003	3,91470E003	3,91629E003	3,91571E003	3,91291E003	3,90849E003	3,90352E003	3,89914E003	3,89567E003	3,89309E003	3,87112E003	3,89567E003	3,89930E003	3,90261E003	3,90497E003	3,90704E003	3,90635E003	3,90506E003	3,90353E003	3,90190E003	3,90041E003	3,89880E003	3,89695E003	3,89605E003	
3,89649E003	3,89653E003	3,89660E003	3,89710E003	3,89716E003	3,89679E003	3,89617E003	3,89583E003	3,89635E003	3,89854E003	3,90026E003	3,90008E003	3,89887E003	3,89798E003	3,89743E003	3,89796E003	3,89879E003	3,89805E003	3,89614E003	3,89617E003	3,89610E003	3,89643E003	3,89727E003	3,89696E003	3,89691E003	3,89700E003	3,89720E003	3,89836E003	3,89952E003	3,90001E003	3,90094E003	3,90233E003	3,90321E003	3,90470E003	3,90699E003	3,90990E003	3,91246E003	3,91445E003	3,91464E003	3,91245E003	3,90845E003	3,90373E003	3,89930E003	3,89594E003	3,89398E003	3,89390E003	3,89642E003	3,90025E003	3,90310E003	3,90546E003	3,90627E003	3,90485E003	3,90365E003	3,90195E003	3,90050E003	3,89893E003	3,89716E003	3,89612E003	
3,89668E003	3,89680E003	3,89706E003	3,89761E003	3,89764E003	3,89704E003	3,89646E003	3,89646E003	3,89782E003	3,90005E003	3,90038E003	3,89942E003	3,89856E003	3,89802E003	3,89871E003	3,89926E003	3,89828E003	3,89656E003	3,89689E003	3,89673E003	3,89762E003	3,89777E003	3,89758E003	3,89754E003	3,89763E003	3,89862E003	3,89969E003	3,90007E003	3,90089E003	3,90209E003	3,90295E003	3,90452E003	3,90710E003	3,90980E003	3,91225E003	3,91320E003	3,91174E003	3,90819E003	3,90394E003	3,89949E003	3,89627E003	3,89435E003	3,89443E003	3,89737E003	3,90107E003	3,90347E003	3,90552E003	3,90481E003	3,90354E003	3,90204E003	3,90054E003	3,89908E003	3,89744E003	3,89629E003	
3,89690E003	3,89703E003	3,89749E003	3,89813E003	3,89799E003	3,89718E003	3,89695E003	3,89773E003	3,89993E003	3,90054E003	3,89976E003	3,89887E003	3,89858E003	3,89961E003	3,89945E003	3,89765E003	3,89733E003	3,89718E003	3,89796E003	3,89832E003	3,89816E003	3,89809E003	3,89821E003	3,89942E003	3,90006E003	3,90032E003	3,90157E003	3,90211E003	3,90363E003	3,90613E003	3,90885E003	3,91133E003	3,91146E003	3,90895E003	3,90531E003	3,90074E003	3,89728E003	3,89496E003	3,89457E003	3,89762E003	3,90130E003	3,90353E003	3,90494E003	3,90360E003	3,90234E003	3,90072E003	3,89933E003	3,89779E003	3,89646E003	
3,89718E003	3,89753E003	3,89798E003	3,89865E003	3,89815E003	3,89745E003	3,89783E003	3,89958E003	3,90058E003	3,90008E003	3,89929E003	3,89961E003	3,90019E003	3,89913E003	3,89780E003	3,89761E003	3,89828E003	3,89887E003	3,89865E003	3,89852E003	3,89905E003	3,90002E003	3,90016E003	3,90099E003	3,90152E003	3,90276E003	3,90512E003	3,90794E003	3,91014E003	3,90932E003	3,90624E003	3,90229E003	3,89827E003	3,89580E003	3,89486E003	3,89797E003	3,90152E003	3,90356E003	3,90393E003	3,90236E003	3,90100E003	3,89959E003	3,89813E003	3,89670E003	
3,89752E003	3,89812E003	3,89863E003	3,89905E003	3,89810E003	3,89815E003	3,89926E003	3,90052E003	3,90026E003	3,89974E003	3,90047E003	3,90036E003	3,89871E003	3,89805E003	3,89856E003	3,89934E003	3,89916E003	3,89896E003	3,89980E003	3,90022E003	3,90037E003	3,90101E003	3,90193E003	3,90413E003	3,90711E003	3,90857E003	3,90657E003	3,90346E003	3,89945E003	3,89676E003	3,89546E003	3,89832E003	3,90171E003	3,90327E003	3,90263E003	3,90132E003	3,89985E003	3,89849E003	3,89719E003	
3,89788E003	3,89866E003	3,89948E003	3,89891E003	3,89850E003	3,89918E003	3,90063E003	3,90031E003	3,90076E003	3,90086E003	3,89942E003	3,89836E003	3,89899E003	3,89973E003	3,89937E003	3,89996E003	3,90029E003	3,90049E003	3,90077E003	3,90243E003	3,90520E003	3,90721E003	3,90503E003	3,90191E003	3,89835E003	3,89620E003	3,89784E003	3,90146E003	3,90267E003	3,90171E003	3,90033E003	3,89894E003	3,89768E003	
3,89833E003	3,89931E003	3,89980E003	3,89885E003	3,89913E003	3,90073E003	3,90083E003	3,90134E003	3,90005E003	3,89861E003	3,89942E003	3,89985E003	3,90012E003	3,90037E003	3,90028E003	3,90083E003	3,90326E003	3,90580E003	3,90357E003	3,90048E003	3,89756E003	3,89749E003	3,90121E003	3,90197E003	3,90082E003	3,89943E003	3,89830E003	
3,89899E003	3,90003E003	3,89948E003	3,89899E003	3,90088E003	3,90186E003	3,90061E003	3,89886E003	3,89986E003	3,90029E003	3,90038E003	3,90007E003	3,90158E003	3,90420E003	3,90210E003	3,89945E003	3,89797E003	3,90090E003	3,90134E003	3,90012E003	3,89891E003	
3,89971E003	3,90003E003	3,89909E003	3,90188E003	3,90106E003	3,89905E003	3,90037E003	3,90049E003	3,90045E003	3,90239E003	3,90085E003	3,89911E003	3,90018E003	3,90076E003	3,89958E003	
3,90020E003	3,89974E003	3,90141E003	3,89960E003	3,90038E003	3,90086E003	3,90031E003	3,89994E003	3,90043E003	
3,20955E003	3,20955E003	3,20955E003	
