40 80 86
3,90971E003	3,91030E003	3,91010E003	
3,90969E003	3,90925E003	3,90953E003	3,91003E003	3,91085E003	3,91071E003	3,91107E003	3,91009E003	3,90939E003	
3,90873E003	3,90963E003	3,90990E003	3,90836E003	3,90828E003	3,91024E003	3,91038E003	3,91052E003	3,91167E003	3,91153E003	3,91103E003	3,91159E003	3,90987E003	3,90933E003	3,90939E003	
3,90848E003	3,90828E003	3,90998E003	3,91025E003	3,90848E003	3,90658E003	3,90771E003	3,91024E003	3,91042E003	3,91001E003	3,91025E003	3,91172E003	3,91271E003	3,91247E003	3,91210E003	3,91159E003	3,91084E003	3,90977E003	3,90971E003	3,90963E003	3,90909E003	
3,90819E003	3,90771E003	3,90829E003	3,91029E003	3,91042E003	3,90877E003	3,90654E003	3,90538E003	3,90766E003	3,91005E003	3,91036E003	3,90998E003	3,90972E003	3,91009E003	3,91165E003	3,91312E003	3,91359E003	3,91375E003	3,91339E003	3,91200E003	3,91087E003	3,91034E003	3,90981E003	3,91016E003	3,91041E003	3,90934E003	3,90886E003	
3,90786E003	3,90753E003	3,90734E003	3,90832E003	3,91036E003	3,91050E003	3,90903E003	3,90674E003	3,90509E003	3,90473E003	3,90749E003	3,90961E003	3,91013E003	3,90972E003	3,90947E003	3,90944E003	3,91003E003	3,91159E003	3,91306E003	3,91447E003	3,91468E003	3,91506E003	3,91488E003	3,91316E003	3,91062E003	3,91017E003	3,90998E003	3,90998E003	3,91063E003	3,91105E003	3,91025E003	3,90914E003	3,90866E003	
3,90767E003	3,90742E003	3,90690E003	3,90729E003	3,90840E003	3,91023E003	3,91044E003	3,90916E003	3,90710E003	3,90505E003	3,89403E003	3,90455E003	3,90717E003	3,90900E003	3,90981E003	3,90933E003	3,90912E003	3,90912E003	3,90921E003	3,91003E003	3,91150E003	3,91304E003	3,91475E003	3,91562E003	3,91602E003	3,91647E003	3,91646E003	3,91446E003	3,91133E003	3,90967E003	3,90968E003	3,90971E003	3,91019E003	3,91100E003	3,91165E003	3,91121E003	3,91002E003	3,90900E003	3,90850E003	
3,90746E003	3,90718E003	3,90672E003	3,90658E003	3,90726E003	3,90851E003	3,91002E003	3,91022E003	3,90890E003	3,90683E003	3,90467E003	3,87883E003	3,86948E003	3,90519E003	3,90735E003	3,90874E003	3,90931E003	3,90879E003	3,90860E003	3,90865E003	3,90886E003	3,90922E003	3,91088E003	3,91234E003	3,91394E003	3,91571E003	3,91675E003	3,91734E003	3,91785E003	3,91821E003	3,91673E003	3,91355E003	3,91043E003	3,90900E003	3,90923E003	3,90949E003	3,91012E003	3,91132E003	3,91222E003	3,91219E003	3,91114E003	3,90988E003	3,90889E003	3,90835E003	
3,90731E003	3,90690E003	3,90660E003	3,90621E003	3,90635E003	3,90721E003	3,90850E003	3,90977E003	3,90990E003	3,90857E003	3,90657E003	3,90442E003	3,86694E003	3,84929E003	3,87903E003	3,90557E003	3,90717E003	3,90848E003	3,90862E003	3,90823E003	3,90803E003	3,90811E003	3,90842E003	3,90875E003	3,91010E003	3,91171E003	3,91323E003	3,91497E003	3,91667E003	3,91782E003	3,91863E003	3,91924E003	3,91980E003	3,91909E003	3,91609E003	3,91240E003	3,90946E003	3,90835E003	3,90878E003	3,90928E003	3,90998E003	3,91165E003	3,91256E003	3,91307E003	3,91227E003	3,91111E003	3,90976E003	3,90882E003	3,90822E003	
3,90723E003	3,90673E003	3,90652E003	3,90602E003	3,90579E003	3,90629E003	3,90711E003	3,90832E003	3,90947E003	3,90957E003	3,90823E003	3,90633E003	3,90319E003	3,85826E003	3,83451E003	3,84416E003	3,89228E003	3,90567E003	3,90678E003	3,90810E003	3,90791E003	3,90763E003	3,90743E003	3,90754E003	3,90791E003	3,90834E003	3,90919E003	3,91097E003	3,91249E003	3,91412E003	3,91602E003	3,91759E003	3,91885E003	3,91985E003	3,92048E003	3,92108E003	3,92103E003	3,91863E003	3,91484E003	3,91129E003	3,90852E003	3,90776E003	3,90834E003	3,90901E003	3,90976E003	3,91183E003	3,91291E003	3,91375E003	3,91335E003	3,91230E003	3,91106E003	3,90968E003	3,90878E003	3,90813E003	
3,90714E003	3,90661E003	3,90639E003	3,90582E003	3,90544E003	3,90552E003	3,90621E003	3,90701E003	3,90826E003	3,90926E003	3,90907E003	3,90757E003	3,90553E003	3,88490E003	3,83920E003	3,81671E003	3,82461E003	3,86360E003	3,90462E003	3,90571E003	3,90693E003	3,90753E003	3,90703E003	3,90692E003	3,90678E003	3,90710E003	3,90757E003	3,90811E003	3,90918E003	3,91106E003	3,91264E003	3,91425E003	3,91624E003	3,91793E003	3,91947E003	3,92077E003	3,92167E003	3,92228E003	3,92289E003	3,92196E003	3,91885E003	3,91472E003	3,91102E003	3,90813E003	3,90710E003	3,90774E003	3,90855E003	3,90932E003	3,91146E003	3,91307E003	3,91402E003	3,91445E003	3,91351E003	3,91240E003	3,91111E003	3,90966E003	3,90876E003	3,90806E003	
3,90709E003	3,90655E003	3,90619E003	3,90571E003	3,90529E003	3,90499E003	3,90547E003	3,90598E003	3,90680E003	3,90821E003	3,90897E003	3,90853E003	3,90689E003	3,90487E003	3,86932E003	3,82346E003	3,80325E003	3,80964E003	3,84225E003	3,88475E003	3,90478E003	3,90569E003	3,90685E003	3,90662E003	3,90634E003	3,90615E003	3,90624E003	3,90669E003	3,90731E003	3,90794E003	3,90922E003	3,91112E003	3,91274E003	3,91432E003	3,91635E003	3,91815E003	3,91980E003	3,92131E003	3,92255E003	3,92323E003	3,92391E003	3,92428E003	3,92250E003	3,91870E003	3,91454E003	3,91072E003	3,90776E003	3,90647E003	3,90710E003	3,90801E003	3,90899E003	3,91083E003	3,91309E003	3,91424E003	3,91510E003	3,91472E003	3,91360E003	3,91244E003	3,91114E003	3,90964E003	3,90875E003	3,90801E003	
3,90710E003	3,90656E003	3,90605E003	3,90566E003	3,90526E003	3,90469E003	3,90481E003	3,90531E003	3,90577E003	3,90674E003	3,90811E003	3,90865E003	3,90788E003	3,90630E003	3,90430E003	3,85734E003	3,81236E003	3,79451E003	3,79952E003	3,82846E003	3,85808E003	3,89455E003	3,90463E003	3,90583E003	3,90615E003	3,90576E003	3,90568E003	3,90554E003	3,90585E003	3,90635E003	3,90708E003	3,90781E003	3,90927E003	3,91116E003	3,91281E003	3,91433E003	3,91637E003	3,91828E003	3,91992E003	3,92157E003	3,92315E003	3,92409E003	3,92474E003	3,92540E003	3,92505E003	3,92265E003	3,91838E003	3,91429E003	3,91042E003	3,90741E003	3,90594E003	3,90651E003	3,90742E003	3,90859E003	3,91014E003	3,91269E003	3,91430E003	3,91525E003	3,91569E003	3,91477E003	3,91369E003	3,91246E003	3,91113E003	3,90963E003	3,90876E003	3,90798E003	
3,90711E003	3,90652E003	3,90591E003	3,90562E003	3,90519E003	3,90453E003	3,90433E003	3,90474E003	3,90499E003	3,90556E003	3,90699E003	3,90807E003	3,90832E003	3,90695E003	3,90526E003	3,88017E003	3,83593E003	3,79437E003	3,78314E003	3,79864E003	3,82191E003	3,84641E003	3,87754E003	3,89488E003	3,90512E003	3,90550E003	3,90519E003	3,90507E003	3,90493E003	3,90517E003	3,90570E003	3,90644E003	3,90720E003	3,90842E003	3,91018E003	3,91210E003	3,91372E003	3,91539E003	3,91764E003	3,91933E003	3,92104E003	3,92281E003	3,92445E003	3,92532E003	3,92603E003	3,92666E003	3,92623E003	3,92374E003	3,91944E003	3,91514E003	3,91113E003	3,90774E003	3,90558E003	3,90574E003	3,90662E003	3,90781E003	3,90927E003	3,91165E003	3,91403E003	3,91526E003	3,91614E003	3,91600E003	3,91493E003	3,91385E003	3,91257E003	3,91119E003	3,90965E003	3,90876E003	3,90795E003	
3,90712E003	3,90653E003	3,90590E003	3,90563E003	3,90518E003	3,90451E003	3,89742E003	3,90272E003	3,90446E003	3,90471E003	3,90574E003	3,90724E003	3,90799E003	3,90757E003	3,90609E003	3,90436E003	3,85952E003	3,81474E003	3,78358E003	3,77633E003	3,80207E003	3,81903E003	3,83716E003	3,86270E003	3,87783E003	3,90449E003	3,90489E003	3,90470E003	3,90455E003	3,90440E003	3,90458E003	3,90512E003	3,90580E003	3,90663E003	3,90767E003	3,90934E003	3,91122E003	3,91297E003	3,91462E003	3,91649E003	3,91867E003	3,92030E003	3,92206E003	3,92389E003	3,92553E003	3,92634E003	3,92709E003	3,92770E003	3,92719E003	3,92464E003	3,92036E003	3,91595E003	3,91191E003	3,90820E003	3,90569E003	3,90503E003	3,90581E003	3,90696E003	3,90845E003	3,91045E003	3,91310E003	3,91512E003	3,91615E003	3,91674E003	3,91610E003	3,91502E003	3,91393E003	3,91262E003	3,91121E003	3,90967E003	3,90876E003	3,90794E003	
3,90716E003	3,90659E003	3,90594E003	3,90558E003	3,90524E003	3,90459E003	3,89372E003	3,89297E003	3,89936E003	3,90190E003	3,90467E003	3,90612E003	3,90737E003	3,90784E003	3,90682E003	3,90527E003	3,88506E003	3,84505E003	3,80197E003	3,78108E003	3,77955E003	3,80834E003	3,81867E003	3,83100E003	3,85048E003	3,86418E003	3,89491E003	3,90439E003	3,90328E003	3,89957E003	3,89454E003	3,89853E003	3,90460E003	3,90524E003	3,90610E003	3,90702E003	3,90853E003	3,91026E003	3,91219E003	3,91380E003	3,91539E003	3,91761E003	3,91946E003	3,92111E003	3,92289E003	3,92478E003	3,92638E003	3,92715E003	3,92788E003	3,92846E003	3,92787E003	3,92533E003	3,92119E003	3,91667E003	3,91265E003	3,90881E003	3,90594E003	3,90456E003	3,90510E003	3,90617E003	3,90758E003	3,90944E003	3,91189E003	3,91443E003	3,91590E003	3,91682E003	3,91695E003	3,91610E003	3,91502E003	3,91392E003	3,91262E003	3,91120E003	3,90967E003	3,90876E003	3,90795E003	
3,90718E003	3,90664E003	3,90596E003	3,90552E003	3,90526E003	3,90461E003	3,89250E003	3,88506E003	3,88990E003	3,88967E003	3,89587E003	3,90517E003	3,90669E003	3,90757E003	3,90717E003	3,90578E003	3,90157E003	3,86091E003	3,82019E003	3,78513E003	3,77967E003	3,79625E003	3,81607E003	3,81650E003	3,83210E003	3,84046E003	3,86256E003	3,88724E003	3,89141E003	3,88940E003	3,88668E003	3,88208E003	3,88875E003	3,90436E003	3,90506E003	3,90594E003	3,90694E003	3,90859E003	3,91030E003	3,91222E003	3,91385E003	3,91547E003	3,91761E003	3,91954E003	3,92117E003	3,92295E003	3,92492E003	3,92672E003	3,92762E003	3,92839E003	3,92910E003	3,92890E003	3,92697E003	3,92339E003	3,91864E003	3,91446E003	3,91043E003	3,90697E003	3,90473E003	3,90429E003	3,90514E003	3,90640E003	3,90812E003	3,91030E003	3,91291E003	3,91528E003	3,91650E003	3,91722E003	3,91717E003	3,91617E003	3,91508E003	3,91399E003	3,91267E003	3,91124E003	3,90971E003	3,90876E003	3,90794E003	
3,90718E003	3,90665E003	3,90595E003	3,90545E003	3,90527E003	3,90460E003	3,89075E003	3,87997E003	3,88151E003	3,88044E003	3,88103E003	3,90454E003	3,90619E003	3,90721E003	3,90722E003	3,90595E003	3,90441E003	3,86835E003	3,82923E003	3,79252E003	3,78150E003	3,79160E003	3,81504E003	3,81636E003	3,81898E003	3,82828E003	3,84054E003	3,86812E003	3,87848E003	3,87879E003	3,87684E003	3,87087E003	3,87414E003	3,88971E003	3,90444E003	3,90535E003	3,90632E003	3,90772E003	3,90947E003	3,91127E003	3,91307E003	3,91478E003	3,91647E003	3,91885E003	3,92050E003	3,92222E003	3,92415E003	3,92618E003	3,92775E003	3,92856E003	3,92933E003	3,92985E003	3,92905E003	3,92644E003	3,92226E003	3,91751E003	3,91333E003	3,90933E003	3,90608E003	3,89833E003	3,89688E003	3,90502E003	3,90643E003	3,90842E003	3,91080E003	3,91346E003	3,91578E003	3,91694E003	3,91755E003	3,91734E003	3,91632E003	3,91521E003	3,91410E003	3,91277E003	3,91132E003	3,90976E003	3,90874E003	3,90793E003	
3,90720E003	3,90669E003	3,90599E003	3,90543E003	3,90533E003	3,90466E003	3,89205E003	3,87831E003	3,87705E003	3,87527E003	3,87123E003	3,89599E003	3,90574E003	3,90687E003	3,90720E003	3,90619E003	3,90464E003	3,87863E003	3,84353E003	3,80508E003	3,78754E003	3,79285E003	3,81953E003	3,82319E003	3,81627E003	3,82270E003	3,82643E003	3,85142E003	3,86752E003	3,87151E003	3,87214E003	3,86614E003	3,86408E003	3,87581E003	3,89478E003	3,90479E003	3,90571E003	3,90690E003	3,90869E003	3,91039E003	3,91227E003	3,91394E003	3,91562E003	3,91769E003	3,91967E003	3,92131E003	3,92311E003	3,92520E003	3,92716E003	3,92836E003	3,92921E003	3,93001E003	3,93003E003	3,92861E003	3,92544E003	3,92087E003	3,91633E003	3,91216E003	3,90825E003	3,90529E003	3,88358E003	3,89270E003	3,90502E003	3,90657E003	3,90880E003	3,91128E003	3,91395E003	3,91618E003	3,91728E003	3,91772E003	3,91738E003	3,91635E003	3,91524E003	3,91413E003	3,91280E003	3,91136E003	3,90980E003	3,90873E003	3,90792E003	
3,90725E003	3,90675E003	3,90609E003	3,90547E003	3,90546E003	3,90480E003	3,89661E003	3,88011E003	3,87677E003	3,87406E003	3,86667E003	3,88476E003	3,90525E003	3,90659E003	3,90717E003	3,90647E003	3,90498E003	3,89123E003	3,85798E003	3,82111E003	3,79885E003	3,79810E003	3,82626E003	3,83457E003	3,82426E003	3,82107E003	3,82227E003	3,84206E003	3,86006E003	3,86478E003	3,86681E003	3,86670E003	3,86097E003	3,86735E003	3,88518E003	3,90436E003	3,90526E003	3,90630E003	3,90786E003	3,90958E003	3,91127E003	3,91306E003	3,91473E003	3,91638E003	3,91867E003	3,92032E003	3,92197E003	3,92386E003	3,92601E003	3,92779E003	3,92873E003	3,92954E003	3,93024E003	3,92971E003	3,92768E003	3,92403E003	3,91937E003	3,91506E003	3,91101E003	3,90732E003	3,90461E003	3,87509E003	3,89243E003	3,90514E003	3,90684E003	3,90924E003	3,91172E003	3,91436E003	3,91646E003	3,91748E003	3,91770E003	3,91729E003	3,91626E003	3,91517E003	3,91408E003	3,91276E003	3,91134E003	3,90980E003	3,90871E003	3,90792E003	
3,90728E003	3,90678E003	3,90614E003	3,90548E003	3,90555E003	3,90489E003	3,89983E003	3,88255E003	3,87709E003	3,87378E003	3,86424E003	3,88096E003	3,90511E003	3,90653E003	3,90714E003	3,90653E003	3,90504E003	3,89599E003	3,86477E003	3,82994E003	3,80873E003	3,81103E003	3,83863E003	3,84517E003	3,83219E003	3,82392E003	3,82320E003	3,84202E003	3,85766E003	3,86225E003	3,86635E003	3,86646E003	3,86035E003	3,86691E003	3,88504E003	3,90436E003	3,90526E003	3,90631E003	3,90792E003	3,90963E003	3,91127E003	3,91305E003	3,91469E003	3,91637E003	3,91856E003	3,92021E003	3,92184E003	3,92375E003	3,92593E003	3,92771E003	3,92871E003	3,92954E003	3,93022E003	3,92960E003	3,92756E003	3,92387E003	3,91928E003	3,91495E003	3,91090E003	3,90722E003	3,90453E003	3,86982E003	3,88627E003	3,90496E003	3,90671E003	3,90922E003	3,91172E003	3,91434E003	3,91648E003	3,91749E003	3,91764E003	3,91723E003	3,91623E003	3,91515E003	3,91406E003	3,91276E003	3,91137E003	3,90982E003	3,90868E003	3,90790E003	
3,90728E003	3,90679E003	3,90616E003	3,90549E003	3,90562E003	3,90493E003	3,90175E003	3,88518E003	3,87776E003	3,87325E003	3,86374E003	3,88377E003	3,90526E003	3,90673E003	3,90714E003	3,90640E003	3,90492E003	3,89500E003	3,86214E003	3,83183E003	3,81891E003	3,83182E003	3,85369E003	3,85205E003	3,83462E003	3,82514E003	3,82950E003	3,85110E003	3,85643E003	3,86414E003	3,86988E003	3,86281E003	3,86298E003	3,87623E003	3,89375E003	3,90480E003	3,90572E003	3,90707E003	3,90888E003	3,91047E003	3,91218E003	3,91384E003	3,91552E003	3,91751E003	3,91936E003	3,92096E003	3,92273E003	3,92490E003	3,92696E003	3,92825E003	3,92917E003	3,92994E003	3,92982E003	3,92829E003	3,92498E003	3,92055E003	3,91598E003	3,91180E003	3,90800E003	3,90495E003	3,87379E003	3,87367E003	3,90448E003	3,90617E003	3,90872E003	3,91132E003	3,91388E003	3,91622E003	3,91739E003	3,91758E003	3,91720E003	3,91626E003	3,91518E003	3,91409E003	3,91279E003	3,91142E003	3,90986E003	3,90865E003	3,90786E003	
3,90731E003	3,90682E003	3,90622E003	3,90560E003	3,90573E003	3,90505E003	3,90436E003	3,89016E003	3,88198E003	3,87488E003	3,86783E003	3,89147E003	3,90556E003	3,90696E003	3,90721E003	3,90627E003	3,90489E003	3,89683E003	3,86494E003	3,84043E003	3,83244E003	3,85671E003	3,87015E003	3,85975E003	3,84167E003	3,83193E003	3,84487E003	3,85995E003	3,86036E003	3,87128E003	3,87507E003	3,86772E003	3,87250E003	3,88904E003	3,90445E003	3,90532E003	3,90636E003	3,90804E003	3,90973E003	3,91127E003	3,91300E003	3,91458E003	3,91635E003	3,91833E003	3,91996E003	3,92159E003	3,92362E003	3,92583E003	3,92747E003	3,92846E003	3,92934E003	3,92967E003	3,92847E003	3,92577E003	3,92160E003	3,91706E003	3,91276E003	3,90889E003	3,90559E003	3,88383E003	3,86547E003	3,89807E003	3,90572E003	3,90815E003	3,91088E003	3,91332E003	3,91580E003	3,91718E003	3,91743E003	3,91706E003	3,91617E003	3,91511E003	3,91403E003	3,91275E003	3,91142E003	3,90987E003	3,90860E003	3,90783E003	
3,90737E003	3,90689E003	3,90633E003	3,90577E003	3,90589E003	3,90524E003	3,90460E003	3,89819E003	3,88937E003	3,88034E003	3,87675E003	3,90386E003	3,90597E003	3,90719E003	3,90731E003	3,90618E003	3,90507E003	3,90290E003	3,87235E003	3,85352E003	3,85315E003	3,88082E003	3,88625E003	3,86927E003	3,85017E003	3,84569E003	3,86139E003	3,86905E003	3,87512E003	3,88540E003	3,88059E003	3,87834E003	3,88908E003	3,90429E003	3,90508E003	3,90594E003	3,90729E003	3,90903E003	3,91050E003	3,91200E003	3,91363E003	3,91524E003	3,91715E003	3,91881E003	3,92035E003	3,92215E003	3,92435E003	3,92625E003	3,92746E003	3,92839E003	3,92904E003	3,92825E003	3,92615E003	3,92232E003	3,91799E003	3,91366E003	3,90981E003	3,90635E003	3,89694E003	3,86454E003	3,89065E003	3,90533E003	3,90763E003	3,91046E003	3,91276E003	3,91523E003	3,91686E003	3,91717E003	3,91680E003	3,91597E003	3,91493E003	3,91388E003	3,91264E003	3,91136E003	3,90985E003	3,90856E003	3,90781E003	
3,90740E003	3,90695E003	3,90641E003	3,90594E003	3,90603E003	3,90539E003	3,90480E003	3,90435E003	3,89674E003	3,88565E003	3,88809E003	3,90496E003	3,90665E003	3,90750E003	3,90730E003	3,90590E003	3,90509E003	3,89996E003	3,87504E003	3,86602E003	3,88758E003	3,90198E003	3,89320E003	3,86996E003	3,85575E003	3,86887E003	3,87930E003	3,88059E003	3,89438E003	3,89440E003	3,88901E003	3,89732E003	3,90451E003	3,90526E003	3,90607E003	3,90738E003	3,90909E003	3,91052E003	3,91193E003	3,91353E003	3,91514E003	3,91692E003	3,91854E003	3,92004E003	3,92193E003	3,92414E003	3,92586E003	3,92700E003	3,92794E003	3,92821E003	3,92693E003	3,92416E003	3,92014E003	3,91579E003	3,91165E003	3,90801E003	3,90504E003	3,87908E003	3,87535E003	3,90465E003	3,90659E003	3,90949E003	3,91186E003	3,91433E003	3,91630E003	3,91687E003	3,91652E003	3,91588E003	3,91482E003	3,91376E003	3,91260E003	3,91132E003	3,90985E003	3,90851E003	3,90779E003	
3,90742E003	3,90699E003	3,90644E003	3,90612E003	3,90613E003	3,90554E003	3,90499E003	3,90452E003	3,90306E003	3,89188E003	3,90439E003	3,90591E003	3,90744E003	3,90771E003	3,90671E003	3,90570E003	3,90488E003	3,89487E003	3,88346E003	3,89855E003	3,90471E003	3,90447E003	3,88562E003	3,86809E003	3,88167E003	3,88965E003	3,89241E003	3,90441E003	3,90405E003	3,90210E003	3,90456E003	3,90505E003	3,90578E003	3,90668E003	3,90832E003	3,90986E003	3,91120E003	3,91271E003	3,91421E003	3,91600E003	3,91758E003	3,91907E003	3,92083E003	3,92303E003	3,92490E003	3,92618E003	3,92717E003	3,92743E003	3,92610E003	3,92322E003	3,91921E003	3,91484E003	3,91077E003	3,90724E003	3,90460E003	3,87235E003	3,88855E003	3,90533E003	3,90780E003	3,91068E003	3,91293E003	3,91531E003	3,91647E003	3,91632E003	3,91576E003	3,91480E003	3,91371E003	3,91261E003	3,91132E003	3,90990E003	3,90846E003	3,90775E003	
3,90746E003	3,90705E003	3,90652E003	3,90636E003	3,90629E003	3,90577E003	3,90523E003	3,90479E003	3,90447E003	3,90437E003	3,90531E003	3,90710E003	3,90794E003	3,90763E003	3,90636E003	3,90566E003	3,90471E003	3,90296E003	3,90450E003	3,90526E003	3,90509E003	3,90429E003	3,88325E003	3,89707E003	3,90171E003	3,90437E003	3,90491E003	3,90475E003	3,90474E003	3,90511E003	3,90566E003	3,90636E003	3,90754E003	3,90919E003	3,91053E003	3,91178E003	3,91328E003	3,91500E003	3,91648E003	3,91799E003	3,91957E003	3,92174E003	3,92372E003	3,92513E003	3,92616E003	3,92641E003	3,92507E003	3,92212E003	3,91818E003	3,91381E003	3,90991E003	3,90656E003	3,90434E003	3,87460E003	3,90436E003	3,90626E003	3,90921E003	3,91167E003	3,91402E003	3,91591E003	3,91603E003	3,91553E003	3,91468E003	3,91361E003	3,91255E003	3,91130E003	3,90994E003	3,90842E003	3,90772E003	
3,90752E003	3,90715E003	3,90664E003	3,90663E003	3,90651E003	3,90606E003	3,90554E003	3,90518E003	3,90483E003	3,90507E003	3,90641E003	3,90791E003	3,90824E003	3,90719E003	3,90636E003	3,90547E003	3,90491E003	3,90498E003	3,90583E003	3,90575E003	3,90496E003	3,90119E003	3,90466E003	3,90469E003	3,90494E003	3,90549E003	3,90529E003	3,90539E003	3,90572E003	3,90631E003	3,90703E003	3,90852E003	3,90994E003	3,91107E003	3,91245E003	3,91390E003	3,91534E003	3,91683E003	3,91826E003	3,92028E003	3,92235E003	3,92386E003	3,92493E003	3,92518E003	3,92382E003	3,92086E003	3,91708E003	3,91278E003	3,90912E003	3,90603E003	3,90166E003	3,88767E003	3,90512E003	3,90752E003	3,91043E003	3,91259E003	3,91482E003	3,91563E003	3,91513E003	3,91454E003	3,91346E003	3,91241E003	3,91122E003	3,90996E003	3,90847E003	3,90770E003	
3,90757E003	3,90723E003	3,90685E003	3,90689E003	3,90674E003	3,90634E003	3,90581E003	3,90542E003	3,90529E003	3,90614E003	3,90787E003	3,90851E003	3,90782E003	3,90688E003	3,90604E003	3,90550E003	3,90569E003	3,90645E003	3,90624E003	3,90524E003	3,90489E003	3,90528E003	3,90526E003	3,90585E003	3,90595E003	3,90585E003	3,90610E003	3,90659E003	3,90721E003	3,90859E003	3,90998E003	3,91099E003	3,91230E003	3,91379E003	3,91505E003	3,91649E003	3,91807E003	3,92021E003	3,92200E003	3,92336E003	3,92413E003	3,92328E003	3,92080E003	3,91711E003	3,91298E003	3,90925E003	3,90621E003	3,90439E003	3,89706E003	3,90562E003	3,90839E003	3,91107E003	3,91317E003	3,91504E003	3,91496E003	3,91434E003	3,91342E003	3,91233E003	3,91124E003	3,91000E003	3,90854E003	3,90767E003	
3,90763E003	3,90737E003	3,90712E003	3,90721E003	3,90705E003	3,90664E003	3,90612E003	3,90585E003	3,90618E003	3,90760E003	3,90868E003	3,90843E003	3,90744E003	3,90665E003	3,90613E003	3,90646E003	3,90709E003	3,90671E003	3,90555E003	3,90569E003	3,90575E003	3,90601E003	3,90658E003	3,90646E003	3,90659E003	3,90693E003	3,90745E003	3,90869E003	3,91001E003	3,91092E003	3,91213E003	3,91363E003	3,91470E003	3,91606E003	3,91783E003	3,91989E003	3,92156E003	3,92268E003	3,92242E003	3,92041E003	3,91706E003	3,91314E003	3,90940E003	3,90646E003	3,90466E003	3,90446E003	3,90629E003	3,90923E003	3,91161E003	3,91368E003	3,91466E003	3,91402E003	3,91337E003	3,91226E003	3,91122E003	3,91002E003	3,90863E003	3,90767E003	
3,90773E003	3,90753E003	3,90744E003	3,90759E003	3,90743E003	3,90691E003	3,90645E003	3,90642E003	3,90731E003	3,90874E003	3,90885E003	3,90805E003	3,90727E003	3,90677E003	3,90723E003	3,90767E003	3,90712E003	3,90609E003	3,90642E003	3,90638E003	3,90699E003	3,90713E003	3,90713E003	3,90733E003	3,90773E003	3,90882E003	3,91003E003	3,91083E003	3,91193E003	3,91326E003	3,91427E003	3,91564E003	3,91755E003	3,91940E003	3,92092E003	3,92126E003	3,91982E003	3,91682E003	3,91328E003	3,90956E003	3,90675E003	3,90501E003	3,90495E003	3,90711E003	3,90998E003	3,91206E003	3,91389E003	3,91377E003	3,91314E003	3,91220E003	3,91115E003	3,91004E003	3,90875E003	3,90773E003	
3,90785E003	3,90766E003	3,90773E003	3,90797E003	3,90773E003	3,90710E003	3,90691E003	3,90741E003	3,90883E003	3,90913E003	3,90845E003	3,90767E003	3,90737E003	3,90809E003	3,90808E003	3,90698E003	3,90688E003	3,90685E003	3,90739E003	3,90766E003	3,90768E003	3,90786E003	3,90828E003	3,90953E003	3,91045E003	3,91116E003	3,91252E003	3,91332E003	3,91465E003	3,91652E003	3,91837E003	3,91989E003	3,91965E003	3,91746E003	3,91438E003	3,91063E003	3,90764E003	3,90559E003	3,90516E003	3,90739E003	3,91026E003	3,91221E003	3,91358E003	3,91299E003	3,91227E003	3,91118E003	3,91014E003	3,90893E003	3,90781E003	
3,90801E003	3,90799E003	3,90807E003	3,90836E003	3,90792E003	3,90740E003	3,90764E003	3,90877E003	3,90934E003	3,90884E003	3,90815E003	3,90832E003	3,90876E003	3,90814E003	3,90735E003	3,90731E003	3,90777E003	3,90819E003	3,90817E003	3,90831E003	3,90901E003	3,91008E003	3,91067E003	3,91173E003	3,91253E003	3,91368E003	3,91545E003	3,91736E003	3,91866E003	3,91775E003	3,91515E003	3,91186E003	3,90851E003	3,90633E003	3,90550E003	3,90774E003	3,91052E003	3,91233E003	3,91296E003	3,91214E003	3,91127E003	3,91024E003	3,90910E003	3,90793E003	
3,90821E003	3,90838E003	3,90853E003	3,90869E003	3,90799E003	3,90800E003	3,90871E003	3,90947E003	3,90915E003	3,90867E003	3,90917E003	3,90916E003	3,90814E003	3,90777E003	3,90812E003	3,90867E003	3,90866E003	3,90876E003	3,90966E003	3,91037E003	3,91093E003	3,91179E003	3,91273E003	3,91439E003	3,91639E003	3,91717E003	3,91544E003	3,91280E003	3,90949E003	3,90716E003	3,90604E003	3,90810E003	3,91076E003	3,91221E003	3,91212E003	3,91136E003	3,91033E003	3,90929E003	3,90821E003	
3,90843E003	3,90873E003	3,90913E003	3,90866E003	3,90836E003	3,90879E003	3,90967E003	3,90931E003	3,90959E003	3,90970E003	3,90880E003	3,90813E003	3,90855E003	3,90909E003	3,90902E003	3,90971E003	3,91033E003	3,91090E003	3,91149E003	3,91286E003	3,91479E003	3,91597E003	3,91412E003	3,91148E003	3,90852E003	3,90671E003	3,90783E003	3,91062E003	3,91183E003	3,91147E003	3,91060E003	3,90955E003	3,90852E003	
3,90871E003	3,90916E003	3,90938E003	3,90871E003	3,90887E003	3,90985E003	3,90985E003	3,91024E003	3,90941E003	3,90844E003	3,90896E003	3,90935E003	3,90977E003	3,91030E003	3,91066E003	3,91137E003	3,91315E003	3,91474E003	3,91287E003	3,91026E003	3,90784E003	3,90766E003	3,91047E003	3,91137E003	3,91083E003	3,90984E003	3,90891E003	
3,90914E003	3,90966E003	3,90923E003	3,90887E003	3,91008E003	3,91081E003	3,90998E003	3,90872E003	3,90938E003	3,90984E003	3,91024E003	3,91042E003	3,91169E003	3,91339E003	3,91161E003	3,90936E003	3,90811E003	3,91027E003	3,91094E003	3,91027E003	3,90931E003	
3,90962E003	3,90968E003	3,90900E003	3,91099E003	3,91048E003	3,90893E003	3,90988E003	3,91026E003	3,91058E003	3,91191E003	3,91052E003	3,90906E003	3,90980E003	3,91054E003	3,90976E003	
3,90995E003	3,90952E003	3,91088E003	3,90940E003	3,91015E003	3,91062E003	3,91002E003	3,90971E003	3,91027E003	
3,20955E003	3,20955E003	3,20955E003	
