40 80 50
-26116318200,3617 -26116464197,0051 -26116582553,1441 
-26116304809,9083 -26116074034,5912 -26116019763,9401 -26116174468,9796 -26116462045,3245 -26116739564,8483 -26116877983,0866 -26116821182,0472 -26116597933,3242 
-26116301042,3927 -26116032371,832 -26115829443,883 -26115732747,1451 -26115764806,9677 -26115922448,9681 -26116175780,2613 -26116475101,8662 -26116763403,4071 -26116989698,187 -26117118591,6246 -26117133930,5022 -26117037537,0216 -26116845932,7171 -26116587578,2473 
-26116282939,0562 -26116013885,3805 -26115775319,7701 -26115590966,651 -26115481410,153 -26115460804,3334 -26115534079,7464 -26115695428,2163 -26115928574,7193 -26116208897,0865 -26116506971,154 -26116792754,7144 -26117039493,0954 -26117226569,6881 -26117340883,6059 -26117376789,8733 -26117335032,8008 -26117221312,3637 -26117045086,2547 -26116818954,3709 -26116558602,2568 
-26116244300,1975 -26115985187,5324 -26115742470,4011 -26115530356,298 -26115362772,4868 -26115252085,0073 -26115207723,3126 -26115234935,4358 -26115333897,4451 -26115499354,4353 -26115720886,7496 -26115983790,7214 -26116270458,6128 -26116562058,457 -26116840267,836 -26117088815,2637 -26117294628,2848 -26117448468,7371 -26117545035,6904 -26117582614,5571 -26117562426,7458 -26117487872,9539 -26117363857,8864 -26117196337,4698 -26116992153,043 -26116759128,4172 -26116506325,4437 
-26116180135,5757 -26115935763,3655 -26115701368,393 -26115485860,9891 -26115298467,2442 -26115148189,6542 -26115043162,3282 -26114989969,825 -26114993009,6989 -26115053979,0118 -26115171554,1536 -26115341312,6161 -26115555917,6062 -26115805555,283 -26116078584,1764 -26116362331,1066 -26116643951,0996 -26116911262,649 -26117153474,9789 -26117361739,8961 -26117529485,0869 -26117652514,8683 -26117728894,3445 -26117758659,4787 -26117743415,1216 -26117685892,9369 -26117589540,2347 -26117458199,34 -26117295917,1711 -26117106899,2926 -26116895595,7251 -26116666881,3319 -26116426275,3709 
-26116086715,4931 -26115859988,8768 -26115640169,826 -26115433043,1414 -26115244787,7261 -26115081732,7138 -26114950043,9463 -26114855364,3198 -26114802437,8966 -26114794751,16 -26114834224,9758 -26114920987,6456 -26115053253,1602 -26115227319,9945 -26115437695,3593 -26115677338,7749 -26115938008,2348 -26116210683,1418 -26116486031,5051 -26116754885,2639 -26117008687,3776 -26117239877,523 -26117442189,5154 -26117610842,286 -26117742616,5101 -26117835819,7575 -26117890153,237 -26117906501,8136 -26117886675,1531 -26117833130,9871 -26117748711,3285 -26117636419,0723 -26117499256,187 -26117340136,3344 -26117161875,1719 -26116967251,8145 -26116759126,0302 -26116540588,6585 -26116315118,2481 
-26115948933,3439 -26115732370,7253 -26115521805,4834 -26115321454,2838 -26115135917,8781 -26114970045,1297 -26114828747,4603 -26114716774,5331 -26114638465,8116 -26114597495,3453 -26114596628,4939 -26114637509,1881 -26114720494,7294 -26114844552,1582 -26115007226,1069 -26115204683,0972 -26115431831,8445 -26115682513,6967 -26115949752,3066 -26116226047,3862 -26116503694,2769 -26116775109,3098 -26117033140,6813 -26117271345,8356 -26117484219,0263 -26117667356,61 -26117817552,392 -26117932820,6184 -26118012349,5701 -26118056393,7384 -26118066116,8525 -26118043401,2554 -26117990641,0356 -26117910536,7838 -26117805908,8345 -26117679543,4711 -26117534083,0348 -26117371966,4796 -26117195422,0408 -26117006508,7353 -26116807198,8104 -26116599489,3847 -26116385528,7096 -26116167740,9575 
-26115775571,0973 -26115573967,2787 -26115378078,6852 -26115190949,1064 -26115015960,6918 -26114856758,1617 -26114717138,4958 -26114600911,2121 -26114511736,5928 -26114452951,0031 -26114427389,6656 -26114437217,8059 -26114483780,9418 -26114567484,2363 -26114687709,3415 -26114842775,1001 -26115029945,9841 -26115245489,3873 -26115484780,0211 -26115742446,8841 -26116012555,7494 -26116288818,0069 -26116564815,148 -26116834227,2785 -26117091053,8535 -26117329815,3575 -26117545725,8714 -26117734828,2833 -26117894086,2211 -26118021429,4273 -26118115752,1252 -26118176866,7328 -26118205417,8991 -26118202764,1014 -26118170835,8018 -26118111980,3124 -26118028803,9943 -26117924022,1818 -26117800326,3167 -26117660276,246 -26117506223,6078 -26117340269,8232 -26117164259,6047 -26116979808,2551 -26116788358,5381 -26116591260,7339 -26116389867,7747 -26116185636,2279 -26115980223,4062 
-26115637211,0177 -26115457618,6586 -26115272244,9474 -26115103552,3583 -26114936606,8099 -26114773181,1184 -26114614296,4743 -26114491763,5641 -26114406173,4156 -26114362472,773 -26114339067,5626 -26114361169,1006 -26114404808,1798 -26114462000,173 -26114536094,426 -26114595577,9065 -26114676639,2451 -26114806219,0563 -26114987350,5124 -26115226478,1255 -26115502479,2382 -26115804549,3578 -26116122264,8359 -26116382017,6284 -26116639367,2398 -26116884641,5118 -26117129648,8574 -26117391545,3985 -26117631432,4321 -26117851261,6621 -26118027679,0323 -26118153091,4365 -26118235298,0432 -26118275247,9432 -26118290772,3476 -26118290469,6942 -26118262336,1196 -26118224804,6928 -26118146262,8936 -26118047780,8865 -26117942828,8829 -26117822941,8581 -26117694496,3339 -26117551644,7948 -26117410617,4898 -26117324753,1093 -26117192854,7632 -26117009313,754 -26116815272,0129 -26116618230,7158 -26116409318,7745 -26116170387,4526 -26115957547,9977 -26115787566,9577 
-26115524952,9327 -26115352406,5924 -26115195370,1607 -26115008380,4534 -26114828731,8572 -26114677137,5549 -26114546293,528 -26114452276,57 -26114365431,4775 -26114295105,7609 -26114309642,4228 -26114346855,7374 -26114389969,0013 -26114451437,6629 -26114460906,3144 -26114475938,913 -26114521981,0101 -26114597992,78 -26114702532,4086 -26114841531,5992 -26115041502,8921 -26115272233,4825 -26115538752,7393 -26115838008,7508 -26116137806,7081 -26116451109,6109 -26116790176,0102 -26117072475,5664 -26117343923,7528 -26117610666,2458 -26117855196,9503 -26118042725,1846 -26118207028,3339 -26118340466,382 -26118427173,196 -26118477105,1219 -26118482706,9869 -26118428948,7207 -26118322302,2918 -26118210208,9534 -26118104884,2213 -26117999372,1229 -26117905472,9392 -26117805914,8232 -26117677452,8769 -26117554464,8872 -26117523150,6877 -26117442724,8736 -26117294308,5847 -26117138894,7215 -26117007681,1333 -26116880327,2389 -26116744308,4865 -26116593684,0628 -26116418536,636 -26116238771,8091 -26116034587,2336 -26115772804,9314 
-26115645500,5658 -26115293149,8396 -26115056804,8355 -26114882236,8892 -26114734231,281 -26114570905,1469 -26114467205,109 -26114397279,487 -26114365254,3485 -26114367779,4961 -26114370397,4502 -26114359404,3373 -26114389151,2193 -26114414529,8578 -26114397550,8395 -26114408727,5878 -26114447631,0322 -26114513465,1953 -26114605091,6016 -26114721059,909 -26114859643,6716 -26115013975,4133 -26115165237,5996 -26115364336,9511 -26115561641,4794 -26115814262,9896 -26116123861,7666 -26116495844,9627 -26116866321,9938 -26117251216,5671 -26117558872,2595 -26117793310,8342 -26117995664,532 -26118187253,8248 -26118352331,597 -26118485744,9145 -26118585087,9896 -26118627715,4023 -26118622612,8854 -26118555060,8852 -26118457707,3387 -26118317351,2743 -26118156456,5416 -26117997978,0455 -26117861896,557 -26117722057,1474 -26117596161,292 -26117567496,378 -26117539156,2145 -26117447441,4278 -26117285034,0972 -26117130893,5975 -26117002883,1847 -26116913723,9145 -26116838526,4841 -26116783074,1161 -26116698885,3377 -26116609750,7233 -26116525497,7652 -26116388417,9754 -26116195986,4329 -26115947763,9845 
-26115819526,75 -26115488477,2543 -26115114187,1934 -26114777505,1679 -26114584453,4119 -26114495382,4494 -26114408848,5524 -26114335112,2589 -26114327790,8666 -26114367398,3058 -26114410922,6108 -26114449816,5831 -26114488098,7231 -26114408199,914 -26114361108,7454 -26114376454,18 -26114416342,4679 -26114480119,1595 -26114566841,8583 -26114675301,9387 -26114804050,7856 -26114946864,656 -26115066812,289 -26115187564,5593 -26115295409,261 -26115427513,0886 -26115615085,6601 -26115873386,3725 -26116198871,0776 -26116554175,0789 -26116934761,1007 -26117302771,9332 -26117636307,854 -26117917417,3768 -26118121588,4545 -26118304610,3462 -26118467092,4549 -26118604671,1947 -26118691871,2926 -26118738136,2087 -26118725029,967 -26118650498,8356 -26118545617,0916 -26118425801,4385 -26118300563,6707 -26118125212,1234 -26117929174,3098 -26117729560,09 -26117561584,0089 -26117527361,2947 -26117468354,1683 -26117363537,6227 -26117209247,6765 -26117045012,9856 -26116916179,2746 -26116843413,4074 -26116784334,9777 -26116745879,714 -26116709131,9425 -26116680709,2027 -26116728932,5196 -26116709759,1656 -26116635438,6436 -26116510600,5063 -26116332984,7942 -26116102145,0743 
-26115962724,7197 -26115647612,6359 -26115289108,8932 -26114893480,8637 -26114528779,199 -26114365309,8585 -26114266158,9027 -26114278703,5504 -26114282538,9652 -26114308472,2231 -26114358877,0859 -26114449366,8858 -26114473560,7115 -26114435728,0594 -26114401837,2242 -26114368388,8553 -26114396912,9586 -26114472574,7942 -26114569069,8901 -26114685232,2186 -26114819681,3188 -26114957469,0974 -26115069203,1506 -26115176612,4491 -26115262424,9775 -26115346778,3562 -26115449884,4264 -26115622250,5328 -26115866438,2832 -26116125677,4464 -26116430927,1967 -26116788768,4558 -26117126960,6263 -26117451933,8157 -26117784291,9838 -26118121563,0134 -26118342977,0038 -26118518843,2619 -26118661704,9708 -26118763695,9279 -26118827959,1031 -26118820448,1073 -26118773958,6845 -26118703073,0584 -26118602921,7254 -26118471319,3925 -26118319161,1349 -26118160486,9441 -26117958096,3909 -26117726744,9202 -26117613522,7513 -26117516159,5277 -26117362109,0622 -26117120057,9976 -26116936379,0508 -26116796346,5592 -26116709449,9751 -26116648905,6567 -26116622228,5517 -26116613010,6136 -26116612218,6089 -26116656854,3056 -26116715328,8003 -26116755810,0342 -26116778782,3965 -26116721494,0758 -26116609510,2113 -26116445774,0346 -26116229770,28 
-26116084192,8752 -26115790328,3216 -26115453819,8816 -26115123243,3335 -26114764776,7314 -26114376911,2291 -26114217484,9218 -26114179852,1823 -26114230131,6469 -26114261086,7028 -26114316274,4973 -26114395498,0008 -26114391724,7798 -26114407646,7486 -26114429592,8577 -26114453767,2994 -26114476431,3703 -26114494039,9337 -26114599541,906 -26114727351,4319 -26114871394,5973 -26115009034,4237 -26115118424,8462 -26115218790,6694 -26115291370,921 -26115358233,632 -26115440038,9059 -26115574731,7034 -26115735850,1894 -26115900547,9056 -26116135644,2692 -26116391251,9893 -26116647669,9455 -26116936139,2363 -26117254573,1317 -26117592882,9355 -26117914230,6638 -26118237626,6883 -26118541106,5144 -26118682149,4928 -26118793106,1118 -26118869934,9205 -26118867569,8323 -26118847022,5287 -26118806130,51 -26118739714,0547 -26118643141,8175 -26118512522,1887 -26118347945,0839 -26118161245,4194 -26117967708,6531 -26117864700,9961 -26117715323,8047 -26117482599,0459 -26117183495,5667 -26116913331,3966 -26116673320,3179 -26116519793,0081 -26116451353,9342 -26116432395,8515 -26116416056,8918 -26116430755,446 -26116469438,4169 -26116571980,9494 -26116667739,3701 -26116737155,9126 -26116767735,6143 -26116781161,2512 -26116773580,8114 -26116676188,7859 -26116528936,0593 -26116331264,0456 
-26116180286,3935 -26115911774,1461 -26115639411,1796 -26115340823,1608 -26115004863,9519 -26114675905,6385 -26114359674,1208 -26114176069,6705 -26114141040,8287 -26114190385,7256 -26114281207,38 -26114301037,5285 -26114289387,3021 -26114323117,2016 -26114399182,564 -26114479568,9242 -26114560328,4429 -26114637614,5683 -26114707800,8875 -26114789037,4754 -26114946730,3014 -26115087019,9886 -26115199209,9481 -26115298449,914 -26115365652,9914 -26115421964,2071 -26115489089,365 -26115598265,1301 -26115740101,5646 -26115881951,069 -26116032005,1392 -26116193279,388 -26116394682,7879 -26116583070,4157 -26116791198,268 -26117064125,0768 -26117379877,9318 -26117697815,7504 -26118019570,6906 -26118326116,8386 -26118606674,271 -26118785220,2263 -26118858432,3933 -26118870011,3366 -26118870791,6155 -26118855423,183 -26118818716,8217 -26118755828,9261 -26118662438,3768 -26118534910,2616 -26118372177,7564 -26118171313,5386 -26118059914,4182 -26117958591,7361 -26117757286,7294 -26117421735,9583 -26117050404,0254 -26116721734,1041 -26116466391,4201 -26116295125,4854 -26116189043,7431 -26116158125,3731 -26116188770,6941 -26116224131,8127 -26116295742,8706 -26116439595,2374 -26116565839,6615 -26116659472,9999 -26116730000,3032 -26116764990,3729 -26116768546,4459 -26116754515,3908 -26116709819,8341 -26116580849,5946 -26116404061,2471 
-26116245754,8749 -26116030450,0223 -26115792308,713 -26115510941,3569 -26115215990,6758 -26114938946,7682 -26114645939,5851 -26114341429,9314 -26114138057,8765 -26114121351,5201 -26114176285,2943 -26114178632,7757 -26114187470,3149 -26114231815,2981 -26114310666,5828 -26114447645,4275 -26114586379,356 -26114722704,0708 -26114852619,8501 -26114972400,3557 -26115080410,2606 -26115196463,8635 -26115313612,1654 -26115414763,6312 -26115471093,6607 -26115527026,4137 -26115590518,1621 -26115705239,8027 -26115835214,4291 -26115962164,636 -26116096751,3569 -26116237002,459 -26116373108,4747 -26116467087,8904 -26116631990,5291 -26116831186,0662 -26117054450,0131 -26117332558,3888 -26117645919,3021 -26117962736,8123 -26118249555,1075 -26118513762,359 -26118758268,529 -26118853861,1852 -26118875281,4413 -26118886258,9785 -26118881532,7641 -26118855965,5015 -26118804715,2015 -26118723400,6319 -26118608256,0004 -26118456270,5022 -26118293912,4033 -26118229253,0552 -26118059950,2718 -26117816476,7722 -26117450093,9632 -26117062808,279 -26116682376,3741 -26116355248,6471 -26116153602,9373 -26116009501,8649 -26115922955,9862 -26115911662,8569 -26115964186,5837 -26116097855,0863 -26116248901,9379 -26116393157,3036 -26116525231,1339 -26116627895,4227 -26116699349,0962 -26116744313,6263 -26116747702,6439 -26116725524,3852 -26116686009,5149 -26116606889,4761 -26116449167,5833 
-26116308841,3152 -26116132274,0927 -26115907836,4708 -26115652603,2087 -26115420319,4011 -26115164788,0243 -26114892779,4905 -26114595936,6386 -26114299764,7298 -26114132545,2807 -26114020598,9578 -26114008508,0168 -26114074855,9996 -26114147093,5032 -26114254522,1494 -26114394527,104 -26114591374,8378 -26114788471,8121 -26114979122,6171 -26115160598,6021 -26115294668,48 -26115366658,5661 -26115455836,307 -26115540961,2705 -26115599522,5267 -26115661435,7511 -26115743962,9328 -26115872969,3964 -26115994486,59 -26116110454,8775 -26116239759,8524 -26116361364,127 -26116459629,3274 -26116532364,2615 -26116627020,5589 -26116781021,9 -26116972893,3298 -26117185280,4798 -26117445131,2836 -26117743235,6293 -26118028205,0151 -26118300010,8353 -26118521649,7683 -26118703401,2289 -26118873128,6725 -26118897976,0232 -26118909326,8912 -26118901884,4117 -26118870547,9989 -26118810579,806 -26118717763,4546 -26118588550,6878 -26118489857,2391 -26118430408,0629 -26118262551,9179 -26117949925,3838 -26117553631,3507 -26117173576,7494 -26116785731,8259 -26116438235,2135 -26116140747,0297 -26115913587,9732 -26115782784,3414 -26115710617,1716 -26115698011,562 -26115803208,9239 -26115990486,0002 -26116171139,5566 -26116317733,5494 -26116452338,7725 -26116569996,1878 -26116648908,439 -26116697579,6381 -26116717216,6021 -26116691093,1722 -26116644232,9457 -26116580763,6809 -26116468147,1326 
-26116368926,362 -26116209248,0521 -26116003423,5919 -26115825929,3035 -26115620479,8895 -26115391972,3215 -26115134470,7064 -26114865395,9594 -26114596665,374 -26114234030,8339 -26113967215,7444 -26113902283,9356 -26113951695,6459 -26114082355,3882 -26114217556,459 -26114386134,1407 -26114584975,4495 -26114835927,6832 -26115085773,4942 -26115316450,4699 -26115475137,815 -26115584705,7601 -26115644555,3121 -26115670071,0968 -26115738780,3401 -26115808272,8861 -26115927082,8532 -26116050829,4956 -26116164556,9583 -26116278857,0575 -26116392994,4839 -26116496292,0767 -26116553546,402 -26116614506,2963 -26116695616,7496 -26116796403,4227 -26116916143,705 -26117103081,426 -26117314417,0003 -26117517585,2077 -26117785079,8603 -26118044162,1581 -26118256742,4293 -26118444309,4682 -26118632220,0066 -26118819034,1527 -26118895128,3752 -26118903578,2058 -26118890422,9842 -26118850731,1842 -26118779990,3923 -26118674256,142 -26118635224,0441 -26118586719,639 -26118418340,2891 -26118105272,5315 -26117699516,8462 -26117277238,4215 -26116873435,8321 -26116550487,285 -26116235218,6194 -26115961158,8354 -26115729948,0465 -26115598265,7764 -26115540958,5337 -26115583855,41 -26115713258,9483 -26115881718,2594 -26116074214,6128 -26116233746,7728 -26116368073,7772 -26116486037,6569 -26116582418,1139 -26116633604,4789 -26116656653,3339 -26116648684,9027 -26116594920,8407 -26116525482,8596 -26116458939,7385 
-26116390265,5955 -26116261506,606 -26116134085,6376 -26115986935,766 -26115812078,9648 -26115606120,7685 -26115377631,7574 -26115141851,3664 -26114844755,3922 -26114465387,9328 -26114103852,9155 -26113901612,5691 -26113897999,7879 -26114008896,2639 -26114200755,529 -26114394719,3369 -26114618941,0466 -26114869875,2344 -26115175658,5918 -26115417411,0752 -26115612480,4028 -26115758594,4609 -26115832405,7975 -26115852947,5764 -26115878365,0874 -26115974929,167 -26116108293,6588 -26116227596,8145 -26116334560,3576 -26116447441,8605 -26116546730,7837 -26116621680,2547 -26116655911,2409 -26116706520,8666 -26116774965,6271 -26116852817,871 -26116938351,9772 -26117042883,0027 -26117216761,8524 -26117386288,2914 -26117560218,1441 -26117776235,1645 -26117959620,4876 -26118154647,6818 -26118352412,9608 -26118540849,5456 -26118724837,3151 -26118861660,9147 -26118864075,0431 -26118842512,0514 -26118792326,5828 -26118709334,9785 -26118725784,1756 -26118687953,112 -26118531602,9931 -26118222818,8118 -26117833435,4713 -26117424036,5863 -26116992386,2451 -26116635703,9009 -26116332721,2866 -26116067641,0849 -26115820382,7379 -26115615852,1488 -26115462437,3757 -26115464912,0064 -26115543366,6739 -26115646362,5359 -26115788162,5047 -26115958464,3121 -26116145497,821 -26116276822,0418 -26116392702,4488 -26116489032,1662 -26116556403,6672 -26116582149,3285 -26116579376,1518 -26116541868,6758 -26116476884,0584 -26116443297,0066 
-26116362668,1233 -26116330275,6401 -26116244122,9617 -26116124369,7077 -26115971607,5432 -26115787835,5065 -26115590592,0381 -26115349707,3115 -26114993994,8061 -26114648035,8257 -26114319553,4058 -26114015988,6925 -26113920679,9628 -26113997044,2448 -26114188735,7354 -26114441688,7709 -26114698740,9195 -26114986650,8424 -26115252979,3683 -26115521917,2844 -26115743222,7771 -26115897961,8314 -26115989232,8729 -26116047197,5835 -26116080618,4337 -26116185604,2672 -26116315104,4245 -26116428591,5612 -26116541764,4715 -26116641009,5289 -26116720892,9033 -26116743013,9796 -26116777787,7739 -26116827316,4115 -26116887202,141 -26116949577,2176 -26117029998,9485 -26117121727,4793 -26117210255,907 -26117351781,4436 -26117496512,3985 -26117602499,0107 -26117772838,3143 -26117968866,2217 -26118173119,5294 -26118370757,056 -26118554937,8038 -26118727762,3884 -26118821842,207 -26118799695,3104 -26118748002,2913 -26118771835,4573 -26118782984,6213 -26118675632,5992 -26118421923,5751 -26118061843,1364 -26117671825,0596 -26117257497,8061 -26116887426,5128 -26116527826,5769 -26116222479,698 -26115974974,0366 -26115759560,176 -26115569375,9125 -26115454649,0595 -26115440398,1351 -26115498710,807 -26115582099,5743 -26115687059,7071 -26115831806,6294 -26115998220,4144 -26116167610,9158 -26116283628,4709 -26116381223,4786 -26116456912,7794 -26116498571,5164 -26116501134,1812 -26116475283,5401 -26116468232,9302 -26116424618,2846 
-26116370103,9654 -26116361169,1241 -26116339637,3848 -26116241872,3206 -26116106227,2105 -26115951821,4605 -26115758971,9339 -26115432301,1633 -26115108443,2099 -26114795255,9977 -26114500476,2635 -26114231525,3167 -26114002267,6507 -26114064380,9961 -26114243789,313 -26114538749,4098 -26114852328,7806 -26115130851,1024 -26115391628,0984 -26115648146,1174 -26115865225,9635 -26116022839,0832 -26116145019,4269 -26116248936,462 -26116357453,2053 -26116417571,6975 -26116539136,1413 -26116660119,1538 -26116759548,0259 -26116823882,895 -26116843903,6717 -26116873479,1091 -26116915129,041 -26116959325,1407 -26117009776,8311 -26117076888,623 -26117145236,6494 -26117204274,1369 -26117261873,9229 -26117357537,4457 -26117432110,6864 -26117534599,123 -26117693149,9018 -26117896035,1652 -26118103222,4624 -26118304408,1158 -26118482978,709 -26118645290,902 -26118759635,1495 -26118723491,7088 -26118823527,2399 -26118806164,2617 -26118668029,6948 -26118360843,074 -26118006406,7627 -26117620264,007 -26117230084,7215 -26116874328,7485 -26116542319,5703 -26116221627,0929 -26115954943,6989 -26115749636,5782 -26115582057,6521 -26115519890,8753 -26115474283,1138 -26115461121,0931 -26115520741,5043 -26115603643,3681 -26115705984,43 -26115846420,5604 -26116005350,7091 -26116160608,1587 -26116261447,036 -26116341430,3498 -26116397631,0535 -26116416300,4336 -26116443289,3017 -26116447258,2845 -26116406180,7303 
-26116412104,1077 -26116404594,6855 -26116392661,9467 -26116346115,1756 -26116242497,9385 -26116106938,6349 -26115821324,3016 -26115531708,1507 -26115245778,2518 -26114971279,8148 -26114715812,4012 -26114486629,9474 -26114290448,8 -26114212014,0842 -26114376949,1246 -26114665613,2243 -26114985071,077 -26115259081,9652 -26115518279,5812 -26115734417,1651 -26115948522,3572 -26116136534,7393 -26116313342,3082 -26116481374,9325 -26116598030,5023 -26116667199,7119 -26116750303,0334 -26116853261,9736 -26116906933,0602 -26116928922,1463 -26116956803,7532 -26116993443,0568 -26117024345,7982 -26117064624,8194 -26117119435,3328 -26117163521,9055 -26117202863,7362 -26117239798,16 -26117246595,7193 -26117269391,137 -26117352028,5441 -26117459689,2289 -26117600039,6227 -26117803217,6417 -26118006250,8807 -26118202943,9653 -26118368982,9696 -26118513400,6557 -26118730529,5824 -26118811980,3637 -26118765941,7902 -26118569713,0379 -26118264316,4678 -26117921148,8312 -26117544857,8386 -26117201923,7833 -26116869339,5722 -26116551136,564 -26116254661,4729 -26115985728,5553 -26115764526,7735 -26115660844,1343 -26115608245,6353 -26115550208,3712 -26115507359,3406 -26115494030,2263 -26115552304,9678 -26115631494,5688 -26115727543,6326 -26115859262,0647 -26116005932,5 -26116142332,2387 -26116224679,9725 -26116284685,3688 -26116354951,7594 -26116402773,4015 -26116409514,4915 -26116406945,3966 
-26116463583,7748 -26116462420,8431 -26116440698,8677 -26116423012,3183 -26116374488,6689 -26116139601,9471 -26115894573,5188 -26115646607,2641 -26115403147,366 -26115171674,7915 -26114959501,7686 -26114773569,7667 -26114620256,3962 -26114505196,4131 -26114589435,7503 -26114798515,1545 -26115081507,9641 -26115374930,0444 -26115600876,5047 -26115809908,569 -26116017770,1979 -26116266665,5534 -26116494095,7812 -26116668890,4858 -26116797626,6109 -26116884492,4366 -26116916577,9629 -26116958367,5813 -26116986688,2183 -26117016882,0671 -26117050292,8284 -26117072845,3853 -26117105643,6812 -26117146285,1057 -26117170232,7705 -26117191348,2477 -26117208760,0417 -26117181127,6766 -26117166453,4293 -26117177487,6013 -26117264183,2929 -26117372153,8636 -26117496790,5482 -26117683616,3902 -26117875150,4697 -26118055507,5317 -26118206235,8447 -26118500388,0953 -26118689680,4491 -26118663185,9054 -26118422870,7061 -26118134288,1519 -26117807542,8705 -26117476256,3446 -26117165137,5986 -26116860736,4033 -26116569271,5702 -26116296577,8901 -26116047963,8188 -26115857227,2202 -26115757333,3738 -26115693946,3446 -26115648132,9512 -26115593485,336 -26115552594,5673 -26115536817,2063 -26115590968,4769 -26115663281,6068 -26115749637,5294 -26115868293,7979 -26115998578,7756 -26116113525,6927 -26116199897,0571 -26116291590,9496 -26116352930,1726 -26116381684,6345 -26116432551,349 
-26116509032,9923 -26116522381,9858 -26116509113,2628 -26116491649,6457 -26116344324,7835 -26116161894,551 -26115954482,0687 -26115745794,917 -26115543283,2202 -26115354391,4621 -26115186337,5654 -26115045897,243 -26114939199,756 -26114867614,072 -26114803433,9294 -26114977034,9578 -26115218354,9169 -26115488303,3835 -26115709621,0851 -26115930765,0196 -26116200130,9625 -26116466350,865 -26116687529,8528 -26116868773,6318 -26116992808,618 -26117042255,2866 -26117014112,5164 -26117028459,6923 -26117066048,2102 -26117090217,8418 -26117115345,891 -26117148200,1702 -26117162939,1929 -26117171329,2012 -26117174580,2462 -26117137678,4575 -26117102993,8484 -26117088942,5467 -26117094723,9105 -26117129517,5625 -26117227746,6506 -26117340875,0139 -26117466729,4118 -26117649313,3983 -26117839696,264 -26118154050,1699 -26118352357,5464 -26118433860,4906 -26118352600,0039 -26118091679,7382 -26117790129,2423 -26117498902,0328 -26117213491,3804 -26116931673,9462 -26116659867,5224 -26116404171,6567 -26116170207,4557 -26116022441,1005 -26115911551,194 -26115807387,9238 -26115739227,8865 -26115701512,5571 -26115645855,9443 -26115603204,172 -26115571293,3494 -26115617245,0816 -26115679944,9268 -26115754803,262 -26115856366,0536 -26115981205,5418 -26116133850,1808 -26116225599,1615 -26116292826,5339 -26116395912,8195 -26116464010,698 
-26116550834,9007 -26116582258,7903 -26116582999,7025 -26116437831,5645 -26116302067,6148 -26116180057,5162 -26116012020,7094 -26115841870,3183 -26115680590,0514 -26115535811,214 -26115414828,1597 -26115324354,6572 -26115242798,2318 -26115156001,3437 -26115080024,5813 -26115154934,5608 -26115352619,3539 -26115624949,1908 -26115917260,2058 -26116196302,7439 -26116448650,9244 -26116702755,7446 -26116913150,6926 -26117045530,3858 -26117089273,7463 -26117096110,5318 -26117072187,0867 -26117088773,0504 -26117116816,2365 -26117145203,5477 -26117151029,1612 -26117149027,9995 -26117136889,0133 -26117075668,9394 -26117032750,3596 -26117009092,8441 -26117004459,5064 -26117017431,4755 -26117045462,8717 -26117131882,0219 -26117238164,837 -26117348017,7167 -26117648086,1244 -26117907680,5358 -26118064862,7498 -26118046998,7061 -26117975365,9527 -26117851377,8291 -26117590243,3709 -26117330269,8282 -26117068545,6571 -26116811929,6056 -26116567089,4372 -26116340307,9467 -26116211348,8248 -26116092511,798 -26115980787,1449 -26115879688,608 -26115798474,1346 -26115751118,4563 -26115707057,5906 -26115659578,4135 -26115622676,2368 -26115635884,9449 -26115687239,2499 -26115749687,5932 -26115881105,2628 -26116026557,5325 -26116159701,3548 -26116287818,8767 -26116403385,447 -26116500752,2185 
-26116602305,59 -26116623267,7704 -26116524031,6146 -26116414995,3119 -26116293971,2391 -26116189381,5614 -26116096256,1086 -26115968948,6151 -26115853228,3776 -26115756730,5086 -26115683932,3084 -26115592160,7245 -26115506047,7582 -26115415932,8996 -26115318059,002 -26115315006,6836 -26115538366,6168 -26115853522,7252 -26116161689,2212 -26116429760,6835 -26116669099,8317 -26116871130,004 -26116999098,3993 -26117081865,6176 -26117124824,4782 -26117115148,5197 -26117078462,988 -26117101218,6697 -26117105018,5886 -26117097287,9567 -26117058153,5791 -26116994793,4547 -26116946546,6794 -26116915142,1385 -26116901026,0548 -26116903352,145 -26116920020,4907 -26116947763,752 -26117005173,6715 -26117200124,057 -26117420985,4889 -26117592919,9668 -26117645765,5057 -26117637273,679 -26117570374,4721 -26117493377,689 -26117407343,4054 -26117174054,93 -26116940345,5861 -26116713259,2145 -26116515232,2619 -26116393134,8137 -26116274376,2283 -26116160992,2224 -26116054812,7516 -26115964879,6804 -26115871520,1166 -26115811875,6959 -26115779152,7373 -26115727154,3985 -26115685493,978 -26115666624,3532 -26115740373,3637 -26115838410,7653 -26115943954,7225 -26116111585,0168 -26116298209,7286 -26116425073,1852 -26116521150,8914 
-26116601923,0438 -26116555117,0429 -26116485566,4738 -26116405220,6476 -26116322837,3466 -26116238361,1776 -26116177200,7404 -26116125606,3783 -26116059573,3275 -26115985493,2753 -26115901760,2046 -26115820188,6668 -26115711148,3991 -26115621543,6086 -26115571634,8038 -26115582518,3351 -26115788003,2328 -26116073545,4444 -26116379544,2204 -26116602101,8007 -26116758085,8604 -26116897081,6978 -26117014970,7407 -26117075620,1161 -26117099879,6069 -26117078588,1216 -26117015707,1472 -26117007420,1306 -26116949463,3044 -26116889302,3493 -26116839908,3169 -26116803832,6282 -26116782295,5759 -26116775142,986 -26116780860,2369 -26116796643,0563 -26116884354,2501 -26117047089,046 -26117194949,5946 -26117225986,3439 -26117214714,6681 -26117204852,6222 -26117190347,7726 -26117154681,7817 -26117095058,0637 -26117024275,867 -26116833018,5315 -26116675679,8066 -26116559438,4689 -26116444242,2594 -26116332325,6222 -26116225746,8382 -26116126331,6283 -26116035625,5217 -26115956952,6139 -26115885935,8233 -26115843738,4177 -26115805597,155 -26115782835,3255 -26115792417,4518 -26115850956,9723 -26115967882,5007 -26116111369,8451 -26116279862,8528 -26116439426,292 -26116558817,3922 
-26116523819,7194 -26116497313,6358 -26116461983,3391 -26116414995,1248 -26116364105,1416 -26116320782,3653 -26116285509,2689 -26116266808,5886 -26116218243,6466 -26116144039,5161 -26116039562,0018 -26115945317,9523 -26115889068,9253 -26115880260,501 -26115888186,8854 -26115924617,8816 -26116075518,6253 -26116298613,9953 -26116531006,2883 -26116693989,3428 -26116818304,3124 -26116920775,1478 -26116995554,7979 -26117012074,2405 -26116984473,9096 -26116887143,3495 -26116788011,1686 -26116737703,4362 -26116694741,854 -26116662087,5373 -26116641213,6057 -26116632043,4839 -26116632963,5951 -26116767169,9299 -26116891505,876 -26116937010,0125 -26116902725,6393 -26116881168,1161 -26116851994,877 -26116840355,153 -26116840480,0769 -26116823647,4255 -26116783583,3089 -26116776234,5942 -26116737342,598 -26116626142,2019 -26116515243,5964 -26116407077,0851 -26116303876,3957 -26116207609,7546 -26116119922,4703 -26116042093,1371 -26115975804,2465 -26115927881,8825 -26115938596,8742 -26115940965,2785 -26115973948,2519 -26116045234,7678 -26116172134,9188 -26116297472,0577 -26116439364,8432 -26116513067,6391 
-26116434655,225 -26116463502,8086 -26116454909,0826 -26116442905,6975 -26116434066,6534 -26116417112,9134 -26116388756,7449 -26116347080,1787 -26116288830,0487 -26116222445,7345 -26116176494,0951 -26116154674,114 -26116149717,7001 -26116167406,9319 -26116184930,5279 -26116190089,1232 -26116222390,3826 -26116399000,2384 -26116583992,758 -26116716191,0996 -26116790429,2015 -26116830686,232 -26116814979,044 -26116759172,6593 -26116679501,8041 -26116586987,09 -26116522811,4599 -26116494855,0702 -26116475101,4112 -26116525814,3999 -26116641152,0536 -26116716750,7768 -26116714214,7142 -26116684712,0111 -26116645506,7522 -26116604032,765 -26116582104,4952 -26116556646,7308 -26116539956,1226 -26116590740,6076 -26116633457,0181 -26116650267,859 -26116653713,8379 -26116574554,3283 -26116471475,9615 -26116372858,5113 -26116280801,9497 -26116197037,3597 -26116130491,8243 -26116106235,0357 -26116094874,5423 -26116120630,1683 -26116183121,9817 -26116241055,711 -26116297929,4882 -26116370070,769 -26116388788,9833 -26116406272,786 
-26116394713,9077 -26116416659,3605 -26116451362,5023 -26116473201,6506 -26116466666,8324 -26116438140,4349 -26116398501,0023 -26116370802,9807 -26116362349,8464 -26116361666,3548 -26116379530,4823 -26116370950,9366 -26116356561,063 -26116353812,2943 -26116356059,5216 -26116370481,0089 -26116388201,0789 -26116416641,036 -26116514131,9938 -26116579176,2533 -26116583866,3869 -26116556879,69 -26116516895,9383 -26116465514,8296 -26116403017,2425 -26116395239,6833 -26116436019,7297 -26116488171,3492 -26116506008,8005 -26116505759,8106 -26116506821,9577 -26116494436,6024 -26116469797,4562 -26116435322,3158 -26116423192,7788 -26116426547,5031 -26116448199,9649 -26116463534,7302 -26116493306,0543 -26116511110,0473 -26116509400,8622 -26116492429,6207 -26116430690,3478 -26116361866,9036 -26116312983,918 -26116288452,8381 -26116299412,4206 -26116328789,1329 -26116370340,792 -26116420884,4466 -26116415429,9709 -26116409069,1434 -26116390294,3975 -26116376142,7833 
-26121314768,1144 -26121314768,1144 -26121314768,1144 -26121314768,1144 -26121314768,1144 -26121314768,1144 -26121314768,1144 -26121314768,1144 -26121314768,1144 -26121314768,1144 -26121314768,1144 -26121314768,1144 -26121314768,1144 -26121314768,1144 -26121314768,1144 -26121314768,1144 -26121314768,1144 -26121314768,1144 -26121314768,1144 -26121314768,1144 -26121314768,1144 -26121314768,1144 -26121314768,1144 -26121314768,1144 -26121314768,1144 -26121314768,1144 -26121314768,1144 -26121314768,1144 -26121314768,1144 -26121314768,1144 -26121314768,1144 -26121314768,1144 -26121314768,1144 -26121314768,1144 -26121314768,1144 -26121314768,1144 -26121314768,1144 -26121314768,1144 -26121314768,1144 -26121314768,1144 -26121314768,1144 -26121314768,1144 -26121314768,1144 -26121314768,1144 -26121314768,1144 -26121314768,1144 -26121314768,1144 -26121314768,1144 -26121314768,1144 
-26121314768,1144 -26121314768,1144 -26121314768,1144 -26121314768,1144 -26121314768,1144 -26121314768,1144 -26121314768,1144 -26121314768,1144 -26121314768,1144 -26121314768,1144 -26121314768,1144 -26121314768,1144 -26121314768,1144 -26121314768,1144 -26121314768,1144 -26121314768,1144 -26121314768,1144 -26121314768,1144 -26121314768,1144 -26121314768,1144 -26121314768,1144 -26121314768,1144 -26121314768,1144 -26121314768,1144 -26121314768,1144 -26121314768,1144 -26121314768,1144 -26121314768,1144 -26121314768,1144 -26121314768,1144 -26121314768,1144 -26121314768,1144 -26121314768,1144 -26121314768,1144 -26121314768,1144 -26121314768,1144 -26121314768,1144 -26121314768,1144 -26121314768,1144 -26121314768,1144 -26121314768,1144 -26121314768,1144 -26121314768,1144 -26121314768,1144 
-26121314768,1144 -26121314768,1144 -26121314768,1144 -26121314768,1144 -26121314768,1144 -26121314768,1144 -26121314768,1144 -26121314768,1144 -26121314768,1144 -26121314768,1144 -26121314768,1144 -26121314768,1144 -26121314768,1144 -26121314768,1144 -26121314768,1144 -26121314768,1144 -26121314768,1144 -26121314768,1144 -26121314768,1144 -26121314768,1144 -26121314768,1144 -26121314768,1144 -26121314768,1144 -26121314768,1144 -26121314768,1144 -26121314768,1144 -26121314768,1144 -26121314768,1144 -26121314768,1144 -26121314768,1144 -26121314768,1144 -26121314768,1144 -26121314768,1144 -26121314768,1144 -26121314768,1144 -26121314768,1144 -26121314768,1144 -26121314768,1144 -26121314768,1144 
-26121314768,1144 -26121314768,1144 -26121314768,1144 -26121314768,1144 -26121314768,1144 -26121314768,1144 -26121314768,1144 -26121314768,1144 -26121314768,1144 -26121314768,1144 -26121314768,1144 -26121314768,1144 -26121314768,1144 -26121314768,1144 -26121314768,1144 -26121314768,1144 -26121314768,1144 -26121314768,1144 -26121314768,1144 -26121314768,1144 -26121314768,1144 -26121314768,1144 -26121314768,1144 -26121314768,1144 -26121314768,1144 -26121314768,1144 -26121314768,1144 -26121314768,1144 -26121314768,1144 -26121314768,1144 -26121314768,1144 -26121314768,1144 -26121314768,1144 
-26121314768,1144 -26121314768,1144 -26121314768,1144 -26121314768,1144 -26121314768,1144 -26121314768,1144 -26121314768,1144 -26121314768,1144 -26121314768,1144 -26121314768,1144 -26121314768,1144 -26121314768,1144 -26121314768,1144 -26121314768,1144 -26121314768,1144 -26121314768,1144 -26121314768,1144 -26121314768,1144 -26121314768,1144 -26121314768,1144 -26121314768,1144 -26121314768,1144 -26121314768,1144 -26121314768,1144 -26121314768,1144 -26121314768,1144 -26121314768,1144 
-26121314768,1144 -26121314768,1144 -26121314768,1144 -26121314768,1144 -26121314768,1144 -26121314768,1144 -26121314768,1144 -26121314768,1144 -26121314768,1144 -26121314768,1144 -26121314768,1144 -26121314768,1144 -26121314768,1144 -26121314768,1144 -26121314768,1144 -26121314768,1144 -26121314768,1144 -26121314768,1144 -26121314768,1144 -26121314768,1144 -26121314768,1144 
-26121314768,1144 -26121314768,1144 -26121314768,1144 -26121314768,1144 -26121314768,1144 -26121314768,1144 -26121314768,1144 -26121314768,1144 -26121314768,1144 -26121314768,1144 -26121314768,1144 -26121314768,1144 -26121314768,1144 -26121314768,1144 -26121314768,1144 
-26121314768,1144 -26121314768,1144 -26121314768,1144 -26121314768,1144 -26121314768,1144 -26121314768,1144 -26121314768,1144 -26121314768,1144 -26121314768,1144 
-26121314768,1144 -26121314768,1144 -26121314768,1144 
