40 80 86
3,90953E003	3,91010E003	3,90996E003	
3,90954E003	3,90908E003	3,90923E003	3,90979E003	3,91063E003	3,91055E003	3,91087E003	3,90999E003	3,90929E003	
3,90878E003	3,90946E003	3,90954E003	3,90819E003	3,90812E003	3,90984E003	3,91019E003	3,91043E003	3,91140E003	3,91134E003	3,91092E003	3,91129E003	3,90982E003	3,90927E003	3,90926E003	
3,90856E003	3,90842E003	3,90967E003	3,90975E003	3,90821E003	3,90665E003	3,90756E003	3,90972E003	3,91010E003	3,90994E003	3,91029E003	3,91155E003	3,91241E003	3,91224E003	3,91186E003	3,91133E003	3,91065E003	3,90975E003	3,90960E003	3,90947E003	3,90903E003	
3,90831E003	3,90795E003	3,90836E003	3,90982E003	3,90980E003	3,90839E003	3,90653E003	3,90558E003	3,90743E003	3,90945E003	3,90991E003	3,90978E003	3,90975E003	3,91023E003	3,91159E003	3,91287E003	3,91331E003	3,91341E003	3,91299E003	3,91173E003	3,91070E003	3,91020E003	3,90976E003	3,90998E003	3,91011E003	3,90925E003	3,90884E003	
3,90805E003	3,90777E003	3,90761E003	3,90831E003	3,90978E003	3,90978E003	3,90853E003	3,90663E003	3,90525E003	3,90498E003	3,90720E003	3,90900E003	3,90960E003	3,90944E003	3,90940E003	3,90957E003	3,91024E003	3,91164E003	3,91295E003	3,91416E003	3,91436E003	3,91460E003	3,91429E003	3,91274E003	3,91058E003	3,91008E003	3,90988E003	3,90987E003	3,91036E003	3,91065E003	3,91000E003	3,90911E003	3,90869E003	
3,90789E003	3,90767E003	3,90723E003	3,90748E003	3,90827E003	3,90959E003	3,90966E003	3,90856E003	3,90685E003	3,90516E003	3,90013E003	3,90474E003	3,90687E003	3,90843E003	3,90921E003	3,90901E003	3,90898E003	3,90915E003	3,90943E003	3,91030E003	3,91166E003	3,91305E003	3,91452E003	3,91528E003	3,91560E003	3,91585E003	3,91565E003	3,91387E003	3,91122E003	3,90974E003	3,90962E003	3,90961E003	3,91000E003	3,91065E003	3,91114E003	3,91078E003	3,90985E003	3,90902E003	3,90858E003	
3,90773E003	3,90746E003	3,90705E003	3,90689E003	3,90735E003	3,90824E003	3,90931E003	3,90936E003	3,90825E003	3,90654E003	3,90477E003	3,88506E003	3,87808E003	3,90516E003	3,90696E003	3,90816E003	3,90875E003	3,90849E003	3,90848E003	3,90869E003	3,90908E003	3,90961E003	3,91114E003	3,91252E003	3,91398E003	3,91550E003	3,91639E003	3,91686E003	3,91716E003	3,91724E003	3,91585E003	3,91313E003	3,91047E003	3,90915E003	3,90921E003	3,90939E003	3,90991E003	3,91088E003	3,91160E003	3,91157E003	3,91076E003	3,90977E003	3,90896E003	3,90847E003	
3,90761E003	3,90723E003	3,90693E003	3,90656E003	3,90661E003	3,90720E003	3,90811E003	3,90901E003	3,90902E003	3,90790E003	3,90625E003	3,90450E003	3,87310E003	3,85889E003	3,88280E003	3,90540E003	3,90676E003	3,90789E003	3,90813E003	3,90796E003	3,90795E003	3,90818E003	3,90864E003	3,90916E003	3,91048E003	3,91200E003	3,91344E003	3,91500E003	3,91647E003	3,91746E003	3,91808E003	3,91847E003	3,91872E003	3,91792E003	3,91532E003	3,91219E003	3,90965E003	3,90858E003	3,90879E003	3,90916E003	3,90975E003	3,91110E003	3,91187E003	3,91227E003	3,91168E003	3,91077E003	3,90971E003	3,90892E003	3,90838E003	
3,90755E003	3,90709E003	3,90685E003	3,90638E003	3,90613E003	3,90645E003	3,90701E003	3,90786E003	3,90867E003	3,90866E003	3,90754E003	3,90598E003	3,90128E003	3,86409E003	3,84463E003	3,85247E003	3,89124E003	3,90543E003	3,90641E003	3,90753E003	3,90749E003	3,90740E003	3,90739E003	3,90764E003	3,90814E003	3,90874E003	3,90968E003	3,91136E003	3,91283E003	3,91436E003	3,91604E003	3,91741E003	3,91847E003	3,91925E003	3,91966E003	3,91995E003	3,91965E003	3,91752E003	3,91429E003	3,91124E003	3,90884E003	3,90804E003	3,90838E003	3,90888E003	3,90952E003	3,91120E003	3,91211E003	3,91281E003	3,91253E003	3,91174E003	3,91077E003	3,90967E003	3,90891E003	3,90833E003	
3,90748E003	3,90698E003	3,90672E003	3,90619E003	3,90581E003	3,90580E003	3,90625E003	3,90680E003	3,90769E003	3,90837E003	3,90815E003	3,90691E003	3,90526E003	3,88395E003	3,84635E003	3,82781E003	3,83408E003	3,86554E003	3,90449E003	3,90545E003	3,90648E003	3,90703E003	3,90676E003	3,90680E003	3,90684E003	3,90728E003	3,90789E003	3,90859E003	3,90973E003	3,91150E003	3,91304E003	3,91458E003	3,91636E003	3,91786E003	3,91916E003	3,92020E003	3,92085E003	3,92120E003	3,92144E003	3,92044E003	3,91772E003	3,91421E003	3,91103E003	3,90851E003	3,90750E003	3,90786E003	3,90845E003	3,90910E003	3,91083E003	3,91219E003	3,91301E003	3,91338E003	3,91270E003	3,91186E003	3,91085E003	3,90969E003	3,90892E003	3,90829E003	
3,90746E003	3,90693E003	3,90655E003	3,90607E003	3,90566E003	3,90534E003	3,90562E003	3,90595E003	3,90652E003	3,90753E003	3,90804E003	3,90763E003	3,90629E003	3,90466E003	3,86916E003	3,83163E003	3,81479E003	3,81972E003	3,84600E003	3,88110E003	3,90460E003	3,90540E003	3,90636E003	3,90628E003	3,90618E003	3,90616E003	3,90640E003	3,90696E003	3,90770E003	3,90849E003	3,90980E003	3,91161E003	3,91320E003	3,91474E003	3,91658E003	3,91818E003	3,91960E003	3,92083E003	3,92178E003	3,92222E003	3,92256E003	3,92257E003	3,92089E003	3,91763E003	3,91407E003	3,91078E003	3,90820E003	3,90698E003	3,90731E003	3,90796E003	3,90876E003	3,91027E003	3,91213E003	3,91314E003	3,91387E003	3,91364E003	3,91282E003	3,91194E003	3,91091E003	3,90971E003	3,90894E003	3,90826E003	
3,90747E003	3,90694E003	3,90643E003	3,90602E003	3,90560E003	3,90507E003	3,90508E003	3,90539E003	3,90568E003	3,90637E003	3,90734E003	3,90769E003	3,90703E003	3,90576E003	3,89680E003	3,85766E003	3,82103E003	3,80600E003	3,80973E003	3,83287E003	3,85777E003	3,88852E003	3,90448E003	3,90547E003	3,90579E003	3,90558E003	3,90563E003	3,90566E003	3,90608E003	3,90670E003	3,90754E003	3,90842E003	3,90988E003	3,91169E003	3,91331E003	3,91483E003	3,91669E003	3,91839E003	3,91984E003	3,92120E003	3,92245E003	3,92311E003	3,92347E003	3,92375E003	3,92319E003	3,92101E003	3,91738E003	3,91387E003	3,91053E003	3,90790E003	3,90652E003	3,90680E003	3,90745E003	3,90838E003	3,90966E003	3,91175E003	3,91312E003	3,91397E003	3,91437E003	3,91373E003	3,91294E003	3,91199E003	3,91094E003	3,90973E003	3,90897E003	3,90826E003	
3,90749E003	3,90691E003	3,90632E003	3,90597E003	3,90551E003	3,90491E003	3,90466E003	3,90489E003	3,90503E003	3,90540E003	3,90644E003	3,90721E003	3,90733E003	3,90622E003	3,90486E003	3,87490E003	3,83824E003	3,80466E003	3,79491E003	3,80672E003	3,82577E003	3,84667E003	3,87308E003	3,88919E003	3,90483E003	3,90519E003	3,90503E003	3,90504E003	3,90507E003	3,90543E003	3,90606E003	3,90690E003	3,90781E003	3,90909E003	3,91081E003	3,91265E003	3,91427E003	3,91589E003	3,91791E003	3,91945E003	3,92092E003	3,92236E003	3,92363E003	3,92423E003	3,92462E003	3,92487E003	3,92423E003	3,92197E003	3,91830E003	3,91460E003	3,91115E003	3,90820E003	3,90627E003	3,90619E003	3,90677E003	3,90769E003	3,90890E003	3,91084E003	3,91281E003	3,91390E003	3,91468E003	3,91466E003	3,91391E003	3,91311E003	3,91212E003	3,91102E003	3,90978E003	3,90899E003	3,90826E003	
3,90751E003	3,90692E003	3,90630E003	3,90596E003	3,90549E003	3,90486E003	3,90442E003	3,90447E003	3,90457E003	3,90471E003	3,90544E003	3,90653E003	3,90705E003	3,90667E003	3,90549E003	3,89515E003	3,85655E003	3,81994E003	3,79451E003	3,78818E003	3,80778E003	3,82215E003	3,83806E003	3,85992E003	3,87404E003	3,90095E003	3,90464E003	3,90456E003	3,90453E003	3,90455E003	3,90485E003	3,90548E003	3,90627E003	3,90721E003	3,90836E003	3,91001E003	3,91183E003	3,91356E003	3,91520E003	3,91696E003	3,91892E003	3,92039E003	3,92189E003	3,92336E003	3,92461E003	3,92516E003	3,92556E003	3,92578E003	3,92507E003	3,92276E003	3,91910E003	3,91532E003	3,91182E003	3,90861E003	3,90638E003	3,90565E003	3,90611E003	3,90696E003	3,90817E003	3,90981E003	3,91199E003	3,91370E003	3,91464E003	3,91519E003	3,91479E003	3,91403E003	3,91321E003	3,91220E003	3,91107E003	3,90982E003	3,90902E003	3,90827E003	
3,90755E003	3,90697E003	3,90634E003	3,90592E003	3,90552E003	3,90490E003	3,90165E003	3,89829E003	3,90089E003	3,90126E003	3,90460E003	3,90565E003	3,90655E003	3,90686E003	3,90604E003	3,90480E003	3,87698E003	3,84378E003	3,80888E003	3,79153E003	3,78978E003	3,81184E003	3,82122E003	3,83253E003	3,84945E003	3,86214E003	3,88746E003	3,89830E003	3,89686E003	3,89646E003	3,89610E003	3,90385E003	3,90497E003	3,90571E003	3,90665E003	3,90770E003	3,90922E003	3,91093E003	3,91279E003	3,91442E003	3,91600E003	3,91801E003	3,91970E003	3,92117E003	3,92267E003	3,92417E003	3,92537E003	3,92587E003	3,92625E003	3,92644E003	3,92567E003	3,92336E003	3,91981E003	3,91594E003	3,91245E003	3,90914E003	3,90661E003	3,90530E003	3,90555E003	3,90631E003	3,90741E003	3,90894E003	3,91096E003	3,91307E003	3,91436E003	3,91519E003	3,91540E003	3,91484E003	3,91407E003	3,91325E003	3,91223E003	3,91109E003	3,90985E003	3,90904E003	3,90829E003	
3,90758E003	3,90702E003	3,90635E003	3,90587E003	3,90553E003	3,90491E003	3,89997E003	3,89141E003	3,89263E003	3,89076E003	3,89420E003	3,90490E003	3,90601E003	3,90663E003	3,90628E003	3,90518E003	3,88978E003	3,85615E003	3,82283E003	3,79455E003	3,78930E003	3,80160E003	3,81746E003	3,81945E003	3,83306E003	3,84134E003	3,86007E003	3,88041E003	3,88471E003	3,88478E003	3,88526E003	3,88554E003	3,89567E003	3,90476E003	3,90556E003	3,90654E003	3,90765E003	3,90928E003	3,91098E003	3,91285E003	3,91449E003	3,91611E003	3,91807E003	3,91982E003	3,92130E003	3,92280E003	3,92438E003	3,92575E003	3,92636E003	3,92680E003	3,92710E003	3,92664E003	3,92481E003	3,92168E003	3,91765E003	3,91402E003	3,91054E003	3,90753E003	3,90552E003	3,90497E003	3,90550E003	3,90644E003	3,90781E003	3,90961E003	3,91176E003	3,91375E003	3,91486E003	3,91554E003	3,91561E003	3,91494E003	3,91416E003	3,91333E003	3,91230E003	3,91115E003	3,90989E003	3,90906E003	3,90831E003	
3,90759E003	3,90703E003	3,90634E003	3,90581E003	3,90551E003	3,90487E003	3,89775E003	3,88651E003	3,88511E003	3,88246E003	3,88164E003	3,90382E003	3,90559E003	3,90632E003	3,90629E003	3,90528E003	3,89422E003	3,86155E003	3,82941E003	3,79979E003	3,79015E003	3,79741E003	3,81563E003	3,81803E003	3,82166E003	3,83037E003	3,84145E003	3,86390E003	3,87279E003	3,87419E003	3,87477E003	3,87355E003	3,88070E003	3,89843E003	3,90493E003	3,90591E003	3,90699E003	3,90843E003	3,91016E003	3,91194E003	3,91373E003	3,91544E003	3,91710E003	3,91923E003	3,92076E003	3,92227E003	3,92386E003	3,92545E003	3,92661E003	3,92713E003	3,92752E003	3,92765E003	3,92670E003	3,92433E003	3,92074E003	3,91668E003	3,91305E003	3,90958E003	3,90674E003	3,90494E003	3,90470E003	3,90535E003	3,90642E003	3,90802E003	3,90998E003	3,91219E003	3,91415E003	3,91521E003	3,91582E003	3,91577E003	3,91508E003	3,91429E003	3,91345E003	3,91240E003	3,91124E003	3,90996E003	3,90907E003	3,90831E003	
3,90762E003	3,90707E003	3,90638E003	3,90579E003	3,90556E003	3,90491E003	3,89834E003	3,88478E003	3,88118E003	3,87788E003	3,87357E003	3,89128E003	3,90524E003	3,90605E003	3,90627E003	3,90546E003	3,89974E003	3,86986E003	3,84079E003	3,80978E003	3,79519E003	3,79858E003	3,81900E003	3,82286E003	3,81909E003	3,82541E003	3,82972E003	3,85014E003	3,86335E003	3,86709E003	3,86910E003	3,86731E003	3,86990E003	3,88426E003	3,90443E003	3,90532E003	3,90634E003	3,90761E003	3,90937E003	3,91107E003	3,91292E003	3,91461E003	3,91629E003	3,91822E003	3,92003E003	3,92152E003	3,92305E003	3,92474E003	3,92625E003	3,92710E003	3,92761E003	3,92800E003	3,92772E003	3,92627E003	3,92346E003	3,91956E003	3,91565E003	3,91203E003	3,90864E003	3,90604E003	3,90449E003	3,90454E003	3,90531E003	3,90651E003	3,90831E003	3,91035E003	3,91258E003	3,91447E003	3,91549E003	3,91597E003	3,91583E003	3,91513E003	3,91433E003	3,91349E003	3,91245E003	3,91128E003	3,91000E003	3,90908E003	3,90832E003	
3,90767E003	3,90712E003	3,90646E003	3,90583E003	3,90566E003	3,90502E003	3,90191E003	3,88625E003	3,88104E003	3,87699E003	3,87015E003	3,88282E003	3,90487E003	3,90586E003	3,90626E003	3,90569E003	3,90452E003	3,88061E003	3,85310E003	3,82323E003	3,80506E003	3,80376E003	3,82503E003	3,83215E003	3,82558E003	3,82442E003	3,82662E003	3,84285E003	3,85749E003	3,86159E003	3,86411E003	3,86610E003	3,86526E003	3,87498E003	3,89461E003	3,90485E003	3,90584E003	3,90697E003	3,90853E003	3,91024E003	3,91194E003	3,91372E003	3,91540E003	3,91703E003	3,91910E003	3,92063E003	3,92210E003	3,92367E003	3,92536E003	3,92671E003	3,92734E003	3,92778E003	3,92807E003	3,92735E003	3,92544E003	3,92224E003	3,91827E003	3,91454E003	3,91102E003	3,90782E003	3,90543E003	3,89891E003	3,90448E003	3,90538E003	3,90671E003	3,90865E003	3,91070E003	3,91291E003	3,91471E003	3,91566E003	3,91597E003	3,91578E003	3,91508E003	3,91429E003	3,91346E003	3,91243E003	3,91128E003	3,91002E003	3,90907E003	3,90833E003	
3,90770E003	3,90716E003	3,90651E003	3,90585E003	3,90573E003	3,90509E003	3,90433E003	3,88807E003	3,88128E003	3,87680E003	3,86838E003	3,88006E003	3,90477E003	3,90582E003	3,90625E003	3,90575E003	3,90459E003	3,88498E003	3,85913E003	3,83091E003	3,81362E003	3,81467E003	3,83561E003	3,84130E003	3,83257E003	3,82742E003	3,82796E003	3,84328E003	3,85596E003	3,85981E003	3,86372E003	3,86576E003	3,86459E003	3,87441E003	3,89424E003	3,90484E003	3,90582E003	3,90697E003	3,90857E003	3,91027E003	3,91193E003	3,91370E003	3,91535E003	3,91702E003	3,91901E003	3,92053E003	3,92199E003	3,92357E003	3,92529E003	3,92663E003	3,92730E003	3,92776E003	3,92804E003	3,92725E003	3,92532E003	3,92211E003	3,91818E003	3,91444E003	3,91093E003	3,90773E003	3,90534E003	3,89463E003	3,90202E003	3,90523E003	3,90660E003	3,90863E003	3,91069E003	3,91289E003	3,91472E003	3,91566E003	3,91593E003	3,91574E003	3,91507E003	3,91429E003	3,91346E003	3,91244E003	3,91131E003	3,91005E003	3,90906E003	3,90832E003	
3,90771E003	3,90717E003	3,90653E003	3,90585E003	3,90578E003	3,90512E003	3,90444E003	3,88992E003	3,88173E003	3,87644E003	3,86813E003	3,88239E003	3,90489E003	3,90598E003	3,90626E003	3,90567E003	3,90451E003	3,88464E003	3,85767E003	3,83310E003	3,82223E003	3,83158E003	3,84843E003	3,84801E003	3,83578E003	3,82963E003	3,83377E003	3,85107E003	3,85565E003	3,86174E003	3,86708E003	3,86426E003	3,86839E003	3,88380E003	3,90379E003	3,90530E003	3,90632E003	3,90771E003	3,90948E003	3,91110E003	3,91282E003	3,91450E003	3,91618E003	3,91804E003	3,91975E003	3,92122E003	3,92273E003	3,92447E003	3,92605E003	3,92697E003	3,92753E003	3,92789E003	3,92750E003	3,92598E003	3,92306E003	3,91926E003	3,91533E003	3,91171E003	3,90840E003	3,90573E003	3,89866E003	3,89324E003	3,90485E003	3,90617E003	3,90821E003	3,91035E003	3,91250E003	3,91449E003	3,91556E003	3,91587E003	3,91572E003	3,91509E003	3,91432E003	3,91350E003	3,91247E003	3,91136E003	3,91009E003	3,90904E003	3,90831E003	
3,90774E003	3,90720E003	3,90658E003	3,90594E003	3,90587E003	3,90522E003	3,90457E003	3,89414E003	3,88552E003	3,87841E003	3,87207E003	3,88912E003	3,90515E003	3,90618E003	3,90635E003	3,90560E003	3,90452E003	3,88717E003	3,86112E003	3,84114E003	3,83430E003	3,85246E003	3,86316E003	3,85601E003	3,84321E003	3,83666E003	3,84714E003	3,85934E003	3,85993E003	3,86846E003	3,87270E003	3,87017E003	3,87828E003	3,89664E003	3,90489E003	3,90584E003	3,90697E003	3,90862E003	3,91030E003	3,91189E003	3,91362E003	3,91523E003	3,91695E003	3,91878E003	3,92029E003	3,92172E003	3,92339E003	3,92511E003	3,92633E003	3,92697E003	3,92745E003	3,92743E003	3,92618E003	3,92374E003	3,92014E003	3,91625E003	3,91253E003	3,90917E003	3,90629E003	3,90450E003	3,88831E003	3,90457E003	3,90582E003	3,90776E003	3,90999E003	3,91205E003	3,91414E003	3,91538E003	3,91574E003	3,91559E003	3,91501E003	3,91425E003	3,91345E003	3,91244E003	3,91136E003	3,91010E003	3,90902E003	3,90829E003	
3,90778E003	3,90726E003	3,90667E003	3,90608E003	3,90602E003	3,90538E003	3,90478E003	3,90124E003	3,89232E003	3,88392E003	3,88031E003	3,90009E003	3,90551E003	3,90641E003	3,90647E003	3,90559E003	3,90471E003	3,89363E003	3,86879E003	3,85337E003	3,85250E003	3,87355E003	3,87824E003	3,86601E003	3,85232E003	3,84953E003	3,86211E003	3,86839E003	3,87303E003	3,88129E003	3,87951E003	3,88124E003	3,89421E003	3,90465E003	3,90551E003	3,90647E003	3,90784E003	3,90953E003	3,91105E003	3,91260E003	3,91425E003	3,91585E003	3,91765E003	3,91920E003	3,92059E003	3,92211E003	3,92385E003	3,92529E003	3,92613E003	3,92668E003	3,92694E003	3,92603E003	3,92407E003	3,92075E003	3,91704E003	3,91331E003	3,90995E003	3,90695E003	3,90489E003	3,88914E003	3,90441E003	3,90553E003	3,90736E003	3,90965E003	3,91160E003	3,91368E003	3,91511E003	3,91551E003	3,91537E003	3,91484E003	3,91410E003	3,91332E003	3,91235E003	3,91131E003	3,91008E003	3,90898E003	3,90828E003	
3,90781E003	3,90731E003	3,90674E003	3,90622E003	3,90613E003	3,90552E003	3,90495E003	3,90452E003	3,89902E003	3,88933E003	3,89039E003	3,90482E003	3,90607E003	3,90669E003	3,90652E003	3,90544E003	3,90477E003	3,89291E003	3,87264E003	3,86502E003	3,88119E003	3,89254E003	3,88645E003	3,86945E003	3,85930E003	3,86969E003	3,87817E003	3,87922E003	3,88981E003	3,89119E003	3,89011E003	3,90084E003	3,90482E003	3,90563E003	3,90655E003	3,90788E003	3,90955E003	3,91102E003	3,91250E003	3,91412E003	3,91572E003	3,91740E003	3,91890E003	3,92025E003	3,92183E003	3,92356E003	3,92485E003	3,92562E003	3,92615E003	3,92610E003	3,92480E003	3,92232E003	3,91886E003	3,91513E003	3,91156E003	3,90839E003	3,90579E003	3,90273E003	3,89530E003	3,90503E003	3,90655E003	3,90888E003	3,91086E003	3,91294E003	3,91463E003	3,91524E003	3,91512E003	3,91475E003	3,91400E003	3,91321E003	3,91231E003	3,91128E003	3,91007E003	3,90895E003	3,90826E003	
3,90783E003	3,90734E003	3,90677E003	3,90637E003	3,90622E003	3,90564E003	3,90512E003	3,90468E003	3,90441E003	3,89546E003	3,90446E003	3,90559E003	3,90672E003	3,90691E003	3,90612E003	3,90532E003	3,90466E003	3,89036E003	3,88081E003	3,89202E003	3,90446E003	3,90130E003	3,88366E003	3,87092E003	3,88160E003	3,88816E003	3,89024E003	3,90200E003	3,90077E003	3,90249E003	3,90475E003	3,90533E003	3,90615E003	3,90714E003	3,90873E003	3,91028E003	3,91170E003	3,91324E003	3,91477E003	3,91648E003	3,91797E003	3,91934E003	3,92083E003	3,92258E003	3,92399E003	3,92487E003	3,92546E003	3,92540E003	3,92407E003	3,92151E003	3,91805E003	3,91430E003	3,91078E003	3,90771E003	3,90539E003	3,89662E003	3,90441E003	3,90558E003	3,90754E003	3,90988E003	3,91179E003	3,91380E003	3,91486E003	3,91491E003	3,91461E003	3,91395E003	3,91315E003	3,91230E003	3,91127E003	3,91011E003	3,90891E003	3,90823E003	
3,90786E003	3,90739E003	3,90683E003	3,90656E003	3,90636E003	3,90584E003	3,90534E003	3,90493E003	3,90464E003	3,90453E003	3,90523E003	3,90656E003	3,90717E003	3,90691E003	3,90592E003	3,90535E003	3,90459E003	3,89865E003	3,90419E003	3,90496E003	3,90485E003	3,90069E003	3,88517E003	3,89599E003	3,89996E003	3,90354E003	3,90479E003	3,90472E003	3,90483E003	3,90528E003	3,90591E003	3,90672E003	3,90794E003	3,90954E003	3,91094E003	3,91228E003	3,91381E003	3,91547E003	3,91690E003	3,91830E003	3,91967E003	3,92141E003	3,92292E003	3,92391E003	3,92454E003	3,92448E003	3,92315E003	3,92054E003	3,91714E003	3,91340E003	3,91003E003	3,90711E003	3,90513E003	3,89765E003	3,90488E003	3,90635E003	3,90870E003	3,91075E003	3,91274E003	3,91437E003	3,91463E003	3,91439E003	3,91383E003	3,91305E003	3,91223E003	3,91124E003	3,91013E003	3,90887E003	3,90821E003	
3,90791E003	3,90747E003	3,90694E003	3,90678E003	3,90655E003	3,90611E003	3,90563E003	3,90529E003	3,90499E003	3,90515E003	3,90614E003	3,90725E003	3,90748E003	3,90666E003	3,90599E003	3,90527E003	3,90482E003	3,90486E003	3,90550E003	3,90546E003	3,90489E003	3,90192E003	3,90468E003	3,90472E003	3,90490E003	3,90533E003	3,90524E003	3,90544E003	3,90586E003	3,90654E003	3,90737E003	3,90882E003	3,91024E003	3,91147E003	3,91290E003	3,91436E003	3,91577E003	3,91717E003	3,91843E003	3,92007E003	3,92167E003	3,92276E003	3,92342E003	3,92338E003	3,92204E003	3,91943E003	3,91617E003	3,91250E003	3,90933E003	3,90664E003	3,90499E003	3,90450E003	3,90550E003	3,90739E003	3,90975E003	3,91158E003	3,91346E003	3,91425E003	3,91403E003	3,91367E003	3,91290E003	3,91210E003	3,91116E003	3,91013E003	3,90890E003	3,90819E003	
3,90795E003	3,90754E003	3,90711E003	3,90699E003	3,90675E003	3,90636E003	3,90588E003	3,90553E003	3,90541E003	3,90603E003	3,90732E003	3,90778E003	3,90723E003	3,90648E003	3,90581E003	3,90537E003	3,90550E003	3,90608E003	3,90594E003	3,90520E003	3,90495E003	3,90525E003	3,90524E003	3,90569E003	3,90579E003	3,90581E003	3,90616E003	3,90674E003	3,90748E003	3,90883E003	3,91021E003	3,91135E003	3,91271E003	3,91419E003	3,91545E003	3,91677E003	3,91813E003	3,91983E003	3,92118E003	3,92211E003	3,92249E003	3,92158E003	3,91936E003	3,91618E003	3,91265E003	3,90943E003	3,90678E003	3,90515E003	3,90476E003	3,90594E003	3,90812E003	3,91032E003	3,91211E003	3,91371E003	3,91381E003	3,91347E003	3,91283E003	3,91201E003	3,91115E003	3,91015E003	3,90894E003	3,90817E003	
3,90799E003	3,90765E003	3,90733E003	3,90726E003	3,90702E003	3,90663E003	3,90618E003	3,90593E003	3,90616E003	3,90722E003	3,90802E003	3,90780E003	3,90702E003	3,90638E003	3,90596E003	3,90620E003	3,90668E003	3,90641E003	3,90555E003	3,90567E003	3,90572E003	3,90591E003	3,90635E003	3,90633E003	3,90656E003	3,90700E003	3,90763E003	3,90886E003	3,91018E003	3,91122E003	3,91249E003	3,91396E003	3,91505E003	3,91629E003	3,91776E003	3,91936E003	3,92057E003	3,92127E003	3,92085E003	3,91901E003	3,91611E003	3,91276E003	3,90955E003	3,90698E003	3,90538E003	3,90511E003	3,90650E003	3,90884E003	3,91083E003	3,91258E003	3,91350E003	3,91316E003	3,91274E003	3,91192E003	3,91111E003	3,91014E003	3,90900E003	3,90816E003	
3,90807E003	3,90778E003	3,90759E003	3,90758E003	3,90736E003	3,90690E003	3,90650E003	3,90646E003	3,90712E003	3,90818E003	3,90823E003	3,90759E003	3,90697E003	3,90657E003	3,90690E003	3,90725E003	3,90685E003	3,90608E003	3,90634E003	3,90632E003	3,90677E003	3,90691E003	3,90701E003	3,90732E003	3,90784E003	3,90892E003	3,91014E003	3,91107E003	3,91224E003	3,91355E003	3,91457E003	3,91578E003	3,91733E003	3,91872E003	3,91978E003	3,91985E003	3,91849E003	3,91589E003	3,91284E003	3,90967E003	3,90722E003	3,90568E003	3,90554E003	3,90720E003	3,90950E003	3,91126E003	3,91281E003	3,91289E003	3,91251E003	3,91183E003	3,91102E003	3,91013E003	3,90907E003	3,90820E003	
3,90816E003	3,90789E003	3,90782E003	3,90789E003	3,90763E003	3,90710E003	3,90693E003	3,90729E003	3,90834E003	3,90855E003	3,90799E003	3,90737E003	3,90713E003	3,90768E003	3,90768E003	3,90686E003	3,90679E003	3,90678E003	3,90717E003	3,90741E003	3,90752E003	3,90782E003	3,90835E003	3,90956E003	3,91056E003	3,91141E003	3,91275E003	3,91362E003	3,91481E003	3,91631E003	3,91771E003	3,91875E003	3,91837E003	3,91643E003	3,91376E003	3,91056E003	3,90797E003	3,90618E003	3,90575E003	3,90746E003	3,90977E003	3,91142E003	3,91263E003	3,91233E003	3,91184E003	3,91102E003	3,91019E003	3,90920E003	3,90825E003	
3,90828E003	3,90814E003	3,90809E003	3,90822E003	3,90782E003	3,90740E003	3,90756E003	3,90840E003	3,90881E003	3,90839E003	3,90784E003	3,90797E003	3,90831E003	3,90785E003	3,90726E003	3,90723E003	3,90757E003	3,90790E003	3,90798E003	3,90825E003	3,90900E003	3,91007E003	3,91081E003	3,91191E003	3,91277E003	3,91383E003	3,91526E003	3,91670E003	3,91757E003	3,91666E003	3,91440E003	3,91158E003	3,90871E003	3,90681E003	3,90606E003	3,90778E003	3,91002E003	3,91156E003	3,91220E003	3,91169E003	3,91105E003	3,91025E003	3,90932E003	3,90833E003	
3,90844E003	3,90845E003	3,90847E003	3,90852E003	3,90794E003	3,90793E003	3,90846E003	3,90901E003	3,90873E003	3,90835E003	3,90873E003	3,90874E003	3,90797E003	3,90768E003	3,90794E003	3,90836E003	3,90845E003	3,90868E003	3,90957E003	3,91036E003	3,91107E003	3,91198E003	3,91288E003	3,91423E003	3,91572E003	3,91618E003	3,91464E003	3,91235E003	3,90954E003	3,90751E003	3,90653E003	3,90811E003	3,91026E003	3,91152E003	3,91160E003	3,91109E003	3,91029E003	3,90944E003	3,90855E003	
3,90861E003	3,90872E003	3,90894E003	3,90854E003	3,90828E003	3,90859E003	3,90924E003	3,90895E003	3,90916E003	3,90925E003	3,90857E003	3,90805E003	3,90835E003	3,90879E003	3,90886E003	3,90957E003	3,91028E003	3,91098E003	3,91166E003	3,91283E003	3,91432E003	3,91510E003	3,91349E003	3,91120E003	3,90867E003	3,90711E003	3,90793E003	3,91017E003	3,91125E003	3,91111E003	3,91048E003	3,90964E003	3,90878E003	
3,90883E003	3,90906E003	3,90916E003	3,90862E003	3,90873E003	3,90946E003	3,90946E003	3,90978E003	3,90913E003	3,90836E003	3,90875E003	3,90910E003	3,90958E003	3,91020E003	3,91073E003	3,91146E003	3,91289E003	3,91401E003	3,91238E003	3,91012E003	3,90806E003	3,90784E003	3,91007E003	3,91093E003	3,91062E003	3,90986E003	3,90908E003	
3,90915E003	3,90945E003	3,90908E003	3,90879E003	3,90972E003	3,91031E003	3,90967E003	3,90865E003	3,90915E003	3,90961E003	3,91011E003	3,91048E003	3,91158E003	3,91282E003	3,91128E003	3,90932E003	3,90823E003	3,90993E003	3,91062E003	3,91017E003	3,90939E003	
3,90952E003	3,90948E003	3,90895E003	3,91052E003	3,91016E003	3,90887E003	3,90961E003	3,91009E003	3,91052E003	3,91155E003	3,91031E003	3,90902E003	3,90959E003	3,91032E003	3,90974E003	
3,90977E003	3,90940E003	3,91053E003	3,90929E003	3,90997E003	3,91042E003	3,90984E003	3,90957E003	3,91011E003	
3,20955E003	3,20955E003	3,20955E003	
